CGGTTS     GENERIC DATA FORMAT VERSION = 2E
REV DATE = 2023-12-15                    
RCVR = TRIMBLE NETR9 5049K72188      R2CGGTTS v8.6    
CH = 12 
IMS = TRIMBLE NETR9 5049K72188      
LAB = CEPNT                         
X = -2154293.56 m 
Y = +4373452.74 m 
Z = +4098891.74 m 
FRAME = ITRF
COMMENTS =           no comments                   
TOT DLY =    0.0 ns (BDS B1I),    0.0 ns (BDS B2I)
REF = ITRF10                        
CKSUM = C3

SAT CL  MJD  STTIME TRKL ELV AZTH   REFSV      SRSV     REFSYS    SRSYS  DSG IOE MDTR SMDT MDIO SMDI MSIO SMSI ISG FR HC FRC CK
             hhmmss  s  .1dg .1dg    .1ns     .1ps/s     .1ns    .1ps/s .1ns     .1ns.1ps/s.1ns.1ps/s.1ns.1ps/s.1ns
C06 FF 60303 000600  780 649 2373    -2255872   -199        1075     +3    3   0   89   -1   -3  +14   -3   14   2  0  0 L3B B9
C08 FF 60303 000600  780 713 1743    -1588046   +228        1069    -23    6   0   85   +2   15  +28   15   28   4  0  0 L3B D8
C12 FF 60303 000600  780 100 3042    -8158859   +158         694    +48   31   0  448  +40  -18   -7  -18   -7  20  0  0 L3B 13
C13 FF 60303 000600  780 772 2111    -3996159    -34        1078    +11    5   0   83   +1    2   +8    2    8   3  0  0 L3B 70
C16 FF 60303 000600  780 674 2401    +2442047   +213        1050     +9    3   0   88   -1    4   +9    4    9   2  0  0 L3B 65
C06 FF 60303 002200  780 663 2453    -2256059   -207        1081     -5    3   0   88   -1    5  +17    5   17   2  0  0 L3B 96
C08 FF 60303 002200  780 674 1800    -1587808   +248        1067     -2    4   0   88   +3   27   +8   27    8   3  0  0 L3B AB
C13 FF 60303 002200  780 732 2092    -3996214    -69        1067    -23    3   0   84   +2   20  +23   20   23   2  0  0 L3B AE
C16 FF 60303 002200  780 687 2490    +2442243   +204        1050     +0    6   0   87   -1   16  +12   16   12   4  0  0 L3B A2
C06 FF 60303 003800  780 675 2537    -2256250   -207        1084     -5    5   0   87   -1   20  +22   20   22   3  0  0 L3B B3
C08 FF 60303 003800  780 633 1845    -1587585   +246        1050     -4    5   0   90   +3   49  +12   49   12   3  0  0 L3B C8
C13 FF 60303 003800  780 691 2086    -3996266    -49        1059     -4    8   0   86   +2   35  +12   35   12   5  0  0 L3B C3
C16 FF 60303 003800  780 696 2583    +2442442   +209        1053     +5    5   0   86   +0   26  +12   26   12   4  0  0 L3B B7
C06 FF 60303 005400  780 684 2623    -2256438   -203        1089     -1    4   0   87   +0   28  +13   28   13   2  0  0 L3B BD
C08 FF 60303 005400  780 591 1882    -1587355   +226        1039    -24    4   0   94   +4   63  +21   63   21   3  0  0 L3B D8
C09 FF 60303 005400  780 503 2481    +2620048   +489        1005    -13    4   0  105   -2   62  +31   62   31   3  0  0 L3B CB
C13 FF 60303 005400  780 649 2087    -3996320    -53        1048     -7    7   0   89   +3   52  +20   52   20   4  0  0 L3B B6
C16 FF 60303 005400  780 703 2677    +2442642   +214        1057    +10    3   0   86   +0   36   +6   36    6   2  0  0 L3B A0
C03 FF 60303 011000  780 438 1889    +1433799   -172        1022    +34    4   1  117   +0   61   -8   61   -8   4  0  0 L3B CB
C06 FF 60303 011000  780 690 2709    -2256627   -199        1096     +3    3   1   87   +0   36  +20   36   20   2  0  0 L3B BE
C08 FF 60303 011000  780 548 1912    -1587133   +221        1024    -29    4   1   99   +5   83  +31   83   31   3  0  0 L3B CE
C09 FF 60303 011000  780 513 2537    +2620540   +500        1008     -2    4   1  103   -1   66  +21   66   21   2  0  0 L3B A8
C13 FF 60303 011000  780 606 2090    -3996372    -55        1037    -10    9   1   93   +4   64  +19   64   19   5  0  0 L3B C9
C16 FF 60303 011000  780 707 2770    +2442837   +195        1061     -9    4   1   86   +0   45  +21   45   21   3  0  0 L3B B7
C03 FF 60303 012600  780 436 1889    +1433594   -215        1015     -8    3   1  117   +0   90  +28   90   28   3  0  0 L3B D3
C06 FF 60303 012600  780 695 2794    -2256818   -167        1099    +35    3   1   86   +0   45   -6   45   -6   2  0  0 L3B D9
C08 FF 60303 012600  780 505 1938    -1586899   +219        1018    -31    9   1  105   +7  101  +32  101   32   6  0  0 L3B 09
C09 FF 60303 012600  780 522 2594    +2621020   +488        1006    -14    5   1  102   -1   79  +33   79   33   3  0  0 L3B DB
C13 FF 60303 012600  780 562 2096    -3996429    -61        1022    -15    9   1   97   +5   86  +22   86   22   6  0  0 L3B D8
C16 FF 60303 012600  780 708 2860    +2443028   +213        1057     +9    5   1   86   +0   57   +5   57    5   4  0  0 L3B 9E
C01 FF 60303 014200  780 348 1405    -8809361    -55         997    -49    5   1  141   +0  178  +67  178   67   6  0  0 L3B 08
C03 FF 60303 014200  780 435 1889    +1433371   -211         990     -5    3   1  117   +0  125  +15  125   15   3  0  0 L3B D3
C06 FF 60303 014200  780 698 2876    -2257006   -214        1105    -12    7   1   86   +0   57  +18   57   18   4  0  0 L3B DE
C08 FF 60303 014200  780 461 1960    -1586675   +214        1002    -36    8   1  112   +8  126  +40  126   40   5  0  0 L3B FD
C09 FF 60303 014200  780 530 2650    +2621505   +494        1009     -9    6   1  101   -1   94  +18   94   18   4  0  0 L3B CE
C13 FF 60303 014200  780 518 2102    -3996488    -69        1007    -24    4   1  103   +6  109  +27  109   27   3  0  0 L3B FA
C16 FF 60303 014200  780 709 2946    +2443232   +195        1066     -8    3   1   86   +0   66  +18   66   18   2  0  0 L3B CD
C01 FF 60303 015800  780 347 1405    -8809346    +78        1018    +83    4   1  142   +0  189  -13  189  -13   4  0  0 L3B 10
C02 FF 60303 015800  780 345 2255    -2814759   -329         964     +9    4   1  142   +0  160   +6  160    6   3  0  0 L3B C7
C03 FF 60303 015800  780 434 1888    +1433198   -151        1016    +55    4   1  117   +0  121  -20  121  -20   4  0  0 L3B FC
C06 FF 60303 015800  780 699 2954    -2257194   -196        1110     +6    6   1   86   +0   64  +16   64   16   4  0  0 L3B D8
C08 FF 60303 015800  780 418 1979    -1586464   +201         973    -49   14   1  121  +11  161  +46  161   46   9  0  0 L3B 31
C09 FF 60303 015800  780 537 2704    +2621988   +473        1010    -30    5   1  100   -1  106  +31  106   31   4  0  0 L3B F2
C13 FF 60303 015800  780 474 2108    -3996554    -76         984    -31    5   1  110   +8  138  +33  138   33   3  0  0 L3B FA
C16 FF 60303 015800  780 708 3027    +2443421   +193        1060    -10    4   1   86   +0   82  +21   82   21   3  0  0 L3B BD
C01 FF 60303 021400  780 346 1406    -8809371    -37        1001    -32    5   2  142   +0  213  +27  213   27   2  0  0 L3B DB
C02 FF 60303 021400  780 344 2255    -2815064   -308         980    +29    7   2  143   +0  166   -2  166   -2   5  0  0 L3B DC
C03 FF 60303 021400  780 433 1888    +1432987   -292        1005    -85    3   2  118   +0  149  +67  149   67   2  0  0 L3B 1C
C06 FF 60303 021400  780 701 3029    -2257389   -203        1104     -1    4   2   86   +0   79   +9   79    9   3  0  0 L3B A4
C08 FF 60303 021400  780 374 1996    -1586245   +218         953    -32    8   2  133  +14  191  +37  191   37   5  0  0 L3B 21
C09 FF 60303 021400  780 543 2758    +2622478   +498        1019     -4   10   2   99   -1  110  +10  110   10   7  0  0 L3B EE
C13 FF 60303 021400  780 430 2114    -3996617    -62         966    -16    9   2  118  +10  162  +16  162   16   5  0  0 L3B FA
C16 FF 60303 021400  780 707 3103    +2443625   +198        1071     -5    2   2   86   +0   89  +13   89   13   2  0  0 L3B BF
C01 FF 60303 023000  780 345 1406    -8809352    +34        1025    +40    4   2  142   +0  199  -23  199  -23   3  0  0 L3B F6
C02 FF 60303 023000  780 343 2254    -2815389   -353         978    -15    6   2  143   +0  183  +15  183   15   4  0  0 L3B FB
C03 FF 60303 023000  780 432 1888    +1432782   -173         998    +34    3   2  118   +0  150  -12  150  -12   3  0  0 L3B F8
C06 FF 60303 023000  780 702 3100    -2257581   -197        1105     +5    3   2   86   +0   87   +1   87    1   2  0  0 L3B 8E
C08 FF 60303 023000  780 331 2010    -1586032   +217         926    -33   19   2  147  +17  221  +29  221   29  12  0  0 L3B 1A
C09 FF 60303 023000  780 549 2810    +2622962   +499        1021     -3    3   2   99   -1  121   +8  121    8   2  0  0 L3B BD
C13 FF 60303 023000  780 386 2120    -3996682    -65         945    -20    7   2  129  +13  183  +17  183   17   5  0  0 L3B 07
C16 FF 60303 023000  780 707 3174    +2443812   +190        1063    -13    5   2   86   +0  101  +13  101   13   4  0  0 L3B D2
C01 FF 60303 024600  780 344 1407    -8809377    -67        1006    -61    4   2  143   +0  226  +52  226   52   4  0  0 L3B F5
C02 FF 60303 024600  780 342 2253    -2815712   -303         980    +34    7   2  143   +0  192   -2  192   -2   4  0  0 L3B D1
C03 FF 60303 024600  780 431 1888    +1432591   -206        1006     +1    2   2  118   +0  155   +5  155    5   2  0  0 L3B BD
C06 FF 60303 024600  780 704 3167    -2257779   -194        1099     +7   12   2   86   +0   94   +1   94    1   7  0  0 L3B C9
C09 FF 60303 024600  780 555 2860    +2623440   +514        1017    +12    5   2   98   -1  127   -6  127   -6   4  0  0 L3B DF
C13 FF 60303 024600  780 343 2124    -3996746    -84         925    -38   11   2  143  +16  216  +50  216   50   8  0  0 L3B 15
C16 FF 60303 024600  780 707 3241    +2444007   +208        1062     +4    6   2   86   +0  106   +4  106    4   3  0  0 L3B A8
C01 FF 60303 030200  780 343 1408    -8809433    -10         956     -4    7   3  143   +0  213   -5  213   -5   7  0  0 L3B AF
C02 FF 60303 030200  780 341 2252    -2816009   -345         985    -10    7   3  144   +0  202  +23  202   23   6  0  0 L3B DA
C03 FF 60303 030200  780 430 1888    +1432380   -219         997    -12    3   3  118   +0  178  +24  178   24   3  0  0 L3B FA
C06 FF 60303 030200  780 707 3230    -2257978   -207        1084     -7    9   3   86   +0   95   -8   95   -8   6  0  0 L3B C9
C09 FF 60303 030200  780 560 2907    +2623921   +505        1025     +4    6   3   97   -1  127  -11  127  -11   4  0  0 L3B E3
C16 FF 60303 030200  780 708 3305    +2444196   +205        1054     +1    6   3   86   +0  109   -7  109   -7   4  0  0 L3B C4
C01 FF 60303 031800  780 343 1408    -8809473    +13         921    +19    4   3  143   +0  246   -9  246   -9   4  0  0 L3B D5
C02 FF 60303 031800  780 340 2252    -2816341   -305         973    +30    7   3  144   +0  218  -18  218  -18   3  0  0 L3B FA
C03 FF 60303 031800  780 428 1888    +1432172   -230         988    -23    3   3  119   +0  192   +8  192    8   3  0  0 L3B DF
C06 FF 60303 031800  780 711 3292    -2258178   -176        1075    +24    9   3   85   +0   94  -25   94  -25   6  0  0 L3B F9
C09 FF 60303 031800  780 567 2952    +2624399   +525        1023    +24    3   3   97   -1  125  -19  125  -19   2  0  0 L3B 14
C13 FF 60303 031800  780 258 2131    -3996892     +6         868    +52   16   3  185  +29  315   +2  315    2  13  0  0 L3B F8
C16 FF 60303 031800  780 711 3367    +2444393   +201        1056     -2    3   3   85   +0  104   -8  104   -8   2  0  0 L3B BF
C01 FF 60303 033400  780 342 1409    -8809452    +20         948    +25    4   3  143   +0  230  -13  230  -13   3  0  0 L3B DB
C02 FF 60303 033400  780 339 2251    -2816669   -330         967     +5    4   3  145   +0  216   +3  216    3   3  0  0 L3B BE
C03 FF 60303 033400  780 427 1888    +1431980   -204         994     +3    6   3  119   +0  180   +6  180    6   6  0  0 L3B C8
C04 FF 60303 033400  780 245 1249    -4558909  -1531         753     -1   12   3  194   +0  340   +2  340    2  10  0  0 L3B EA
C06 FF 60303 033400  780 716 3351    -2258365   -192        1081     +8    5   3   85   +0   87  -16   87  -16   3  0  0 L3B E0
C09 FF 60303 033400  780 574 2995    +2624891   +496        1033     -5    5   3   96   -1  112   +1  112    1   4  0  0 L3B C7
C13 FF 60303 033400  780 217 2133    -3996976   -148         828   -102   23   3  217  +40  368  +73  368   73  18  0  0 L3B 61
C16 FF 60303 033400  780 716 3427    +2444596   +218        1063    +14    5   3   85   +0   97  -20   97  -20   3  0  0 L3B E8
C01 FF 60303 035000  780 341 1409    -8809478     +1         928     +7    5   3  144   +0  247  -14  247  -14   4  0  0 L3B D2
C02 FF 60303 035000  780 337 2250    -2816997   -363         960    -29   10   3  145   +1  214  +11  214   11   7  0  0 L3B 00
C03 FF 60303 035000  780 426 1888    +1431767   -175         980    +32    7   3  119   +0  189  -40  189  -40   5  0  0 L3B 19
C04 FF 60303 035000  780 245 1249    -4560375  -1527         757     +3   16   3  194   +0  334   +7  334    7  14  0  0 L3B FF
C06 FF 60303 035000  780 723 3410    -2258559   -197        1078     +3    7   3   85   +0   82   -4   82   -4   4  0  0 L3B B6
C09 FF 60303 035000  780 582 3035    +2625371   +476        1033    -24    6   3   95   -1  108  +13  108   13   4  0  0 L3B EF
C16 FF 60303 035000  780 722 3487    +2444784   +235        1056    +31    8   3   85   +0   97  -17   97  -17   5  0  0 L3B F9
C01 FF 60303 040600  780 340 1409    -8809551     +4         859    +10    6   4  144   +0  241  -26  241  -26   4  0  0 L3B D7
C02 FF 60303 040600  780 336 2249    -2817301   -313         962    +20   10   4  146   +1  205   -7  205   -7   9  0  0 L3B E4
C03 FF 60303 040600  780 425 1888    +1431612   -182        1025    +26    3   4  119   +0  154  -21  154  -21   2  0  0 L3B FF
C06 FF 60303 040600  780 732 3469    -2258762   -204        1073     -4    5   4   84   +0   87   +1   87    1   2  0  0 L3B A6
C09 FF 60303 040600  780 592 3073    +2625848   +506        1031     +5    8   4   94   -1  106   +0  106    0   5  0  0 L3B B9
C16 FF 60303 040600  780 729 3547    +2444980   +235        1059    +31    5   4   85   +0   95  -20   95  -20   4  0  0 L3B ED
C01 FF 60303 042200  780 340 1410    -8809533     -7         883     -1    8   4  144   +0  209   +6  209    6   8  0  0 L3B 9C
C02 FF 60303 042200  780 335 2248    -2817625   -368         958    -35   11   4  146   +1  211  +14  211   14   9  0  0 L3B 08
C03 FF 60303 042200  780 424 1888    +1431402   -223        1014    -16    3   4  120   +0  152   +7  152    7   2  0  0 L3B C1
C06 FF 60303 042200  780 743 3529    -2258945   -228        1081    -27    3   4   84   +0   82  +13   82   13   3  0  0 L3B DB
C09 FF 60303 042200  780 603 3107    +2626338   +522        1041    +21    4   4   93   -1   95  -18   95  -18   4  0  0 L3B DF
C16 FF 60303 042200  780 739   10    +2445176   +214        1059    +11    2   4   84   +0   95   -8   95   -8   2  0  0 L3B 99
C01 FF 60303 043800  780 339 1410    -8809528     -6         893     -1    7   4  144   +0  197  -18  197  -18   6  0  0 L3B ED
C03 FF 60303 043800  780 423 1887    +1431185   -206         996     +1    4   4  120   +0  167   -5  167   -5   4  0  0 L3B D3
C06 FF 60303 043800  780 755 3592    -2259131   -201        1088     +0    5   4   84   -1   78   +5   78    5   2  0  0 L3B AC
C09 FF 60303 043800  780 615 3138    +2626815   +473        1037    -28    3   4   92   -1  104  +12  104   12   2  0  0 L3B EF
C14 FF 60303 043800  780 162 3204    +1770486   -747         787    +51   22   4  287  -84  281  -47  281  -47  15  0  0 L3B 61
C16 FF 60303 043800  780 750   77    +2445374   +249        1062    +46    5   4   84   +0   94  -25   94  -25   3  0  0 L3B D0
C03 FF 60303 045400  780 422 1887    +1430989   -204         999     +3    6   4  120   +0  155  -28  155  -28   5  0  0 L3B 05
C06 FF 60303 045400  780 768   62    -2259319   -184        1093    +17    3   4   83   -1   71   -6   71   -6   2  0  0 L3B A9
C09 FF 60303 045400  780 629 3166    +2627314   +509        1056     +8    5   4   91   -1   93  +11   93   11   3  0  0 L3B C9
C14 FF 60303 045400  780 208 3168    +1769776   -815         843    -16   24   4  227  -46  240  +18  240   18  15  0  0 L3B 48
C16 FF 60303 045400  780 762  151    +2445573   +195        1066     -9    3   4   83   +0   90   +5   90    5   2  0  0 L3B 91
C03 FF 60303 051000  780 421 1887    +1430799   -217        1007    -10    9   5  120   +0  144  +22  144   22   7  0  0 L3B F4
C06 FF 60303 051000  780 783  141    -2259513   -228        1098    -27    2   5   83   +0   78  +11   78   11   2  0  0 L3B C4
C09 FF 60303 051000  780 644 3190    +2627794   +492        1053     -9    6   5   90   -1   96   -1   96   -1   4  0  0 L3B BE
C14 FF 60303 051000  780 247 3122    +1769021   -814         854    -15   10   5  193  -27  228   +3  228    3   7  0  0 L3B F7
C16 FF 60303 051000  780 776  237    +2445779   +205        1073     +2    3   5   83   +0   87   -4   87   -4   3  0  0 L3B A4
C03 FF 60303 052600  780 420 1887    +1430612   -202        1019     +5    7   5  121   +0  143   +9  143    9   6  0  0 L3B BF
C06 FF 60303 052600  780 799  238    -2259702   -185        1102    +17    4   5   82   +0   72  -11   72  -11   3  0  0 L3B CF
C09 FF 60303 052600  780 661 3209    +2628289   +509        1066     +8    3   5   88   -1   87   -9   87   -9   2  0  0 L3B D7
C14 FF 60303 052600  780 280 3066    +1768300   -750         900    +49   15   5  172  -16  191  -28  191  -28   9  0  0 L3B 3A
C16 FF 60303 052600  780 790  340    +2445974   +207        1072     +3    2   5   82   +0   85   -2   85   -2   2  0  0 L3B 96
C06 FF 60303 054200  780 815  366    -2259891   -190        1106    +12    4   5   82   +0   68  -11   68  -11   3  0  0 L3B D2
C07 FF 60303 054200  780 435 1996    +5294008   +607         965     +4    6   5  117   -6  164  +15  164   15   5  0  0 L3B FD
C09 FF 60303 054200  780 680 3223    +2628778   +508        1075     +8    3   5   87   -1   80  -11   80  -11   3  0  0 L3B D8
C14 FF 60303 054200  780 302 3000    +1767553   -761         920    +37   19   5  160   -9  170  -48  170  -48  12  0  0 L3B 2C
C16 FF 60303 054200  780 803  471    +2446168   +215        1071    +11    4   5   82   +0   85   -9   85   -9   2  0  0 L3B AD
C03 FF 60303 055800  780 418 1887    +1430182   -203         986     +4    2   5  121   +0  159  -23  159  -23   1  0  0 L3B F4
C06 FF 60303 055800  780 828  542    -2260087   -217        1104    -16    3   5   82   +0   69  +14   69   14   2  0  0 L3B C9
C07 FF 60303 055800  780 464 2031    +5294594   +629         972    +25   11   5  112   -5  155  -35  155  -35   6  0  0 L3B 2C
C09 FF 60303 055800  780 700 3229    +2629262   +507        1078     +6    4   5   86   -1   79   -8   79   -8   2  0  0 L3B CE
C14 FF 60303 055800  780 314 2927    +1766814   -797         947     +2   13   5  155   -3  159  +27  159   27   8  0  0 L3B 26
C16 FF 60303 055800  780 813  637    +2446373   +201        1080     -3    3   5   82   +0   80   +8   80    8   3  0  0 L3B 8A
C06 FF 60303 061400  780 835  781    -2260279   -177        1105    +24    2   6   81   +0   71  -12   71  -12   2  0  0 L3B C7
C07 FF 60303 061400  780 491 2069    +5295205   +629        1016    +27   11   6  107   -4  136  -13  136  -13   6  0  0 L3B 28
C09 FF 60303 061400  780 721 3225    +2629755   +506        1090     +5    5   6   85   -1   78   +4   78    4   4  0  0 L3B AF
C14 FF 60303 061400  780 313 2851    +1766046   -803         978     +1   10   6  155   +3  155   +4  155    4   8  0  0 L3B D8
C16 FF 60303 061400  780 817  840    +2446571   +223        1078    +19    3   6   82   +0   81  -11   81  -11   2  0  0 L3B C8
C06 FF 60303 063000  780 832 1047    -2260474   -194        1104     +8    3   6   81   +0   71  -12   71  -12   2  0  0 L3B BC
C07 FF 60303 063000  780 516 2111    +5295797   +619        1031    +17    3   6  103   -4  130  -16  130  -16   2  0  0 L3B 06
C09 FF 60303 063000  780 742 3207    +2630240   +523        1094    +22    4   6   84   -1   70   -7   70   -7   4  0  0 L3B B2
C14 FF 60303 063000  780 302 2775    +1765271   -815         974    -11   14   6  160   +9  165  +13  165   13   9  0  0 L3B 13
C16 FF 60303 063000  780 813 1055    +2446763   +203        1074     -1    4   6   82   +0   80   -7   80   -7   3  0  0 L3B A1
C06 FF 60303 064600  780 818 1272    -2260663   -203        1108     -1    4   6   82   +0   69   +9   69    9   3  0  0 L3B AB
C07 FF 60303 064600  780 541 2157    +5296394   +626        1049    +23    7   6  100   -3  116  -15  116  -15   4  0  0 L3B 1B
C09 FF 60303 064600  780 764 3168    +2630720   +508        1093     +7    4   6   83   -1   75  -24   75  -24   3  0  0 L3B E1
C14 FF 60303 064600  780 279 2702    +1764482   -865         957    -62   12   6  172  +16  181  +39  181   39   9  0  0 L3B 47
C16 FF 60303 064600  780 800 1245    +2446961   +197        1076     -7    4   6   82   +0   79  +12   79   12   3  0  0 L3B D2
C06 FF 60303 070200  780 796 1432    -2260859   -212        1097    -12    3   7   82   +1   69   +7   69    7   2  0  0 L3B C3
C07 FF 60303 070200  780 564 2206    +5296988   +623        1028    +16   10   7   97   -3  103  -20  103  -20   7  0  0 L3B 16
C09 FF 60303 070200  780 785 3097    +2631206   +500        1085     -2    7   7   83   -1   68   -1   68   -1   4  0  0 L3B B3
C10 FF 60303 070200  780 448 2244     +667726   +161        1011    +18   11   7  115   -4  124  -26  124  -26   9  0  0 L3B 0A
C14 FF 60303 070200  780 248 2635    +1763696   -789         921    +12   10   7  191  +26  198   -3  198   -3   8  0  0 L3B 29
C16 FF 60303 070200  780 780 1394    +2447147   +222        1062    +18    3   7   83   +1   82  -20   82  -20   2  0  0 L3B D6
C06 FF 60303 073000  780 746 1607    -2261207   -184        1086    +16    4   7   84   +1   68  -23   68  -23   3  0  0 L3B EC
C07 FF 60303 073000  780 599 2302    +5298009   +631        1030    +25    5   7   93   -2   86  -24   86  -24   4  0  0 L3B EE
C09 FF 60303 073000  780 809 2857    +2632057   +495        1091     -7    7   7   82   +0   57   +4   57    4   4  0  0 L3B B7
C12 FF 60303 073000  780 172 1838    -8155984   +108         688     +0   20   7  273 -103  476 -199  476 -199  10  0  0 L3B 89
C14 FF 60303 073000  780 180 2531    +1762299   -822         870    -21   13   7  259  +60  256  +29  256   29   9  0  0 L3B 35
C16 FF 60303 073000  780 732 1572    +2447488   +225        1059    +20    4   7   84   +1   71  -25   71  -25   3  0  0 L3B E5
C06 FF 60303 074600  780 714 1674    -2261402   -218        1083    -17    5   7   85   +2   65   +1   65    1   3  0  0 L3B B3
C07 FF 60303 074600  780 617 2361    +5298602   +636        1041    +29    4   7   92   -1   70  -36   70  -36   3  0  0 L3B EF
C09 FF 60303 074600  780 809 2666    +2632536   +500        1088     -3    2   7   82   +0   49   -4   49   -4   2  0  0 L3B BD
C12 FF 60303 074600  780 239 1835    -8155779   +152         790    +44   12   7  200  -55  275 -116  275 -116   8  0  0 L3B 6C
C14 FF 60303 074600  780 136 2479    +1761511   -766         851    +36   16   7  338 +109  288   +8  288    8  11  0  0 L3B 46
C16 FF 60303 074600  780 701 1642    +2447680   +192        1054    -13    5   7   86   +2   68   -3   68   -3   3  0  0 L3B CA
C06 FF 60303 080200  780 680 1726    -2261604   -209        1065     -9    2   8   87   +2   60   -9   60   -9   2  0  0 L3B B5
C09 FF 60303 080200  780 796 2492    +2633012   +501        1080     -1    4   8   82   +0   45  -14   45  -14   2  0  0 L3B C2
C12 FF 60303 080200  780 308 1836    -8155629   +172         853    +58    9   8  158  -34  171  -98  171  -98   6  0  0 L3B 4A
C16 FF 60303 080200  780 667 1699    +2447865   +199        1046     -5    7   8   88   +2   65   -9   65   -9   5  0  0 L3B E5
C06 FF 60303 081800  780 645 1769    -2261811   -229        1050    -30    4   8   90   +3   53   -1   53   -1   3  0  0 L3B BC
C07 FF 60303 081800  780 646 2488    +5299782   +604        1056     -3    5   8   89   -1   36   -9   36   -9   4  0  0 L3B DD
C09 FF 60303 081800  780 774 2367    +2633487   +488        1073    -15    5   8   83   +1   37   -1   37   -1   3  0  0 L3B D9
C12 FF 60303 081800  780 379 1838    -8155471   +126         902    +13    5   8  132  -22  106  -54  106  -54   4  0  0 L3B 22
C16 FF 60303 081800  780 632 1746    +2448052   +168        1037    -36    5   8   91   +3   58   +6   58    6   3  0  0 L3B C8
C06 FF 60303 083400  780 608 1805    -2262011   -210        1041    -11    5   8   93   +3   44   -5   44   -5   4  0  0 L3B AB
C07 FF 60303 083400  780 658 2555    +5300370   +610        1061     +3    4   8   89   -1   22   -7   22   -7   3  0  0 L3B A8
C09 FF 60303 083400  780 744 2287    +2633967   +475        1070    -27    6   8   84   +1   30  +10   30   10   3  0  0 L3B D9
C10 FF 60303 083400  780 536 2522     +668578   +123        1012    -26    6   8  100   -2   33   +9   33    9   4  0  0 L3B AC
C12 FF 60303 083400  780 452 1841    -8155316   +131         948    +18   10   8  114  -15   50  -28   50  -28   7  0  0 L3B 0A
C16 FF 60303 083400  780 595 1785    +2448239   +187        1028    -17    6   8   94   +4   49   +0   49    0   4  0  0 L3B D2
C01 FF 60303 085000  780 339 1410    -8809680     +4         822     +9   27   8  145   +0   52  -15   52  -15  27  0  0 L3B D4
C03 FF 60303 085000  780 414 1885    +1428051   -206         993     +1    8   8  122   +0   38  -12   38  -12   6  0  0 L3B CC
C06 FF 60303 085000  780 570 1836    -2262221   -221        1022    -21    5   8   96   +4   43   +1   43    1   3  0  0 L3B 9A
C07 FF 60303 085000  780 668 2622    +5300952   +596        1061    -11    3   8   88   -1   15   -2   15   -2   2  0  0 L3B BD
C09 FF 60303 085000  780 711 2236    +2634444   +491        1065    -12    4   8   85   +2   22   -5   22   -5   3  0  0 L3B B7
C10 FF 60303 085000  780 547 2574     +668716   +149        1007     +0    4   8   99   -1   22  -11   22  -11   2  0  0 L3B B8
C12 FF 60303 085000  780 527 1844    -8155180   +130         975    +17    5   8  102  -11   25  -17   25  -17   3  0  0 L3B F4
C16 FF 60303 085000  780 558 1818    +2448424   +197        1017     -7    4   8   98   +5   45  -11   45  -11   4  0  0 L3B E4
C03 FF 60303 090600  780 415 1885    +1427846   -211         988     -4   12   9  122   +0   28  -11   28  -11  10  0  0 L3B F2
C06 FF 60303 090600  780 532 1862    -2262427   -218         998    -20   10   9  101   +5   38   -8   38   -8   6  0  0 L3B E4
C07 FF 60303 090600  780 677 2689    +5301538   +629        1065    +22    4   9   87   -1    3  -28    3  -28   3  0  0 L3B DA
C09 FF 60303 090600  780 675 2205    +2634913   +499        1057     -3    3   9   87   +2   21  -10   21  -10   1  0  0 L3B CE
C10 FF 60303 090600  780 556 2624     +668868   +138        1019    -11    3   9   98   -1    3   -6    3   -6   3  0  0 L3B 99
C12 FF 60303 090600  780 603 1845    -8155044   +120        1030    +10    3   9   93   -7    8  -13    8  -13   2  0  0 L3B AE
C16 FF 60303 090600  780 520 1846    +2448611   +194        1001    -11    3   9  103   +6   36  -10   36  -10   2  0  0 L3B DB
C03 FF 60303 092200  780 415 1885    +1427644   -205         985     +3    3   9  122   +0   17  -11   17  -11   3  0  0 L3B C7
C06 FF 60303 092200  780 494 1885    -2262635   -229         980    -31    7   9  106   +6   32   +7   32    7   5  0  0 L3B C8
C07 FF 60303 092200  780 685 2754    +5302121   +606        1066     -1    5   9   87   +0   -6   -7   -6   -7   3  0  0 L3B A8
C09 FF 60303 092200  780 638 2186    +2635392   +463        1054    -39    4   9   90   +3   13  +14   13   14   3  0  0 L3B DB
C10 FF 60303 092200  780 565 2674     +669003   +147        1012     -2    6   9   97   -1   -2   -6   -2   -6   4  0  0 L3B 8E
C11 FF 60303 092200  780 165 2104    -3240132    -80         781   +113   12   9  284 -106  184 -147  184 -147   8  0  0 L3B 60
C12 FF 60303 092200  780 679 1837    -8154932   +113        1038     +4    3   9   87   -5    0   -6    0   -6   2  0  0 L3B 91
C16 FF 60303 092200  780 481 1871    +2448791   +183         984    -22    9   9  108   +7   32   +2   32    2   5  0  0 L3B C3
C03 FF 60303 093800  780 415 1885    +1427449   -206         988     +1    2   9  122   +0    7   -7    7   -7   2  0  0 L3B 99
C06 FF 60303 093800  780 455 1905    -2262847   -204         958     -6    7   9  113   +8   34  -11   34  -11   4  0  0 L3B E2
C07 FF 60303 093800  780 692 2819    +5302719   +609        1081     +2    5   9   86   +0  -22  -10  -22  -10   3  0  0 L3B EA
C09 FF 60303 093800  780 598 2173    +2635865   +505        1045     +3    5   9   93   +4    9  -12    9  -12   3  0  0 L3B C4
C10 FF 60303 093800  780 573 2723     +669155   +163        1021    +14    9   9   96   -1  -13  -15  -13  -15   5  0  0 L3B ED
C11 FF 60303 093800  780 227 2131    -3240234   -132         864    +61    7   9  209  -56   84  -40   84  -40   6  0  0 L3B FC
C12 FF 60303 093800  780 754 1804    -8154821   +115        1043     +6    4   9   84   -3   -9  -14   -9  -14   3  0  0 L3B D0
C16 FF 60303 093800  780 442 1893    +2448963   +172         960    -33    6   9  116   +8   36  +12   36   12   4  0  0 L3B EC
C03 FF 60303 095400  780 415 1885    +1427243   -215         981     -8    2   9  122   +0   11   +4   11    4   1  0  0 L3B 91
C06 FF 60303 095400  780 416 1923    -2263053   -239         943    -41    5   9  122  +10   29  +13   29   13   4  0  0 L3B E8
C07 FF 60303 095400  780 699 2881    +5303293   +582        1073    -25    6   9   86   +0  -24   +9  -24    9   4  0  0 L3B EB
C09 FF 60303 095400  780 558 2166    +2636332   +486        1030    -17    5   9   98   +5   10   -3   10   -3   3  0  0 L3B C5
C10 FF 60303 095400  780 581 2769     +669294   +144        1017     -5    5   9   95   -1  -20   -7  -20   -7   2  0  0 L3B C4
C11 FF 60303 095400  780 290 2163    -3240383   -131         901    +63   12   9  167  -34   60  -37   60  -37   8  0  0 L3B 0A
C12 FF 60303 095400  780 825 1667    -8154711   +135        1049    +25    3   9   82   -1  -21  -26  -21  -26   2  0  0 L3B FF
C16 FF 60303 095400  780 402 1911    +2449144   +190         943    -16   12   9  125  +10   34   -1   34   -1   9  0  0 L3B D9
C03 FF 60303 101000  780 416 1885    +1427044   -199         977     +7    2  10  122   +0    2  -13    2  -13   2  0  0 L3B A6
C06 FF 60303 101000  780 377 1938    -2263269   -188         932    +12   14  10  132  +12   35  -19   35  -19  10  0  0 L3B 27
C07 FF 60303 101000  780 706 2940    +5303879   +626        1071    +19    4  10   86   +0  -33  -16  -33  -16   2  0  0 L3B 03
C09 FF 60303 101000  780 518 2162    +2636800   +496        1015     -6    5  10  103   +6    6  -11    6  -11   4  0  0 L3B B4
C10 FF 60303 101000  780 589 2814     +669437   +171        1026    +23    5  10   94   -1  -29  -21  -29  -21   3  0  0 L3B F2
C11 FF 60303 101000  780 353 2202    -3240519   -123         939    +67    5  10  140  -23   29  -45   29  -45   3  0  0 L3B F7
C12 FF 60303 101000  780 859  949    -8154602   +106        1078     +0    5  10   81   +0  -37   -8  -37   -8   3  0  0 L3B C5
C03 FF 60303 102600  780 416 1885    +1426854   -201         985     +6    2  10  121   +0  -13  -12  -13  -12   2  0  0 L3B DE
C07 FF 60303 102600  780 713 2996    +5304464   +620        1073    +13    3  10   85   +0  -38  -14  -38  -14   2  0  0 L3B 04
C09 FF 60303 102600  780 477 2160    +2637258   +480         990    -22    7  10  109   +7   10   -4   10   -4   5  0  0 L3B CB
C10 FF 60303 102600  780 598 2857     +669568   +179        1014    +31    9  10   94   -1  -29  -26  -29  -26   6  0  0 L3B 1A
C11 FF 60303 102600  780 416 2249    -3240658   -159         983    +31    5  10  122  -16    2  -19    2  -19   4  0  0 L3B DF
C12 FF 60303 102600  780 806  485    -8154503   +107        1075     +0    3  10   82   +2  -46  -14  -46  -14   2  0  0 L3B D7
C01 FF 60303 104200  780 344 1407    -8809716    -23         823    -18    7  10  143   +0   -6   +6   -6    6   5  0  0 L3B A0
C03 FF 60303 104200  780 417 1885    +1426659   -223         988    -16    3  10  121   +0  -21  +12  -21   12   3  0  0 L3B EB
C07 FF 60303 104200  780 721 3050    +5305048   +600        1074     -7    6  10   85   +0  -43   +3  -43    3   4  0  0 L3B AC
C09 FF 60303 104200  780 436 2159    +2637728   +473         978    -29   11  10  117   +9    2   +3    2    3   7  0  0 L3B BC
C10 FF 60303 104200  780 606 2897     +669720   +194        1025    +46    7  10   93   -1  -42  -35  -42  -35   4  0  0 L3B FE
C11 FF 60303 104200  780 478 2305    -3240821   -158        1003    +33    9  10  109  -11  -15  -24  -15  -24   6  0  0 L3B 17
C12 FF 60303 104200  780 738  408    -8154402   +113        1074     +7    5  10   84   +3  -59  -18  -59  -18   3  0  0 L3B EB
C01 FF 60303 105800  780 345 1406    -8809697    -11         848     -6    6  10  142   +0  -28  -10  -28  -10   4  0  0 L3B EA
C02 FF 60303 105800  780 310 2229    -2825503   -333         941     -1   19  10  156   +0  -17   -5  -17   -5  13  0  0 L3B EA
C03 FF 60303 105800  780 417 1885    +1426469   -204         996     +3    2  10  121   +0  -32   -3  -32   -3   1  0  0 L3B C9
C07 FF 60303 105800  780 729 3101    +5305631   +599        1074     -9    9  10   85   +0  -47   +0  -47    0   5  0  0 L3B CF
C09 FF 60303 105800  780 394 2158    +2638187   +463         954    -40   11  10  127  +11    5  +14    5   14   8  0  0 L3B EC
C10 FF 60303 105800  780 615 2934     +669866   +160        1029    +12    3  10   92   -1  -48   -9  -48   -9   2  0  0 L3B E5
C11 FF 60303 105800  780 538 2374    -3240984   -169        1022    +22    5  10  100   -8  -26  -14  -26  -14   4  0  0 L3B 15
C12 FF 60303 105800  780 670  398    -8154312    +77        1062    -29    5  10   88   +5  -66   -1  -66   -1   3  0  0 L3B D3
C01 FF 60303 111400  780 346 1406    -8809707    -37         837    -32    5  11  142   +0  -29  +20  -29   20   4  0  0 L3B E6
C02 FF 60303 111400  780 310 2229    -2825823   -332         951     +1   12  11  156   +0  -21   -7  -21   -7  10  0  0 L3B D7
C03 FF 60303 111400  780 418 1885    +1426267   -209         989     -2    2  11  121   +0  -36   -8  -36   -8   2  0  0 L3B DB
C07 FF 60303 111400  780 739 3148    +5306215   +607        1075     -1    7  11   84   +0  -48   -5  -48   -5   4  0  0 L3B DA
C09 FF 60303 111400  780 354 2158    +2638648   +443         923    -61    6  11  139  +14    7  +29    7   29   5  0  0 L3B E8
C10 FF 60303 111400  780 625 2968     +670008   +142        1034     -5    3  11   91   -1  -51   -1  -51   -1   2  0  0 L3B A6
C11 FF 60303 111400  780 595 2459    -3241182   -181        1014    +11    4  11   94   -6  -34  -10  -34  -10   2  0  0 L3B F3
C12 FF 60303 111400  780 604  410    -8154228    +72        1043    -35    5  11   93   +6  -69   +3  -69    3   3  0  0 L3B B0
C01 FF 60303 113000  780 347 1405    -8809695    -61         853    -56   10  11  142   +0  -38  +39  -38   39   7  0  0 L3B 0E
C02 FF 60303 113000  780 310 2229    -2826147   -342         947     -9    6  11  156   +0  -26   +2  -26    2   5  0  0 L3B BD
C03 FF 60303 113000  780 419 1885    +1426063   -203         983     +3    2  11  121   +0  -37   -6  -37   -6   2  0  0 L3B C5
C04 FF 60303 113000  780 257 1239    -4602626  -1528         789     +3   11  11  185   -1  -43  -10  -43  -10  10  0  0 L3B 20
C07 FF 60303 113000  780 750 3193    +5306804   +603        1081     -5    2  11   84   +0  -53   +8  -53    8   1  0  0 L3B B9
C09 FF 60303 113000  780 313 2158    +2639099   +470         890    -34   16  11  155  +18   16   +9   16    9  12  0  0 L3B 02
C10 FF 60303 113000  780 636 2999     +670144   +136        1029    -11    4  11   90   -1  -50   +8  -50    8   4  0  0 L3B BE
C11 FF 60303 113000  780 648 2570    -3241363   -193        1017     -2    4  11   89   -4  -38   -1  -38   -1   2  0  0 L3B CD
C12 FF 60303 113000  780 541  433    -8154151    +79        1018    -27   10  11  100   +8  -72   -1  -72   -1   6  0  0 L3B CD
C01 FF 60303 114600  780 348 1405    -8809727     +7         825    +11    4  11  141   +0  -28  -21  -28  -21   2  0  0 L3B DC
C02 FF 60303 114600  780 310 2229    -2826464   -337         949     -4   13  11  156   +0  -33   -1  -33   -1  11  0  0 L3B EB
C03 FF 60303 114600  780 420 1885    +1425855   -203         973     +3    3  11  121   +0  -31   -9  -31   -9   2  0  0 L3B C6
C07 FF 60303 114600  780 763 3234    +5307387   +609        1081     +2    3  11   83   +0  -54   -4  -54   -4   2  0  0 L3B D2
C10 FF 60303 114600  780 648 3026     +670287   +157        1031    +10    4  11   89   -1  -55   -7  -55   -7   2  0  0 L3B D4
C11 FF 60303 114600  780 693 2716    -3241554   -193        1010     -1    4  11   86   -2  -38   -6  -38   -6   2  0  0 L3B D5
C12 FF 60303 114600  780 480  462    -8154080    +67         987    -40    9  11  109  +10  -74   -2  -74   -2   6  0  0 L3B DF
C01 FF 60303 120200  780 349 1404    -8809701    -19         858    -14    3  12  141   +0  -50  +14  -50   14   2  0  0 L3B D8
C02 FF 60303 120200  780 310 2229    -2826784   -320         958    +14   11  12  156   +0  -38  -14  -38  -14   9  0  0 L3B 18
C03 FF 60303 120200  780 421 1885    +1425651   -215         968     -9    2  12  120   +0  -31   +1  -31    1   2  0  0 L3B A9
C07 FF 60303 120200  780 777 3273    +5307966   +629        1073    +21    3  12   83   +0  -54  -13  -54  -13   2  0  0 L3B 0B
C10 FF 60303 120200  780 661 3048     +670427   +156        1034    +10    8  12   88   -1  -55   -9  -55   -9   5  0  0 L3B D5
C11 FF 60303 120200  780 726 2911    -3241749   -203        1025     -8    4  12   85   -1  -38   +2  -38    2   3  0  0 L3B BC
C12 FF 60303 120200  780 422  496    -8154024    +70         934    -37   20  12  120  +13  -76   +0  -76    0  13  0  0 L3B D6
C01 FF 60303 121800  780 350 1403    -8809712    -39         851    -34    8  12  141   +0  -47  +16  -47   16   8  0  0 L3B F0
C03 FF 60303 121800  780 422 1885    +1425460   -199         975     +7    2  12  120   +0  -39   -4  -39   -4   2  0  0 L3B D9
C07 FF 60303 121800  780 792 3309    +5308561   +625        1085    +17    6  12   82   +0  -61   -9  -61   -9   4  0  0 L3B F5
C10 FF 60303 121800  780 676 3065     +670571   +108        1037    -38    3  12   87   -1  -58  +20  -58   20   2  0  0 L3B ED
C11 FF 60303 121800  780 741 3152    -3241943   -205        1019    -10    4  12   84   +0  -39   -2  -39   -2   3  0  0 L3B D5
C12 FF 60303 121800  780 367  534    -8153951    +40         904    -67   21  12  135  +18  -80  +15  -80   15  13  0  0 L3B 11
C03 FF 60303 123400  780 423 1885    +1425273   -220         987    -13    8  12  120   +0  -52   +7  -52    7   6  0  0 L3B D4
C07 FF 60303 123400  780 810 3341    +5309135   +589        1075    -19    6  12   82   +0  -56   +6  -56    6   3  0  0 L3B E2
C10 FF 60303 123400  780 691 3076     +670718   +160        1043    +14    3  12   87   -1  -64   -9  -64   -9   2  0  0 L3B D7
C11 FF 60303 123400  780 736 3401    -3242129   -186        1020     +9    5  12   84   +1  -45  -15  -45  -15   3  0  0 L3B EB
C12 FF 60303 123400  780 314  574    -8153879    +17         873    -91   14  12  154  +23  -81  +31  -81   31   9  0  0 L3B 0C
C03 FF 60303 125000  780 424 1885    +1425047   -227         959    -21    9  12  120   +0  -40   +8  -40    8   8  0  0 L3B D6
C07 FF 60303 125000  780 829 3367    +5309728   +603        1084     -5    6  12   81   +0  -62   +4  -62    4   4  0  0 L3B CE
C10 FF 60303 125000  780 707 3079     +670857   +152        1042     +5    3  12   86   -1  -63   -3  -63   -3   2  0  0 L3B BB
C11 FF 60303 125000  780 713   13    -3242312   -187        1025     +8    6  12   85   +2  -58  -18  -58  -18   4  0  0 L3B D1
C12 FF 60303 125000  780 264  616    -8153813    +25         836    -82   19  12  180  +32  -77  +31  -77   31  13  0  0 L3B 16
C07 FF 60303 130600  780 849 3384    +5310312   +582        1081    -26    3  13   81   +0  -60  +16  -60   16   2  0  0 L3B F2
C10 FF 60303 130600  780 724 3072     +671000   +163        1051    +17    4  13   85   -1  -63   -9  -63   -9   3  0  0 L3B C5
C11 FF 60303 130600  780 680  179    -3242496   -196        1047     +2    7  13   87   +2  -64  -11  -64  -11   4  0  0 L3B EE
C12 FF 60303 130600  780 217  660    -8153729     +1         817   -106   23  13  217  +46  -84  +43  -84   43  13  0  0 L3B 15
C03 FF 60303 132200  780 426 1885    +1424668   -215         975     -9    6  13  119   +0  -54   -2  -54   -2   5  0  0 L3B E1
C07 FF 60303 132200  780 871 3371    +5310907   +596        1092    -12    4  13   81   +0  -67   +6  -67    6   2  0  0 L3B E0
C10 FF 60303 132200  780 741 3052     +671148   +144        1060     -1    3  13   84   -1  -66   +0  -66    0   2  0  0 L3B 99
C11 FF 60303 132200  780 641  310    -3242688   -201        1044     -3    6  13   90   +3  -70   -5  -70   -5   4  0  0 L3B AC
C12 FF 60303 132200  780 171  705    -8153680    +75         763    -32   24  13  272  +71  -69  +11  -69   11  15  0  0 L3B 15
C03 FF 60303 133800  780 427 1886    +1424460   -203         965     +3    7  13  119   +0  -50   -4  -50   -4   5  0  0 L3B D1
C07 FF 60303 133800  780 894 2987    +5311490   +601        1091     -7    6  13   81   +0  -68   +3  -68    3   3  0  0 L3B DB
C10 FF 60303 133800  780 757 3014     +671278   +151        1049     +6    4  13   83   -1  -59   -2  -59   -2   2  0  0 L3B C8
C11 FF 60303 133800  780 599  418    -3242885   -196        1036     +1    7  13   93   +4  -71  -10  -71  -10   4  0  0 L3B F0
C12 FF 60303 133800  780 126  752    -8153604    +47         736    -61   33  13  362 +122  -69  +20  -69   20  23  0  0 L3B 27
C03 FF 60303 135400  780 428 1886    +1424258   -221         961    -15    5  13  119   +0  -46  +10  -46   10   3  0  0 L3B F7
C07 FF 60303 135400  780 878 1859    +5312062   +603        1079     -5    5  13   81   +0  -60   +5  -60    5   3  0  0 L3B CD
C10 FF 60303 135400  780 772 2952     +671423   +155        1055     +9    3  13   83   +0  -59   -1  -59   -1   2  0  0 L3B C3
C11 FF 60303 135400  780 556  512    -3243101   -232        1011    -35    8  13   98   +5  -64   +9  -64    9   5  0  0 L3B C6
C14 FF 60303 135400  780 230 1471    +1743920   -782         875    +17   16  13  207  -53  -51  +18  -51   18  11  0  0 L3B 37
C07 FF 60303 141000  780 851 1814    +5312644   +602        1079     -5    4  14   81   +0  -60   +1  -60    1   3  0  0 L3B B1
C10 FF 60303 141000  780 784 2861     +671569   +145        1065     +0    2  14   83   +0  -61   +0  -61    0   2  0  0 L3B A1
C11 FF 60303 141000  780 513  596    -3243307   -216         966    -22    8  14  103   +6  -64   +2  -64    2   5  0  0 L3B C3
C14 FF 60303 141000  780 290 1434    +1743198   -783         914    +16   15  14  167  -33  -52  +15  -52   15  10  0  0 L3B 34
C07 FF 60303 142600  780 822 1818    +5313228   +608        1080     +0    5  14   82   +1  -62   -3  -62   -3   3  0  0 L3B CA
C08 FF 60303 142600  780 477 2070    -1575235   +286         978    +36   11  14  109   -5  -26  -15  -26  -15   9  0  0 L3B 37
C10 FF 60303 142600  780 790 2742     +671713   +156        1071    +11    3  14   82   +0  -62   -5  -62   -5   2  0  0 L3B C6
C11 FF 60303 142600  780 470  673    -3243503   -202         955     -8   11  14  110   +8  -69   -6  -69   -6   7  0  0 L3B E0
C14 FF 60303 142600  780 351 1391    +1742480   -741         963    +58   12  14  141  -22  -62  -12  -62  -12   7  0  0 L3B 2C
C03 FF 60303 144200  780 431 1886    +1423656   -217         959    -10   11  14  118   +0  -43   +8  -43    8   9  0  0 L3B F2
C07 FF 60303 144200  780 792 1832    +5313804   +617        1072     +9    4  14   82   +1  -60   -7  -60   -7   3  0  0 L3B D7
C08 FF 60303 144200  780 505 2125    -1574982   +268         992    +19   12  14  105   -4  -26   -5  -26   -5   8  0  0 L3B 0C
C10 FF 60303 144200  780 789 2608     +671858   +145        1076     +0    3  14   82   +0  -61   +6  -61    6   2  0  0 L3B B9
C11 FF 60303 144200  780 426  745    -3243701   -194         945     +1    9  14  119  +10  -73  -11  -73  -11   5  0  0 L3B F4
C14 FF 60303 144200  780 411 1339    +1741748   -717         998    +82   12  14  123  -15  -65  -37  -65  -37   7  0  0 L3B 4D
C07 FF 60303 145800  780 761 1848    +5314381   +631        1067    +23    4  14   83   +1  -57  -14  -57  -14   3  0  0 L3B 17
C08 FF 60303 145800  780 530 2186    -1574725   +249        1010     -1    6  14  101   -3  -29   +8  -29    8   4  0  0 L3B E0
C10 FF 60303 145800  780 779 2482     +671989   +156        1067    +11    2  14   83   +0  -55   -7  -55   -7   1  0  0 L3B EE
C11 FF 60303 145800  780 382  813    -3243932   -200         900     -6    8  14  130  +13  -55  -14  -55  -14   5  0  0 L3B F1
C14 FF 60303 145800  780 466 1273    +1741003   -764        1020    +35   10  14  111  -10  -62  -13  -62  -13   7  0  0 L3B 28
C07 FF 60303 151400  780 728 1865    +5314958   +592        1072    -14    5  15   85   +2  -57   +6  -57    6   3  0  0 L3B F8
C10 FF 60303 151400  780 761 2380     +672129   +140        1065     -6    5  15   83   +1  -59   -3  -59   -3   3  0  0 L3B C2
C11 FF 60303 151400  780 338  877    -3244118   -250         886    -57   10  15  145  +17  -63  +18  -63   18   6  0  0 L3B 26
C14 FF 60303 151400  780 515 1188    +1740264   -756        1012    +46    5  15  103   -7  -67  -22  -67  -22   3  0  0 L3B 1F
C07 FF 60303 153000  780 695 1882    +5315535   +580        1067    -26    7  15   86   +2  -56  +16  -56   16   6  0  0 L3B 1A
C10 FF 60303 153000  780 738 2304     +672271   +139        1068     -7    4  15   84   +1  -61   +6  -61    6   3  0  0 L3B B3
C11 FF 60303 153000  780 293  938    -3244317   -216         872    -23   22  15  164  +24  -68   -2  -68   -2  13  0  0 L3B 14
C14 FF 60303 153000  780 551 1081    +1739496   -799        1013     +3    7  15   99   -4  -60   +4  -60    4   4  0  0 L3B D6
C07 FF 60303 154600  780 660 1899    +5316107   +592        1057    -15    4  15   88   +2  -53   +5  -53    5   2  0  0 L3B EE
C08 FF 60303 154600  780 587 2401    -1573988   +248        1017     -2    6  15   95   -1  -33   -2  -33   -2   5  0  0 L3B E6
C10 FF 60303 154600  780 710 2251     +672414   +148        1071     +2    5  15   85   +2  -60   -1  -60   -1   4  0  0 L3B AA
C11 FF 60303 154600  780 248  996    -3244565   -264         809    -71   40  15  191  +34  -41  +36  -41   36  25  0  0 L3B 3B
C14 FF 60303 154600  780 571  956    +1738734   -814        1021    -12    3  15   96   -1  -62   +5  -62    5   2  0  0 L3B D2
C07 FF 60303 160200  780 625 1914    +5316671   +594        1044    -12    5  16   91   +3  -45   +1  -45    1   4  0  0 L3B D6
C08 FF 60303 160200  780 599 2481    -1573749   +262        1011    +10    7  16   93   -1  -30   -7  -30   -7   4  0  0 L3B EB
C10 FF 60303 160200  780 680 2215     +672538   +149        1054     +3    3  16   87   +2  -53   -6  -53   -6   2  0  0 L3B C0
C11 FF 60303 160200  780 202 1050    -3244749   -298         814   -105   14  16  232  +52  -51  +52  -51   52   9  0  0 L3B 2B
C13 FF 60303 160200  780 504 2437    -3998841    -52         975     -5    6  16  105   -2  -34   +4  -34    4   5  0  0 L3B C5
C14 FF 60303 160200  780 570  825    +1737969   -789        1027    +13    8  16   96   +1  -65   -7  -65   -7   5  0  0 L3B FE
C07 FF 60303 161800  780 589 1929    +5317236   +600        1028     -6    8  16   94   +4  -43   -1  -43   -1   5  0  0 L3B E6
C08 FF 60303 161800  780 608 2562    -1573494   +241        1025    -10    6  16   93   -1  -41   +3  -41    3   3  0  0 L3B D5
C10 FF 60303 161800  780 647 2190     +672677   +117        1053    -28    4  16   89   +3  -57  +16  -57   16   3  0  0 L3B 03
C13 FF 60303 161800  780 515 2500    -3998884    -17         977    +30    6  16  103   -2  -33  -21  -33  -21   5  0  0 L3B 04
C14 FF 60303 161800  780 549  706    +1737201   -784        1029    +18    9  16   99   +4  -71  -14  -71  -14   6  0  0 L3B 14
C03 FF 60303 163400  780 439 1887    +1422293   -189         986    +17    9  16  116   +0  -56  -14  -56  -14   8  0  0 L3B 2E
C07 FF 60303 163400  780 553 1943    +5317802   +596        1012    -10    6  16   98   +4  -39   -2  -39   -2   4  0  0 L3B F5
C08 FF 60303 163400  780 614 2644    -1573256   +266        1022    +15    3  16   92   +0  -41   -7  -41   -7   3  0  0 L3B E4
C10 FF 60303 163400  780 613 2173     +672808   +150        1044     +5    4  16   92   +3  -54   -6  -54   -6   3  0  0 L3B BE
C13 FF 60303 163400  780 525 2564    -3998914    -24         992    +23    6  16  102   -1  -42  -12  -42  -12   6  0  0 L3B 03
C14 FF 60303 163400  780 513  612    +1736418   -831        1014    -29   12  16  103   +6  -70   +5  -70    5   7  0  0 L3B E3
C03 FF 60303 165000  780 440 1887    +1422095   -227         987    -20    8  16  116   +0  -58  +18  -58   18   7  0  0 L3B 15
C07 FF 60303 165000  780 516 1956    +5318375   +578        1004    -27    7  16  103   +5  -40  +16  -40   16   4  0  0 L3B 15
C08 FF 60303 165000  780 617 2725    -1573012   +263        1025    +12    4  16   92   +0  -42   -7  -42   -7   2  0  0 L3B DA
C10 FF 60303 165000  780 577 2162     +672934   +123        1031    -23    3  16   96   +4  -51   +4  -51    4   2  0  0 L3B BB
C13 FF 60303 165000  780 532 2627    -3998962    -37         989    +10    6  16  101   -1  -37   -4  -37   -4   4  0  0 L3B EF
C14 FF 60303 165000  780 466  544    +1735635   -852        1001    -50    6  16  111  +10  -77  +12  -77   12   4  0  0 L3B 09
C01 FF 60303 170600  780 365 1394    -8809754    -32         884    -28    6  17  135   +0  -47  +18  -47   18   5  0  0 L3B 10
C03 FF 60303 170600  780 441 1887    +1421888   -201         978     +6    7  17  116   +0  -52   -1  -52   -1   5  0  0 L3B DC
C07 FF 60303 170600  780 479 1967    +5318947   +597         992    -10    7  17  109   +7  -39   -3  -39   -3   4  0  0 L3B 1E
C08 FF 60303 170600  780 618 2803    -1572774   +250        1032     +0    7  17   92   +0  -40   -5  -40   -5   4  0  0 L3B CD
C10 FF 60303 170600  780 541 2154     +673061   +126        1017    -20    5  17  100   +5  -50   +6  -50    6   3  0  0 L3B BA
C13 FF 60303 170600  780 538 2690    -3998998    -67         996    -21    6  17  100   -1  -40  +16  -40   16   3  0  0 L3B 0F
C14 FF 60303 170600  780 412  499    +1734842   -795         962     +5   13  17  122  +14  -76  -24  -76  -24   8  0  0 L3B 29
C03 FF 60303 172200  780 442 1887    +1421687   -185         977    +22    6  17  116   +0  -47  -17  -47  -17   5  0  0 L3B 25
C07 FF 60303 172200  780 443 1978    +5319513   +584         977    -23   12  17  116   +8  -36  +11  -36   11   9  0  0 L3B 27
C08 FF 60303 172200  780 618 2879    -1572533   +261        1033    +11    7  17   92   +0  -41   -8  -41   -8   5  0  0 L3B EF
C10 FF 60303 172200  780 504 2149     +673188   +140        1004     -6    6  17  105   +6  -49   -5  -49   -5   4  0  0 L3B D6
C13 FF 60303 172200  780 543 2752    -3999041    -49         999     -2    8  17  100   -1  -41   +0  -41    0   5  0  0 L3B BE
C14 FF 60303 172200  780 355  471    +1734036   -857         923    -58   10  17  139  +20  -71  +15  -71   15   7  0  0 L3B 1C
C03 FF 60303 173800  780 443 1887    +1421496   -225         984    -18    6  17  116   +0  -48  +21  -48   21   4  0  0 L3B 13
C07 FF 60303 173800  780 406 1987    +5320075   +598         957     -8   15  17  124  +10  -32   -4  -32   -4  11  0  0 L3B 1D
C08 FF 60303 173800  780 617 2950    -1572290   +224        1036    -26    3  17   92   +0  -45  +13  -45   13   3  0  0 L3B 00
C10 FF 60303 173800  780 466 2146     +673317   +117         993    -28   11  17  111   +7  -49   +9  -49    9   7  0  0 L3B F9
C13 FF 60303 173800  780 546 2812    -3999085    -41         999     +6    7  17   99   +0  -40   -4  -40   -4   5  0  0 L3B D9
C14 FF 60303 173800  780 297  458    +1733232   -791         886     +9   28  17  163  +30  -68  -27  -68  -27  17  0  0 L3B 52
C01 FF 60303 175400  780 366 1393    -8809757    +23         894    +27    7  17  135   +0  -49  -20  -49  -20   5  0  0 L3B 18
C03 FF 60303 175400  780 444 1888    +1421296   -211         982     -4    4  17  115   +0  -47   -1  -47   -1   2  0  0 L3B D9
C07 FF 60303 175400  780 369 1995    +5320642   +581         941    -25   18  17  134  +12  -31   +9  -31    9  13  0  0 L3B 23
C08 FF 60303 175400  780 615 3018    -1572050   +259        1036     +9    5  17   92   +0  -44   -6  -44   -6   4  0  0 L3B DD
C10 FF 60303 175400  780 429 2143     +673429   +122         965    -24    8  17  119   +9  -39   +6  -39    6   7  0  0 L3B E6
C13 FF 60303 175400  780 550 2870    -3999127    -35        1003    +12    3  17   99   +0  -41   -2  -41   -2   2  0  0 L3B D3
C14 FF 60303 175400  780 239  456    +1732426   -766         848    +33   21  17  199  +46  -68  -46  -68  -46  14  0  0 L3B 63
C01 FF 60303 181000  780 366 1393    -8809743     +3         912     +7   10  18  135   +0  -61   -2  -61   -2   9  0  0 L3B C2
C02 FF 60303 181000  780 334 2245    -2834196   -293         943    +42   14  18  146   -1  -43  -28  -43  -28  10  0  0 L3B 36
C03 FF 60303 181000  780 445 1888    +1421096   -226         978    -19    2  18  115   +0  -46  +18  -46   18   2  0  0 L3B 10
C07 FF 60303 181000  780 333 2002    +5321205   +586         923    -20   22  18  147  +14  -25  +14  -25   14  15  0  0 L3B 1D
C08 FF 60303 181000  780 614 3083    -1571805   +253        1040     +3   10  18   92   +0  -50   -6  -50   -6   7  0  0 L3B D7
C10 FF 60303 181000  780 391 2142     +673553   +143         950     -2   10  18  128  +11  -34   -6  -34   -6   8  0  0 L3B DC
C13 FF 60303 181000  780 553 2926    -3999157    -42        1010     +4    6  18   98   +0  -47   -1  -47   -1   5  0  0 L3B D1
C14 FF 60303 181000  780 182  462    +1731599   -849         766    -52   21  18  257  +78  -53  +10  -53   10  14  0  0 L3B 38
C01 FF 60303 182600  780 367 1393    -8809744     -7         915     -2    9  18  135   +0  -62   +4  -62    4   8  0  0 L3B BF
C02 FF 60303 182600  780 335 2246    -2834509   -325         952    +11   11  18  146   -1  -41   -2  -41   -2   8  0  0 L3B F5
C03 FF 60303 182600  780 445 1888    +1420904   -185         985    +22    2  18  115   +0  -48  -14  -48  -14   2  0  0 L3B 19
C07 FF 60303 182600  780 298 2007    +5321773   +577         909    -29   20  18  162  +18  -25   -4  -25   -4  14  0  0 L3B 35
C08 FF 60303 182600  780 614 3144    -1571568   +246        1036     -4    8  18   92   +0  -48   +5  -48    5   5  0  0 L3B DE
C10 FF 60303 182600  780 354 2141     +673673    +54         930    -91   11  18  139  +13  -27  +62  -27   62   8  0  0 L3B 09
C13 FF 60303 182600  780 557 2979    -3999201    -45        1010     +1    5  18   98   +0  -46   -1  -46   -1   4  0  0 L3B D6
C14 FF 60303 182600  780 126  475    +1730806   -857         738    -60   10  18  363 +153  -61   -2  -61   -2   8  0  0 L3B 1C
C01 FF 60303 184200  780 367 1393    -8809753    -15         910    -10    9  18  135   +0  -56   +8  -56    8   8  0  0 L3B E4
C02 FF 60303 184200  780 337 2247    -2834845   -300         938    +35    9  18  145   -1  -29  -20  -29  -20   7  0  0 L3B 1D
C03 FF 60303 184200  780 446 1888    +1420713   -205         992     +2    2  18  115   +0  -50   -1  -50   -1   2  0  0 L3B C5
C08 FF 60303 184200  780 615 3202    -1571324   +236        1041    -14    7  18   92   +0  -50  +12  -50   12   3  0  0 L3B E5
C10 FF 60303 184200  780 317 2139     +673797   +143         915     -3   17  18  153  +16  -28   -2  -28   -2  13  0  0 L3B 05
C13 FF 60303 184200  780 561 3030    -3999232    -36        1023    +10    7  18   97   -1  -52   -2  -52   -2   4  0  0 L3B D2
C01 FF 60303 185800  780 367 1393    -8809758     +1         909     +5    5  18  135   +0  -53   -4  -53   -4   4  0  0 L3B CC
C02 FF 60303 185800  780 338 2248    -2835149   -307         955    +28    7  18  145   +0  -40  -24  -40  -24   5  0  0 L3B 1F
C03 FF 60303 185800  780 446 1888    +1420511   -211         989     -4    3  18  115   +0  -49   +1  -49    1   3  0  0 L3B D2
C04 FF 60303 185800  780 268 1231    -4643794  -1513         818    +21   12  18  179   +0  -21  -11  -21  -11   7  0  0 L3B 31
C08 FF 60303 185800  780 617 3257    -1571084   +268        1041    +18    7  18   92   +0  -49  -10  -49  -10   5  0  0 L3B 1F
C10 FF 60303 185800  780 281 2138     +673920   +139         898     -6   16  18  171  +21  -28   -2  -28   -2  13  0  0 L3B 0C
C13 FF 60303 185800  780 567 3078    -3999284    -46        1015     +0    7  18   97   -1  -44   +3  -44    3   4  0  0 L3B D8
C01 FF 60303 191400  780 366 1393    -8809754     +5         919    +10    2  19  135   +0  -61  -11  -61  -11   2  0  0 L3B E7
C02 FF 60303 191400  780 339 2249    -2835463   -319         955    +15   11  19  144   +0  -39   -6  -39   -6   8  0  0 L3B 16
C03 FF 60303 191400  780 447 1888    +1420304   -209         980     -2    2  19  115   +0  -43   +2  -43    2   2  0  0 L3B BD
C04 FF 60303 191400  780 267 1231    -4645262  -1509         789    +21   13  19  179   +0  -13   -5  -13   -5   9  0  0 L3B 19
C08 FF 60303 191400  780 621 3311    -1570843   +239        1044    -11   10  19   91   +0  -51   +9  -51    9   6  0  0 L3B E6
C10 FF 60303 191400  780 246 2136     +674056   +130         907    -14   27  19  193  +27  -34   +9  -34    9  20  0  0 L3B 06
C13 FF 60303 191400  780 574 3124    -3999327    -57        1000    -13    5  19   96   -1  -45   +9  -45    9   3  0  0 L3B E2
C01 FF 60303 193000  780 366 1393    -8809763    -14         915    -10    2  19  135   +0  -58   +7  -58    7   2  0  0 L3B DC
C02 FF 60303 193000  780 340 2250    -2835761   -347         978    -12    9  19  144   +0  -54   +5  -54    5   8  0  0 L3B EA
C03 FF 60303 193000  780 447 1888    +1420123   -189         998    +17    4  19  115   +0  -60  -18  -60  -18   3  0  0 L3B 1C
C04 FF 60303 193000  780 267 1231    -4646712  -1499         808    +31   13  19  179   +0  -25  -31  -25  -31  10  0  0 L3B 45
C08 FF 60303 193000  780 627 3362    -1570610   +253        1037     +3   13  19   91   -1  -48   -5  -48   -5   8  0  0 L3B F0
C13 FF 60303 193000  780 582 3168    -3999356    -41        1013     +3    6  19   95   -1  -51   -2  -51   -2   4  0  0 L3B CF
C01 FF 60303 194600  780 366 1393    -8809784    -32         898    -27    4  19  135   +0  -46  +20  -46   20   4  0  0 L3B 0C
C02 FF 60303 194600  780 341 2251    -2836081   -281         979    +53   10  19  144   +0  -55  -36  -55  -36   6  0  0 L3B 2F
C03 FF 60303 194600  780 448 1888    +1419918   -218         991    -11    2  19  115   +0  -53  +12  -53   12   2  0  0 L3B 0C
C04 FF 60303 194600  780 266 1232    -4648186  -1509         804    +21   11  19  179   +0  -28  -25  -28  -25   8  0  0 L3B 47
C08 FF 60303 194600  780 634 3413    -1570365   +233        1042    -17    6  19   90   -1  -54  +11  -54   11   4  0  0 L3B FC
C13 FF 60303 194600  780 592 3209    -3999393    -42        1018     +2    7  19   94   -1  -53   +2  -53    2   4  0  0 L3B CE
C01 FF 60303 200200  780 366 1393    -8809799     -6         890     -1    9  20  135   +0  -40   +3  -40    3   8  0  0 L3B AA
C02 FF 60303 200200  780 342 2252    -2836399   -386         966    -53   14  20  143   +0  -54  +36  -54   36  10  0  0 L3B 26
C03 FF 60303 200200  780 448 1888    +1419715   -193         986    +14    8  20  115   +0  -47   -8  -47   -8   6  0  0 L3B FF
C08 FF 60303 200200  780 644 3463    -1570123   +254        1050     +5    3  20   90   -1  -56   -2  -56   -2   2  0  0 L3B BD
C13 FF 60303 200200  780 603 3248    -3999439    -34        1020    +10    8  20   93   -1  -51   -3  -51   -3   5  0  0 L3B CA
C01 FF 60303 201800  780 365 1393    -8809796    +27         898    +32    6  20  135   +0  -43  -21  -43  -21   5  0  0 L3B 07
C03 FF 60303 201800  780 448 1889    +1419518   -203         988     +4    6  20  115   +0  -47   -2  -47   -2   5  0  0 L3B E2
C08 FF 60303 201800  780 656 3512    -1569878   +289        1056    +40    7  20   89   -1  -56  -24  -56  -24   5  0  0 L3B 2F
C13 FF 60303 201800  780 617 3284    -3999477    -38        1024     +6   10  20   92   -1  -51   +1  -51    1   6  0  0 L3B CB
C01 FF 60303 203400  780 365 1394    -8809771    +41         927    +45    8  20  136   +0  -61  -31  -61  -31   6  0  0 L3B FE
C02 FF 60303 203400  780 344 2253    -2837040   -348         963    -16   13  20  143   +0  -49  +11  -49   11   9  0  0 L3B 09
C03 FF 60303 203400  780 448 1889    +1419324   -201         992     +6    2  20  115   +0  -50   -6  -50   -6   1  0  0 L3B CA
C08 FF 60303 203400  780 671 3562    -1569634   +261        1060    +11    6  20   88   -1  -56   -5  -56   -5   4  0  0 L3B EF
C13 FF 60303 203400  780 633 3318    -3999518    -18        1026    +26    5  20   91   -1  -49  -15  -49  -15   3  0  0 L3B 0A
C01 FF 60303 205000  780 364 1394    -8809762    -22         941    -17    8  20  136   +0  -66  +19  -66   19   7  0  0 L3B 01
C03 FF 60303 205000  780 448 1889    +1419127   -207         993     +0    2  20  115   +0  -52   +2  -52    2   1  0  0 L3B B7
C08 FF 60303 205000  780 687   14    -1569378   +237        1077    -12    3  20   87   -1  -62  +12  -62   12   2  0  0 L3B DD
C13 FF 60303 205000  780 650 3349    -3999551    -16        1036    +29    6  20   89   -1  -54  -15  -54  -15   4  0  0 L3B 0B
C03 FF 60303 210600  780 448 1889    +1418928   -215         997     -8    6  21  115   +0  -51   +9  -51    9   5  0  0 L3B E3
C08 FF 60303 210600  780 706   69    -1569133   +251        1090     +3    6  21   86   -1  -61   +6  -61    6   3  0  0 L3B A3
C13 FF 60303 210600  780 670 3377    -3999586    -36        1044     +8    6  21   88   -1  -56   -3  -56   -3   4  0  0 L3B E4
C03 FF 60303 212200  780 448 1889    +1418720   -225         987    -18    5  21  115   +0  -42  +16  -42   16   5  0  0 L3B 03
C08 FF 60303 212200  780 726  128    -1568890   +251        1094     +3    5  21   85   -1  -59   +5  -59    5   3  0  0 L3B C6
C13 FF 60303 212200  780 692 3401    -3999613    -35        1060    +10    4  21   86   -1  -63   -1  -63   -1   3  0  0 L3B CA
C16 FF 60303 212200  780 400 1855    +2457561   +240         886    +36   20  21  126   -9  -12  -11  -12  -11  14  0  0 L3B 1B
C03 FF 60303 213800  780 447 1889    +1418514   -190         980    +17    6  21  115   +0  -37  -16  -37  -16   5  0  0 L3B 19
C08 FF 60303 213800  780 749  197    -1568648   +243        1098     -6    4  21   84   -1  -56   +7  -56    7   3  0  0 L3B DF
C13 FF 60303 213800  780 716 3420    -3999657    -33        1059    +11    3  21   85   -1  -57   -3  -57   -3   2  0  0 L3B E5
C08 FF 60303 215400  780 772  282    -1568408   +243        1099     -5    3  21   83   -1  -53   +5  -53    5   2  0  0 L3B C1
C13 FF 60303 215400  780 742 3432    -3999698    -28        1060    +16    3  21   84   -1  -54   -7  -54   -7   2  0  0 L3B EC
C16 FF 60303 215400  780 468 1920    +2458003   +204         936     +0    9  21  111   -6  -19  +17  -19   17   7  0  0 L3B ED
C06 FF 60303 221000  780 476 1969    -2271857   -213        1037     -7   10  22  109   -6  -33  +24  -33   24   7  0  0 L3B 15
C08 FF 60303 221000  780 795  396    -1568158   +246        1098     -4    4  22   82   -1  -53   +2  -53    2   2  0  0 L3B C3
C13 FF 60303 221000  780 769 3434    -3999729    -36        1075     +9    4  22   83   -1  -55   +1  -55    1   3  0  0 L3B CB
C16 FF 60303 221000  780 501 1959    +2458217   +249        1013    +51   11  22  105   -5  -18  -19  -18  -19   9  0  0 L3B 2E
C08 FF 60303 222600  780 816  562    -1567912   +267        1105    +17    4  22   82   +0  -54   -5  -54   -5   3  0  0 L3B DB
C13 FF 60303 222600  780 798 3416    -3999776    -54        1071     -9    8  22   82   -1  -49   +8  -49    8   4  0  0 L3B EC
C16 FF 60303 222600  780 532 2003    +2458434   +220        1040    +22    6  22  101   -4  -24   +0  -24    0   5  0  0 L3B BC
C08 FF 60303 224200  780 830  814    -1567664   +268        1112    +18    3  22   81   +0  -52   -9  -52   -9   2  0  0 L3B DA
C13 FF 60303 224200  780 828 3355    -3999814    -56        1076    -11    5  22   82   -1  -49  +11  -49   11   3  0  0 L3B FF
C08 FF 60303 225800  780 829 1126    -1567425   +263        1112    +13    5  22   81   +0  -49   -2  -49   -2   3  0  0 L3B E8
C13 FF 60303 225800  780 854 3169    -3999851    -35        1082    +10    3  22   81   +0  -49   -3  -49   -3   2  0  0 L3B EA
C16 FF 60303 225800  780 589 2108    +2458854   +187        1079    -11    7  22   94   -3  -28  +16  -28   16   5  0  0 L3B 22
C08 FF 60303 231400  780 812 1386    -1567179   +249        1107     -2    3  23   82   +1  -42  +12  -42   12   2  0  0 L3B E4
C13 FF 60303 231400  780 865 2688    -3999898    -46        1073     -1    5  23   81   +0  -40   +8  -40    8   3  0  0 L3B D6
C16 FF 60303 231400  780 614 2170    +2459053   +198        1033     -7    4  23   92   -2  -20  +16  -20   16   2  0  0 L3B DC
C06 FF 60303 233000  780 611 2229    -2272757   -197        1082     +4    3  23   92   -2  -28  +12  -28   12   2  0  0 L3B E8
C08 FF 60303 233000  780 785 1556    -1566942   +256        1103     +5    8  23   83   +1  -29  +10  -29   10   5  0  0 L3B F1
C13 FF 60303 233000  780 844 2299    -3999941    -58        1073    -14    5  23   81   +0  -30  +22  -30   22   3  0  0 L3B F1
C16 FF 60303 233000  780 637 2240    +2459262   +232        1045    +27    3  23   90   -2  -17   -5  -17   -5   2  0  0 L3B DB
C06 FF 60303 234600  780 632 2298    -2272945   -197        1088     +4    5  23   91   -2  -19   +7  -19    7   3  0  0 L3B E7
C08 FF 60303 234600  780 751 1667    -1566712   +254        1093     +3    3  23   84   +1  -11   +3  -11    3   2  0  0 L3B BE
C13 FF 60303 234600  780 811 2164    -3999986    -65        1070    -21    3  23   82   +1  -17  +27  -17   27   2  0  0 L3B FE
C16 FF 60303 234600  780 656 2317    +2459462   +223        1048    +19    3  23   89   -1   -7   -1   -7   -1   2  0  0 L3B CB
