CGGTTS     GENERIC DATA FORMAT VERSION = 2E
REV DATE = 2023-12-15                    
RCVR = TRIMBLE NETR9 5049K72188      R2CGGTTS v8.6    
CH = 12 
IMS = TRIMBLE NETR9 5049K72188      
LAB = CEPNT                         
X = -2154293.56 m 
Y = +4373452.74 m 
Z = +4098891.74 m 
FRAME = ITRF
COMMENTS =           no comments                   
TOT DLY =    0.0 ns (BDS B1I),    0.0 ns (BDS B2I)
REF = ITRF10                        
CKSUM = C3

SAT CL  MJD  STTIME TRKL ELV AZTH   REFSV      SRSV     REFSYS    SRSYS  DSG IOE MDTR SMDT MDIO SMDI MSIO SMSI ISG FR HC FRC CK
             hhmmss  s  .1dg .1dg    .1ns     .1ps/s     .1ns    .1ps/s .1ns     .1ns.1ps/s.1ns.1ps/s.1ns.1ps/s.1ns
C06 FF 60302 001000  780 648 2374    -2238792   -204         873     -2    3   0   89   -1   87  +16   87   16   2  0  0 L3B C0
C08 FF 60302 001000  780 712 1741    -1609717   +235         849    -13    5   0   85   +2  100  +27  100   27   4  0  0 L3B D3
C12 FF 60302 001000  780 107 2479    -8168333    +69         562    -36   16   0  423 +172  160  +61  160   61   9  0  0 L3B 1B
C13 FF 60302 001000  780 772 2108    -3992463    -45         854     +0    5   0   83   +1   87  +14   87   14   3  0  0 L3B 9F
C16 FF 60302 001000  780 675 2401    +2424270   +206         846     +3    4   0   88   -1   91  +13   91   13   3  0  0 L3B 9A
C06 FF 60302 002600  780 663 2453    -2238980   -210         878     -9    3   0   88   -1   95  +14   95   14   2  0  0 L3B C3
C08 FF 60302 002600  780 673 1799    -1609487   +250         840     +1    4   0   88   +3  114   +7  114    7   3  0  0 L3B B8
C13 FF 60302 002600  780 732 2090    -3992516    -71         844    -26    5   0   84   +2  103  +25  103   25   3  0  0 L3B C9
C16 FF 60302 002600  780 688 2491    +2424467   +201         848     -2    4   0   87   -1  101   +8  101    8   3  0  0 L3B AB
C06 FF 60302 004200  780 675 2537    -2239170   -210         882     -8    9   0   88   -1  104  +15  104   15   5  0  0 L3B D2
C08 FF 60302 004200  780 632 1844    -1609265   +242         824     -7    3   0   91   +3  132  +11  132   11   2  0  0 L3B BB
C09 FF 60302 004200  780 489 2426    +2576070   +509         840    +13    6   0  107   -2  135  +11  135   11   3  0  0 L3B E7
C13 FF 60302 004200  780 691 2085    -3992566    -50         837     -5    8   0   87   +2  116  +13  116   13   4  0  0 L3B C9
C16 FF 60302 004200  780 697 2584    +2424662   +211         848     +7    4   0   86   +0  109   +2  109    2   2  0  0 L3B AC
C03 FF 60302 005800  780 439 1889    +1451442   -217         774    -12    5   0  116   +0  146  +12  146   12   4  0  0 L3B F0
C06 FF 60302 005800  780 684 2623    -2239361   -197         884     +4    3   0   87   +0  111   +7  111    7   2  0  0 L3B B2
C08 FF 60302 005800  780 590 1881    -1609035   +223         815    -25    4   0   94   +4  145  +25  145   25   3  0  0 L3B E8
C09 FF 60302 005800  780 502 2481    +2576552   +514         846    +17    6   0  105   -2  147  +13  147   13   4  0  0 L3B F5
C13 FF 60302 005800  780 648 2085    -3992619    -56         827    -11    6   0   89   +3  132  +19  132   19   3  0  0 L3B EB
C16 FF 60302 005800  780 704 2678    +2424863   +227         853    +23    4   0   86   +0  116   -6  116   -6   4  0  0 L3B D5
C03 FF 60302 011400  780 438 1889    +1451268   -182         799    +23    5   1  117   +0  146   +1  146    1   4  0  0 L3B D4
C06 FF 60302 011400  780 690 2709    -2239550   -210         888     -9    3   1   87   +0  121  +20  121   20   2  0  0 L3B C3
C08 FF 60302 011400  780 547 1911    -1608814   +221         812    -26    4   1   99   +5  169  +31  169   31   2  0  0 L3B E9
C09 FF 60302 011400  780 512 2537    +2577040   +515         795    +11    3   1  104   -1  158  +11  158   11   3  0  0 L3B E3
C13 FF 60302 011400  780 605 2089    -3992671    -56         834     -9    9   1   93   +4  147  +23  147   23   5  0  0 L3B D8
C16 FF 60302 011400  780 707 2772    +2425057   +200         860     -3    6   1   86   +0  129   +9  129    9   4  0  0 L3B AF
C03 FF 60302 013000  780 436 1889    +1451056   -221         785    -16    4   1  117   +0  178  +31  178   31   3  0  0 L3B F2
C06 FF 60302 013000  780 694 2793    -2239737   -190         894    +11    4   1   86   +0  132   +2  132    2   3  0  0 L3B BF
C08 FF 60302 013000  780 504 1937    -1608581   +219         808    -28    9   1  105   +7  190  +40  190   40   6  0  0 L3B FA
C09 FF 60302 013000  780 521 2593    +2577532   +507         804     +4    7   1  102   -1  168  +17  168   17   4  0  0 L3B E4
C13 FF 60302 013000  780 562 2095    -3992729    -61         821    -15    7   1   97   +5  173  +28  173   28   5  0  0 L3B E9
C16 FF 60302 013000  780 709 2862    +2425248   +185         856    -18    7   1   86   +0  145  +20  145   20   4  0  0 L3B E7
C01 FF 60302 014600  780 348 1405    -8809130    -55         778    -49    4   1  141   +0  267  +76  267   76   3  0  0 L3B FC
C03 FF 60302 014600  780 435 1889    +1450832   -210         757     -5    4   1  117   +0  216  +20  216   20   4  0  0 L3B D3
C06 FF 60302 014600  780 697 2875    -2239934   -203         890     -2    6   1   86   +0  142   +6  142    6   4  0  0 L3B BF
C08 FF 60302 014600  780 461 1960    -1608360   +228         792    -19    6   1  112   +8  220  +41  220   41   4  0  0 L3B EC
C09 FF 60302 014600  780 529 2649    +2578012   +519         801    +16    3   1  101   -1  184   -3  184   -3   2  0  0 L3B DC
C13 FF 60302 014600  780 518 2101    -3992789    -76         806    -29    4   1  103   +6  197  +35  197   35   3  0  0 L3B 01
C16 FF 60302 014600  780 709 2948    +2425443   +203         857     +0    3   1   86   +0  154  +11  154   11   2  0  0 L3B C7
C01 FF 60302 020200  780 347 1405    -8809129    +77         786    +83    7   2  141   +0  291  -23  291  -23   4  0  0 L3B F7
C03 FF 60302 020200  780 434 1888    +1450659   -153         780    +52    6   2  117   +0  212  -24  212  -24   4  0  0 L3B F5
C06 FF 60302 020200  780 699 2954    -2240125   -198         893     +4    5   2   86   +0  147   +9  147    9   4  0  0 L3B C8
C08 FF 60302 020200  780 417 1979    -1608150   +205         765    -42   11   2  121  +11  257  +43  257   43   7  0  0 L3B 16
C09 FF 60302 020200  780 536 2704    +2578498   +493         810    -10    5   2  100   -1  192  +20  192   20   3  0  0 L3B EA
C13 FF 60302 020200  780 474 2107    -3992856    -78         774    -33    4   2  110   +8  223  +28  223   28   3  0  0 L3B EE
C14 FF 60302 020200  780 145 3136    +1846668   -803         573     -5   33   2  320 -122  330  +43  330   43  21  0  0 L3B 1C
C16 FF 60302 020200  780 709 3029    +2425637   +192         857    -10    3   2   86   +0  161  +15  161   15   2  0  0 L3B DB
C03 FF 60302 021800  780 433 1888    +1450448   -289         765    -84    5   2  118   +0  236  +80  236   80   4  0  0 L3B 0C
C06 FF 60302 021800  780 700 3028    -2240319   -208         892     -7    4   2   86   +0  161  +10  161   10   2  0  0 L3B BD
C08 FF 60302 021800  780 373 1995    -1607925   +219         752    -28    9   2  133  +14  285  +51  285   51   6  0  0 L3B 26
C09 FF 60302 021800  780 542 2757    +2578984   +502         814     -1    7   2  100   -1  201   +4  201    4   4  0  0 L3B B6
C13 FF 60302 021800  780 430 2113    -3992917    -55         757     -9    8   2  118  +10  250  +23  250   23   5  0  0 L3B E4
C14 FF 60302 021800  780 202 3146    +1845924   -728         595    +70   25   2  234  -65  349  -41  349  -41  17  0  0 L3B 51
C16 FF 60302 021800  780 708 3105    +2425841   +190         867    -12    4   2   86   +0  166  +14  166   14   3  0  0 L3B E4
C03 FF 60302 023400  780 432 1888    +1450247   -166         762    +39    2   2  118   +0  249  -22  249  -22   2  0  0 L3B 05
C06 FF 60302 023400  780 702 3099    -2240510   -200         895     +2    3   2   86   +0  168   +7  168    7   2  0  0 L3B AB
C09 FF 60302 023400  780 548 2809    +2579471   +519         818    +16    4   2   99   -1  209   -5  209   -5   2  0  0 L3B ED
C13 FF 60302 023400  780 386 2119    -3992984    -65         734    -19    7   2  129  +13  282  +24  282   24   4  0  0 L3B 12
C14 FF 60302 023400  780 259 3147    +1845213   -807         650     -9   18   2  185  -40  318   +9  318    9  11  0  0 L3B 08
C16 FF 60302 023400  780 707 3177    +2426025   +188         857    -15    5   2   86   +0  182  +18  182   18   3  0  0 L3B F3
C01 FF 60302 025000  780 344 1407    -8809155    -38         778    -31    6   2  142   +0  322  +35  322   35   4  0  0 L3B E0
C02 FF 60302 025000  780 342 2253    -2787124   -302         738    +34    7   2  143   +0  299   -7  299   -7   5  0  0 L3B EB
C03 FF 60302 025000  780 431 1888    +1450057   -207         768     -2    2   2  118   +0  252   +4  252    4   2  0  0 L3B B0
C06 FF 60302 025000  780 704 3166    -2240709   -201         890     +0   10   2   86   +0  174   -4  174   -4   7  0  0 L3B C0
C09 FF 60302 025000  780 554 2859    +2579949   +513         815    +11    6   2   98   -1  218  -10  218  -10   4  0  0 L3B 04
C14 FF 60302 025000  780 317 3139    +1844493   -736         696    +62   11   2  154  -26  291  -34  291  -34   8  0  0 L3B 3D
C16 FF 60302 025000  780 707 3244    +2426222   +184         860    -19    7   2   86   +0  184  +12  184   12   3  0  0 L3B DF
C01 FF 60302 030600  780 344 1408    -8809206    -29         733    -23    6   3  143   +0  318   +5  318    5   3  0  0 L3B BD
C02 FF 60302 030600  780 341 2252    -2787422   -353         753    -19   12   3  144   +0  286   +7  286    7  10  0  0 L3B F7
C03 FF 60302 030600  780 430 1888    +1449844   -204         756     +1    4   3  118   +0  267   +3  267    3   3  0  0 L3B C2
C06 FF 60302 030600  780 707 3230    -2240902   -184         884    +17    8   3   86   +0  173   -2  173   -2   7  0  0 L3B CF
C09 FF 60302 030600  780 560 2906    +2580440   +507         822     +4    6   3   97   -1  215  +17  215   17   5  0  0 L3B D3
C14 FF 60302 030600  780 375 3118    +1843768   -778         741    +20    5   3  133  -18  264  -14  264  -14   4  0  0 L3B 25
C16 FF 60302 030600  780 709 3308    +2426413   +209         853     +6    4   3   86   +0  185   +6  185    6   4  0  0 L3B B7
C01 FF 60302 032200  780 343 1408    -8809245    -14         700     -8    3   3  143   +0  333   +3  333    3   3  0  0 L3B 97
C02 FF 60302 032200  780 340 2252    -2787757   -297         739    +38    6   3  144   +0  309  -10  309  -10   4  0  0 L3B 0A
C03 FF 60302 032200  780 428 1888    +1449649   -219         758    -13    3   3  119   +0  267  +12  267   12   3  0  0 L3B 07
C06 FF 60302 032200  780 711 3291    -2241100   -169         878    +32    7   3   85   +0  175  -19  175  -19   4  0  0 L3B F8
C09 FF 60302 032200  780 566 2952    +2580913   +524         812    +21    5   3   97   -1  217   -4  217   -4   3  0  0 L3B D2
C14 FF 60302 032200  780 430 3083    +1843027   -732         767    +66    5   3  119  -12  232  -72  232  -72   3  0  0 L3B 13
C16 FF 60302 032200  780 712 3370    +2426608   +213         853    +10    3   3   85   +0  184  -12  184  -12   3  0  0 L3B DE
C01 FF 60302 033800  780 342 1409    -8809234    +19         717    +25    5   3  143   +0  314  -36  314  -36   2  0  0 L3B EE
C02 FF 60302 033800  780 339 2251    -2788080   -326         737     +9   10   3  145   +0  311   +1  311    1   8  0  0 L3B C6
C03 FF 60302 033800  780 427 1888    +1449453   -202         759     +3    4   3  119   +0  264   +5  264    5   4  0  0 L3B CC
C06 FF 60302 033800  780 716 3351    -2241292   -191         879    +10    4   3   85   +0  168  -18  168  -18   3  0  0 L3B 03
C09 FF 60302 033800  780 573 2994    +2581411   +511         827     +8    4   3   96   -1  198   +7  198    7   4  0  0 L3B D4
C14 FF 60302 033800  780 480 3027    +1842306   -825         812    -27    7   3  109   -8  210  +32  210   32   5  0  0 L3B EE
C16 FF 60302 033800  780 716 3430    +2426808   +215         859    +12    5   3   85   +0  176  -23  176  -23   4  0  0 L3B FB
C01 FF 60302 035400  780 341 1409    -8809258     +3         698     +9    4   3  144   +0  302  -22  302  -22   4  0  0 L3B C6
C02 FF 60302 035400  780 337 2250    -2788401   -369         737    -34   14   3  145   +1  314  +41  314   41  10  0  0 L3B 11
C03 FF 60302 035400  780 426 1888    +1449251   -160         755    +45    4   3  119   +0  270  -30  270  -30   2  0  0 L3B FD
C06 FF 60302 035400  780 723 3409    -2241486   -218         877    -17    7   3   85   +0  169   +4  169    4   6  0  0 L3B DE
C09 FF 60302 035400  780 582 3034    +2581883   +491         816    -12    5   3   95   -1  203  -12  203  -12   3  0  0 L3B EF
C14 FF 60302 035400  780 522 2948    +1841556   -741         828    +57    5   3  102   -5  197  -25  197  -25   3  0  0 L3B 20
C16 FF 60302 035400  780 722 3490    +2426999   +210         855     +8    8   3   85   +0  181   -7  181   -7   3  0  0 L3B D1
C01 FF 60302 041000  780 340 1410    -8809337    -16         623    -10   13   4  144   +0  304   +6  304    6  11  0  0 L3B C0
C02 FF 60302 041000  780 336 2249    -2788709   -327         740     +6   19   4  146   +1  309   +0  309    0  14  0  0 L3B E6
C03 FF 60302 041000  780 425 1888    +1449090   -191         787    +14    3   4  119   +0  247  -13  247  -13   2  0  0 L3B 05
C06 FF 60302 041000  780 732 3468    -2241686   -222         869    -21    3   4   84   +0  171  +14  171   14   3  0  0 L3B E2
C09 FF 60302 041000  780 591 3072    +2582363   +494         816     -9   12   4   94   -1  203  -25  203  -25   9  0  0 L3B F9
C14 FF 60302 041000  780 551 2844    +1840817   -792         879     +9    3   4   99   -3  196  -18  196  -18   2  0  0 L3B 0B
C16 FF 60302 041000  780 730 3551    +2427196   +213         855    +10    7   4   85   +0  178   -3  178   -3   4  0  0 L3B CE
C01 FF 60302 042600  780 340 1410    -8809311    +17         655    +23    5   4  144   +0  279   +2  279    2   5  0  0 L3B B7
C02 FF 60302 042600  780 335 2248    -2789035   -327         734     +7    7   4  146   +1  304  -11  304  -11   5  0  0 L3B EE
C03 FF 60302 042600  780 424 1888    +1448879   -229         772    -24    3   4  120   +0  260  +16  260   16   3  0  0 L3B FE
C06 FF 60302 042600  780 743 3528    -2241875   -232         873    -32    4   4   84   +0  159  +11  159   11   2  0  0 L3B EC
C09 FF 60302 042600  780 602 3106    +2582859   +517         829    +14    4   4   93   -1  187  -18  187  -18   2  0  0 L3B 0E
C14 FF 60302 042600  780 562 2721    +1840058   -805         890     -4   11   4   97   +0  187  +16  187   16   7  0  0 L3B F6
C16 FF 60302 042600  780 739   14    +2427390   +218         853    +15    4   4   84   +0  172  -14  172  -14   3  0  0 L3B CC
C03 FF 60302 044200  780 423 1887    +1448662   -194         753    +11    5   4  120   +0  268  -30  268  -30   5  0  0 L3B 05
C06 FF 60302 044200  780 755 3591    -2242068   -193         873     +8    3   4   84   -1  156  -24  156  -24   3  0  0 L3B F3
C09 FF 60302 044200  780 614 3137    +2583338   +504         826     +2    4   4   92   -1  182   -8  182   -8   3  0  0 L3B C6
C14 FF 60302 044200  780 553 2595    +1839285   -792         885     +9    6   4   98   +2  188   -5  188   -5   4  0  0 L3B F4
C16 FF 60302 044200  780 750   81    +2427588   +247         856    +44    7   4   84   +0  169  -43  169  -43   4  0  0 L3B EB
C03 FF 60302 045800  780 422 1887    +1448478   -188         765    +17    9   4  120   +0  244  -24  244  -24   8  0  0 L3B 1D
C06 FF 60302 045800  780 768   60    -2242249   -198         884     +3    3   4   83   -1  151   +8  151    8   2  0  0 L3B 9E
C09 FF 60302 045800  780 628 3165    +2583834   +502         840     +0    4   4   91   -1  180   +0  180    0   2  0  0 L3B A7
C14 FF 60302 045800  780 525 2481    +1838498   -821         868    -20    6   4  102   +5  203   +5  203    5   4  0  0 L3B DC
C16 FF 60302 045800  780 763  155    +2427789   +195         863     -8    4   4   83   +0  168  +15  168   15   3  0  0 L3B E5
C03 FF 60302 051400  780 421 1887    +1448278   -191         762    +14    7   5  120   +0  247   -3  247   -3   6  0  0 L3B E4
C06 FF 60302 051400  780 783  140    -2242444   -222         886    -20    3   5   83   +0  157   +8  157    8   2  0  0 L3B B1
C09 FF 60302 051400  780 643 3189    +2584321   +483         852    -19    3   5   90   -1  180  +25  180   25   3  0  0 L3B F0
C14 FF 60302 051400  780 484 2387    +1837700   -821         847    -19    7   5  108   +8  213  +24  213   24   5  0  0 L3B 04
C16 FF 60302 051400  780 776  241    +2427993   +228         870    +25    4   5   83   +0  167  -17  167  -17   3  0  0 L3B F5
C03 FF 60302 053000  780 420 1887    +1448097   -195         778    +10    7   5  121   +0  242   +7  242    7   5  0  0 L3B D6
C06 FF 60302 053000  780 799  237    -2242640   -206         883     -5    4   5   82   +0  160   -4  160   -4   2  0  0 L3B A8
C09 FF 60302 053000  780 660 3208    +2584808   +529         858    +27    4   5   88   -1  174  -16  174  -16   3  0  0 L3B 10
C14 FF 60302 053000  780 433 2312    +1836919   -817         835    -15    5   5  118  +12  230  +18  230   18   3  0  0 L3B 05
C16 FF 60302 053000  780 790  345    +2428189   +191         871    -12    4   5   82   +0  171   +6  171    6   2  0  0 L3B B1
C06 FF 60302 054600  780 815  364    -2242826   -197         891     +5    5   5   82   +0  155   +4  155    4   3  0  0 L3B AC
C07 FF 60302 054600  780 437 1996    +5241536   +599         753     -5    7   5  117   -6  273   +0  273    0   4  0  0 L3B DE
C09 FF 60302 054600  780 679 3222    +2585299   +516         867    +14    3   5   87   -1  168  -13  168  -13   2  0  0 L3B 17
C14 FF 60302 054600  780 376 2252    +1836126   -791         812    +11   10   5  132  +18  262   +8  262    8   7  0  0 L3B FB
C16 FF 60302 054600  780 803  476    +2428383   +215         870    +11    6   5   82   +0  172   +3  172    3   3  0  0 L3B AC
C06 FF 60302 060200  780 828  540    -2243025   -198         891     +4    2   6   82   +0  155   +6  155    6   3  0  0 L3B 9F
C09 FF 60302 060200  780 699 3228    +2585780   +512         861     +9    4   6   86   -1  168   +3  168    3   3  0  0 L3B CE
C12 FF 60302 060200  780 197 1511    -8166065   +197         555    +95   20   6  239  -72  461 -124  461 -124  16  0  0 L3B 70
C14 FF 60302 060200  780 317 2205    +1835328   -816         743    -19   16   6  153  +27  304  +44  304   44  10  0  0 L3B 29
C16 FF 60302 060200  780 813  643    +2428585   +211         870     +7    3   6   82   +0  165   +2  165    2   3  0  0 L3B 97
C06 FF 60302 061800  780 835  779    -2243223   -189         887    +13    2   6   81   +0  161  -11  161  -11   2  0  0 L3B E6
C07 FF 60302 061800  780 492 2069    +5242732   +643         796    +40   13   6  107   -4  237  -38  237  -38   8  0  0 L3B 34
C09 FF 60302 061800  780 720 3224    +2586267   +518         865    +16    4   6   85   -1  163   -4  163   -4   2  0  0 L3B E0
C12 FF 60302 061800  780 259 1479    -8165878   +170         644    +67   15   6  185  -43  369  -65  369  -65  11  0  0 L3B 76
C14 FF 60302 061800  780 257 2164    +1834524   -768         704    +29   16   6  185  +41  372  +40  372   40  12  0  0 L3B 3B
C16 FF 60302 061800  780 817  845    +2428780   +220         870    +16    3   6   82   +0  168  -16  168  -16   2  0  0 L3B F1
C06 FF 60302 063400  780 832 1047    -2243416   -199         888     +3    3   6   81   +0  158   +1  158    1   2  0  0 L3B B7
C09 FF 60302 063400  780 741 3206    +2586751   +496         867     -7    3   6   84   -1  164   +6  164    6   2  0  0 L3B CD
C12 FF 60302 063400  780 321 1442    -8165738   +186         685    +84    9   6  152  -28  294  -64  294  -64   7  0  0 L3B 43
C14 FF 60302 063400  780 198 2129    +1833710   -815         655    -18   22   6  237  +69  471 +101  471  101  13  0  0 L3B 5A
C16 FF 60302 063400  780 812 1058    +2428975   +208         868     +4    4   6   82   +0  166   -3  166   -3   3  0  0 L3B CD
C06 FF 60302 065000  780 818 1272    -2243605   -197         893     +5    4   6   82   +0  159   +2  159    2   2  0  0 L3B BB
C07 FF 60302 065000  780 542 2156    +5243925   +628         832    +24    9   6  100   -3  205  -16  205  -16   7  0  0 L3B 04
C09 FF 60302 065000  780 763 3167    +2587234   +499         868     -4    5   6   83   -1  165   -1  165   -1   3  0  0 L3B DC
C12 FF 60302 065000  780 384 1399    -8165596   +141         730    +39   10   6  130  -19  247  -50  247  -50   7  0  0 L3B 3B
C14 FF 60302 065000  780 140 2096    +1832909   -781         620    +16   18   6  328 +129  616 +154  616  154  11  0  0 L3B 70
C16 FF 60302 065000  780 799 1246    +2429170   +202         867     -3    4   6   82   +0  167   +5  167    5   2  0  0 L3B BC
C06 FF 60302 070600  780 796 1433    -2243804   -218         881    -17    4   7   82   +1  159   +3  159    3   3  0  0 L3B D3
C07 FF 60302 070600  780 565 2206    +5244511   +639         818    +33   11   7   97   -3  197  -33  197  -33   7  0  0 L3B 20
C09 FF 60302 070600  780 784 3097    +2587717   +499         868     -4    7   7   83   -1  158   -4  158   -4   4  0  0 L3B F7
C12 FF 60302 070600  780 444 1344    -8165452   +147         721    +37   12   7  116  -13  206  -46  206  -46   7  0  0 L3B 2C
C16 FF 60302 070600  780 779 1393    +2429354   +201         854     -4    3   7   83   +1  170   -6  170   -6   2  0  0 L3B C6
C06 FF 60302 073400  780 747 1608    -2244153   -188         871    +14    4   7   84   +1  154  -13  154  -13   3  0  0 L3B FB
C09 FF 60302 073400  780 808 2860    +2588569   +502         876     +0    4   7   82   +0  145   -7  145   -7   3  0  0 L3B D8
C11 FF 60302 073400  780 218 1795    -3222446    -91         503   +102   16   7  217  -65  461 -191  461 -191  12  0  0 L3B 65
C12 FF 60302 073400  780 537 1205    -8165219   +115         770     +6    4   7  100   -6  151  -10  151  -10   2  0  0 L3B DB
C16 FF 60302 073400  780 731 1571    +2429694   +218         850    +14    5   7   84   +1  160  -12  160  -12   3  0  0 L3B EF
C06 FF 60302 075000  780 714 1674    -2244355   -224         862    -23    4   7   85   +2  150   +3  150    3   2  0  0 L3B BB
C09 FF 60302 075000  780 808 2670    +2589050   +494         874     -8    4   7   82   +0  139   -3  139   -3   2  0  0 L3B D6
C11 FF 60302 075000  780 286 1790    -3222568   -106         567    +87   10   7  169  -39  323 -144  323 -144   8  0  0 L3B 67
C12 FF 60302 075000  780 575 1092    -8165107   +126         777    +16    3   7   96   -3  134  -25  134  -25   2  0  0 L3B FD
C06 FF 60302 080600  780 680 1727    -2244554   -205         848     -5    2   8   87   +2  145   -6  145   -6   1  0  0 L3B CF
C09 FF 60302 080600  780 796 2497    +2589531   +508         876     +6    3   8   82   +0  132   -7  132   -7   2  0  0 L3B DD
C11 FF 60302 080600  780 357 1787    -3222696   -151         679    +44   10   8  139  -25  243  -56  243  -56   6  0  0 L3B 4A
C12 FF 60302 080600  780 594  957    -8165003   +127         789    +19    6   8   94   -1  119  -23  119  -23   4  0  0 L3B FF
C16 FF 60302 080600  780 666 1698    +2430068   +206         836     +2    4   8   88   +2  152  -12  152  -12   3  0  0 L3B E8
C06 FF 60302 082200  780 645 1770    -2244759   -221         835    -21    2   8   90   +3  146   +7  146    7   2  0  0 L3B CC
C07 FF 60302 082200  780 647 2489    +5247306   +589         842    -18    4   8   89   -1  136   +8  136    8   3  0  0 L3B ED
C09 FF 60302 082200  780 773 2371    +2590004   +485         866    -18    5   8   83   +1  133   +5  133    5   3  0  0 L3B CC
C11 FF 60302 082200  780 430 1783    -3222826   -139         736    +56    6   8  119  -17  183  -48  183  -48   3  0  0 L3B 33
C12 FF 60302 082200  780 592  817    -8164892   +100         797     -8    7   8   94   +1  103   -7  103   -7   4  0  0 L3B C0
C16 FF 60302 082200  780 631 1745    +2430256   +165         828    -39    4   8   91   +3  149  +18  149   18   3  0  0 L3B FB
C06 FF 60302 083800  780 608 1805    -2244963   -202         824     -1    5   8   93   +3  145  -11  145  -11   3  0  0 L3B E3
C07 FF 60302 083800  780 659 2555    +5247891   +603         845     -4    3   8   89   -1  128  -10  128  -10   2  0  0 L3B FC
C09 FF 60302 083800  780 745 2290    +2590481   +475         861    -27    3   8   84   +1  133   +9  133    9   3  0  0 L3B DC
C10 FF 60302 083800  780 535 2522     +655774   +113         807    -36    8   8  100   -2  135  +12  135   12   6  0  0 L3B E1
C11 FF 60302 083800  780 504 1777    -3222967   -152         783    +43    7   8  105  -12  154  -19  154  -19   5  0  0 L3B 2F
C12 FF 60302 083800  780 568  693    -8164811   +112         775     +4    6   8   97   +4  102  -28  102  -28   4  0  0 L3B E5
C16 FF 60302 083800  780 595 1784    +2430443   +189         819    -15    5   8   94   +4  148   +0  148    0   3  0  0 L3B DD
C03 FF 60302 085400  780 414 1886    +1445563   -208         765     -3    9   8  122   +0  144  -16  144  -16   7  0  0 L3B 00
C06 FF 60302 085400  780 571 1836    -2245174   -230         804    -30    5   8   96   +4  144   +5  144    5   3  0  0 L3B C9
C07 FF 60302 085400  780 669 2622    +5248473   +588         845    -19    4   8   88   -1  120   +5  120    5   3  0  0 L3B DF
C09 FF 60302 085400  780 711 2239    +2590959   +492         856    -10    5   8   85   +2  124   -5  124   -5   3  0  0 L3B E6
C10 FF 60302 085400  780 546 2573     +655905   +143         795     -6    4   8   99   -1  129  -12  129  -12   3  0  0 L3B E7
C11 FF 60302 085400  780 580 1766    -3223125   -166         812    +29    7   8   95   -8  135  -29  135  -29   4  0  0 L3B 10
C12 FF 60302 085400  780 529  597    -8164719    +90         763    -18    6   8  101   +6   87  -16   87  -16   4  0  0 L3B E9
C16 FF 60302 085400  780 557 1817    +2430625   +193         805    -11    4   8   98   +5  145  -11  145  -11   3  0  0 L3B FB
C06 FF 60302 091000  780 532 1863    -2245379   -206         788     -6    9   9  101   +5  138  -16  138  -16   6  0  0 L3B 0C
C07 FF 60302 091000  780 678 2690    +5249063   +628         853    +22    3   9   87   -1  102  -26  102  -26   2  0  0 L3B FE
C09 FF 60302 091000  780 676 2208    +2591425   +503         833     +0    4   9   87   +2  121  -17  121  -17   3  0  0 L3B DD
C10 FF 60302 091000  780 556 2624     +656054   +128         798    -22    4   9   98   -1  110   -6  110   -6   3  0  0 L3B C0
C11 FF 60302 091000  780 655 1742    -3223285   -180         810    +12    5   9   89   -6  117  -23  117  -23   3  0  0 L3B F2
C12 FF 60302 091000  780 479  531    -8164635   +115         723     +4    7   9  109   +9   72  -36   72  -36   5  0  0 L3B D0
C16 FF 60302 091000  780 519 1846    +2430810   +196         788     -9    5   9  103   +6  137  -13  137  -13   3  0  0 L3B 00
C03 FF 60302 092600  780 415 1885    +1445161   -204         757     +2    2   9  122   +0  117  -16  117  -16   2  0  0 L3B E9
C06 FF 60302 092600  780 494 1886    -2245588   -238         770    -39    4   9  106   +6  132   +7  132    7   3  0  0 L3B F6
C07 FF 60302 092600  780 686 2756    +5249637   +618         845    +12    5   9   87   +0   94  -20   94  -20   3  0  0 L3B F5
C09 FF 60302 092600  780 638 2188    +2591903   +476         829    -27    6   9   90   +3  109   -3  109   -3   5  0  0 L3B F4
C10 FF 60302 092600  780 565 2674     +656189   +142         789     -7    7   9   97   -1   97  -12   97  -12   5  0  0 L3B DE
C11 FF 60302 092600  780 728 1685    -3223461   -176         818    +15    4   9   85   -3   99  -21   99  -21   2  0  0 L3B F1
C12 FF 60302 092600  780 424  488    -8164563    +69         689    -41   16   9  120  +14   63   -6   63   -6  11  0  0 L3B EA
C16 FF 60302 092600  780 480 1870    +2430988   +183         770    -22   11   9  109   +7  133   -3  133   -3   7  0  0 L3B FD
C03 FF 60302 094200  780 415 1885    +1444961   -208         754     -3    2   9  122   +0  103  -13  103  -13   1  0  0 L3B E1
C06 FF 60302 094200  780 455 1906    -2245804   -222         746    -22    7   9  113   +8  128   -5  128   -5   4  0  0 L3B EE
C07 FF 60302 094200  780 693 2820    +5250235   +596         862    -10    6   9   86   +0   71   -8   71   -8   4  0  0 L3B C2
C09 FF 60302 094200  780 599 2175    +2592373   +504         815     +1    6   9   93   +4  101  -19  101  -19   4  0  0 L3B F0
C10 FF 60302 094200  780 573 2722     +656333   +164         789    +14    5   9   96   -1   81  -28   81  -28   3  0  0 L3B D7
C11 FF 60302 094200  780 794 1530    -3223638   -166         825    +25    5   9   82   -2   84  -28   84  -28   3  0  0 L3B EB
C12 FF 60302 094200  780 365  464    -8164488    +44         658    -67   15   9  135  +19   51  +10   51   10   8  0  0 L3B EA
C16 FF 60302 094200  780 441 1892    +2431160   +171         746    -34    6   9  116   +8  130   +4  130    4   4  0  0 L3B CB
C03 FF 60302 095800  780 415 1885    +1444756   -204         746     +2    4   9  122   +0   97  -12   97  -12   3  0  0 L3B DE
C06 FF 60302 095800  780 416 1923    -2246005   -230         737    -31    9   9  122  +10  116   +6  116    6   7  0  0 L3B E5
C07 FF 60302 095800  780 700 2882    +5250812   +573         855    -33    7   9   86   +0   65  +12   65   12   4  0  0 L3B D7
C09 FF 60302 095800  780 559 2168    +2592843   +496         802     -7    4   9   98   +5   93  -12   93  -12   3  0  0 L3B EE
C10 FF 60302 095800  780 581 2769     +656470   +142         783     -8    6   9   95   -1   69   -9   69   -9   5  0  0 L3B C1
C11 FF 60302 095800  780 829 1087    -3223814   -193         833     -1    3   9   82   +0   67  -13   67  -13   2  0  0 L3B CE
C12 FF 60302 095800  780 306  454    -8164429    +74         611    -36   17   9  158  +28   50   -8   50   -8  11  0  0 L3B E6
C03 FF 60302 101400  780 416 1885    +1444560   -201         742     +4    3  10  122   +0   85  -10   85  -10   2  0  0 L3B BF
C06 FF 60302 101400  780 377 1938    -2246218   -204         723     -4    7  10  132  +12  115  -13  115  -13   5  0  0 L3B 03
C07 FF 60302 101400  780 707 2942    +5251398   +626         860    +19    6  10   86   +0   53  -16   53  -16   4  0  0 L3B EA
C09 FF 60302 101400  780 518 2163    +2593315   +500         797     -3    5  10  103   +6   87  -13   87  -13   4  0  0 L3B E0
C10 FF 60302 101400  780 589 2814     +656612   +170         818    +24    5  10   94   -1   55  -21   55  -21   4  0  0 L3B C9
C11 FF 60302 101400  780 797  637    -3223991   -180         846    +12    3  10   82   +1   50  -26   50  -26   2  0  0 L3B C9
C12 FF 60302 101400  780 248  454    -8164366   +115         572     +5   30  10  192  +43   47  -42   47  -42  18  0  0 L3B 04
C01 FF 60302 103000  780 343 1408    -8809478    +52         614    +57    3  10  143   +0   85  -46   85  -46   2  0  0 L3B E4
C03 FF 60302 103000  780 416 1885    +1444374   -181         753    +24    2  10  121   +0   70  -28   70  -28   2  0  0 L3B DF
C06 FF 60302 103000  780 338 1951    -2246434   -212         699    -12   17  10  145  +15  119   -3  119   -3  11  0  0 L3B 1E
C07 FF 60302 103000  780 714 2999    +5251987   +610         867     +4    2  10   85   +0   44  -12   44  -12   2  0  0 L3B D1
C09 FF 60302 103000  780 477 2161    +2593773   +489         773    -13    5  10  109   +7   90   -9   90   -9   4  0  0 L3B E8
C10 FF 60302 103000  780 597 2857     +656743   +160         810    +15    8  10   94   -1   55  -17   55  -17   6  0  0 L3B D8
C11 FF 60302 103000  780 736  484    -3224188   -214         834    -21    9  10   84   +3   41   -3   41   -3   5  0  0 L3B 9F
C12 FF 60302 103000  780 190  463    -8164306    +58         527    -52   16  10  245  +71   43   -5   43   -5  10  0  0 L3B D4
C16 FF 60302 103000  780 324 1940    +2431688   +150         674    -55   17  10  150  +16  123  +23  123   23  14  0  0 L3B 27
C01 FF 60302 104600  780 344 1407    -8809494    -16         604    -10    9  10  143   +0   90   +2   90    2   7  0  0 L3B A5
C03 FF 60302 104600  780 417 1885    +1444178   -216         754    -11    3  10  121   +0   65   +8   65    8   3  0  0 L3B BE
C06 FF 60302 104600  780 300 1962    -2246653   -209         673     -8   16  10  161  +19  125  -11  125  -11  12  0  0 L3B 2C
C07 FF 60302 104600  780 722 3052    +5252568   +599         866     -7    4  10   85   +0   38   -3   38   -3   2  0  0 L3B BC
C09 FF 60302 104600  780 436 2160    +2594244   +472         762    -30   11  10  117   +9   84   +5   84    5   7  0  0 L3B D8
C10 FF 60302 104600  780 606 2897     +656890   +194         818    +49    8  10   93   -1   42  -37   42  -37   5  0  0 L3B ED
C11 FF 60302 104600  780 670  437    -3224386   -231         821    -39    9  10   88   +4   31   +5   31    5   6  0  0 L3B 9E
C12 FF 60302 104600  780 135  479    -8164262    -63         466   -173   31  10  340 +135   50  +62   50   62  20  0  0 L3B 14
C01 FF 60302 110200  780 345 1407    -8809464    -16         635    -11    5  11  142   +0   64   -6   64   -6   3  0  0 L3B B2
C02 FF 60302 110200  780 310 2229    -2796919   -376         728    -42   24  11  156   +0   66  +18   66   18  16  0  0 L3B 17
C03 FF 60302 110200  780 417 1885    +1443982   -211         754     -7    2  11  121   +0   58   +1   58    1   2  0  0 L3B 9E
C06 FF 60302 110200  780 262 1971    -2246877   -246         638    -46   29  11  182  +25  136  +26  136   26  22  0  0 L3B 4F
C07 FF 60302 110200  780 730 3103    +5253150   +607         857     -1    8  11   85   +0   31   -7   31   -7   5  0  0 L3B 97
C09 FF 60302 110200  780 395 2160    +2594700   +453         735    -50    7  11  127  +11   88  +20   88   20   5  0  0 L3B F3
C10 FF 60302 110200  780 615 2934     +657038   +152         836     +8    3  11   92   -1   32  -10   32  -10   2  0  0 L3B A2
C11 FF 60302 110200  780 603  428    -3224580   -225         812    -32    4  11   93   +6   19   +0   19    0   3  0  0 L3B 84
C01 FF 60302 111800  780 346 1406    -8809484    -47         620    -42    8  11  142   +0   61  +20   61   20   6  0  0 L3B C6
C02 FF 60302 111800  780 310 2229    -2797244   -361         724    -26    6  11  156   +0   57   +7   57    7   4  0  0 L3B C7
C03 FF 60302 111800  780 418 1885    +1443785   -210         753     -5    3  11  121   +0   48  -10   48  -10   2  0  0 L3B D1
C07 FF 60302 111800  780 740 3151    +5253733   +621         857    +13    7  11   84   +0   25  -16   25  -16   5  0  0 L3B DA
C09 FF 60302 111800  780 354 2159    +2595160   +434         712    -69    8  11  139  +14   88  +32   88   32   6  0  0 L3B 10
C10 FF 60302 111800  780 625 2968     +657182   +146         842     +2    2  11   91   -1   22   -7   22   -7   2  0  0 L3B 93
C11 FF 60302 111800  780 539  437    -3224797   -198         781     -5    9  11  100   +8   18  -20   18  -20   5  0  0 L3B DA
C01 FF 60302 113400  780 347 1405    -8809465    -56         643    -51   11  11  142   +0   40  +27   40   27   7  0  0 L3B DB
C02 FF 60302 113400  780 310 2229    -2797569   -334         720     +0    3  11  156   +0   50  -14   50  -14   2  0  0 L3B C9
C03 FF 60302 113400  780 419 1885    +1443594   -204         759     +0    4  11  121   +0   32   -7   32   -7   4  0  0 L3B B1
C04 FF 60302 113400  780 257 1239    -4470877  -1536         632     -2   10  11  185   -1   38  -10   38  -10   9  0  0 L3B 06
C07 FF 60302 113400  780 751 3196    +5254320   +593         861    -15    3  11   84   +0   17   +6   17    6   2  0  0 L3B AD
C09 FF 60302 113400  780 313 2159    +2595611   +484         681    -18    9  11  155  +18   91  -12   91  -12   6  0  0 L3B 10
C10 FF 60302 113400  780 636 2998     +657321   +141         843     -3    4  11   90   -1   20   +0   20    0   3  0  0 L3B 71
C11 FF 60302 113400  780 477  457    -3225012   -229         750    -37   11  11  109  +11   13   -4   13   -4   7  0  0 L3B CC
C01 FF 60302 115000  780 348 1405    -8809497    +20         616    +25    5  11  141   +0   52  -26   52  -26   4  0  0 L3B D5
C02 FF 60302 115000  780 310 2229    -2797889   -332         721     +3    3  11  156   +0   36  -11   36  -11   2  0  0 L3B D0
C03 FF 60302 115000  780 420 1885    +1443387   -200         749     +5    3  11  121   +0   35  -15   35  -15   2  0  0 L3B C8
C07 FF 60302 115000  780 764 3238    +5254904   +603         862     -5    4  11   83   +0   12   +4   12    4   3  0  0 L3B 8F
C09 FF 60302 115000  780 274 2158    +2596077   +465         665    -38   18  11  175  +24   88  +10   88   10  14  0  0 L3B 34
C10 FF 60302 115000  780 648 3025     +657464   +157         848    +13    4  11   89   -1   11  -12   11  -12   2  0  0 L3B BF
C11 FF 60302 115000  780 418  484    -3225231   -194         716     -2   17  11  121  +14   12  -19   12  -19  10  0  0 L3B EA
C01 FF 60302 120600  780 349 1404    -8809468    -11         654     -6    8  12  141   +0   27   +8   27    8   6  0  0 L3B A5
C02 FF 60302 120600  780 310 2229    -2798205   -334         737     +2    8  12  156   +0   25   -6   25   -6   4  0  0 L3B B5
C03 FF 60302 120600  780 421 1885    +1443180   -210         741     -5    2  12  120   +0   35   +1   35    1   1  0  0 L3B 82
C04 FF 60302 120600  780 259 1238    -4473876  -1548         551    -18   12  12  184   -1   68   -6   68   -6  11  0  0 L3B 1E
C07 FF 60302 120600  780 778 3277    +5255485   +625         858    +17    2  12   83   +0   11  -11   11  -11   2  0  0 L3B DF
C10 FF 60302 120600  780 661 3047     +657605   +151         842     +6    7  12   88   -1   11   -4   11   -4   5  0  0 L3B 8B
C11 FF 60302 120600  780 361  515    -3225438   -223         687    -31    9  12  137  +19   16   -5   16   -5   5  0  0 L3B CF
C01 FF 60302 122200  780 350 1404    -8809483    -40         643    -35   11  12  141   +0   34  +17   34   17   9  0  0 L3B D3
C03 FF 60302 122200  780 422 1885    +1442992   -204         749     +1    8  12  120   +0   27   +1   27    1   7  0  0 L3B 9E
C07 FF 60302 122200  780 793 3313    +5256075   +610         864     +2    5  12   82   +0    6   -5    6   -5   3  0  0 L3B 7F
C10 FF 60302 122200  780 675 3065     +657753   +112         851    -33    4  12   87   -1    8  +26    8   26   3  0  0 L3B A0
C11 FF 60302 122200  780 307  551    -3225662   -261         647    -70    9  12  158  +25   24  +34   24   34   6  0  0 L3B E1
C01 FF 60302 123800  780 351 1403    -8809483    +34         648    +40    9  12  140   +0   27  -32   27  -32   8  0  0 L3B DC
C03 FF 60302 123800  780 423 1885    +1442814   -242         769    -37    6  12  120   +0    9  +29    9   29   5  0  0 L3B CE
C07 FF 60302 123800  780 810 3346    +5256647   +591         852    -17    5  12   82   +0   11   +7   11    7   3  0  0 L3B B1
C10 FF 60302 123800  780 690 3076     +657900   +162         859    +17    3  12   87   -1    4  -13    4  -13   3  0  0 L3B AB
C11 FF 60302 123800  780 256  589    -3225896   -360         596   -169   13  12  186  +35   38  +93   38   93   8  0  0 L3B 3E
C01 FF 60302 125400  780 352 1402    -8809484    +59         653    +64    8  12  140   +0   22  -42   22  -42   6  0  0 L3B D9
C03 FF 60302 125400  780 424 1885    +1442586   -229         737    -24    3  12  120   +0   28  +11   28   11   3  0  0 L3B DA
C07 FF 60302 125400  780 829 3374    +5257240   +605         863     -3    6  12   81   +0    5   +3    5    3   4  0  0 L3B 78
C10 FF 60302 125400  780 706 3079     +658041   +154         860     +9    3  12   86   -1    4   -6    4   -6   2  0  0 L3B 73
C11 FF 60302 125400  780 207  630    -3226096   -293         580   -102   20  12  227  +51   28  +37   28   37  11  0  0 L3B 11
C14 FF 60302 125400  780 198 1068    +1815472   -756         576    +42   26  12  237  -50   35   -9   35   -9  16  0  0 L3B 21
C03 FF 60302 131000  780 425 1885    +1442401   -167         751    +38    5  13  120   +0   19  -18   19  -18   4  0  0 L3B E7
C07 FF 60302 131000  780 850 3393    +5257823   +587         871    -20    2  13   81   +0    9  +16    9   16   2  0  0 L3B B5
C10 FF 60302 131000  780 723 3072     +658180   +166         848    +20    3  13   85   -1    6   -9    6   -9   3  0  0 L3B 85
C11 FF 60302 131000  780 160  673    -3226332   -332         526   -141   14  13  289  +82   44  +72   44   72   9  0  0 L3B 06
C14 FF 60302 131000  780 239 1009    +1814731   -765         602    +32   29  13  199  -31   34   -8   34   -8  19  0  0 L3B 0C
C03 FF 60302 132600  780 426 1885    +1442221   -219         768    -13    2  13  119   +0    8   +1    8    1   1  0  0 L3B 8F
C07 FF 60302 132600  780 872 3386    +5258418   +593         882    -14    4  13   81   +0    2   +5    2    5   3  0  0 L3B 96
C10 FF 60302 132600  780 740 3052     +658332   +153         859     +7    3  13   84   -1    3   +0    3    0   2  0  0 L3B 52
C11 FF 60302 132600  780 115  717    -3226527   -311         514   -119   19  13  395 +148   31  +45   31   45  12  0  0 L3B 29
C14 FF 60302 132600  780 274  944    +1814000   -795         637     +2   33  13  175  -19   22   +9   22    9  21  0  0 L3B D7
C03 FF 60302 134200  780 427 1886    +1442011   -208         756     -3    6  13  119   +0   17   -1   17   -1   6  0  0 L3B AE
C07 FF 60302 134200  780 895 2976    +5259002   +601         885     -5    5  13   81   +0   -2   +3   -2    3   3  0  0 L3B 93
C08 FF 60302 134200  780 384 1935    -1597727   +278         715    +28   16  13  130  -10   48   -9   48   -9  10  0  0 L3B 20
C10 FF 60302 134200  780 757 3014     +658462   +143         849     -3    4  13   83   -1    8   +4    8    4   2  0  0 L3B 68
C14 FF 60302 134200  780 301  872    +1813262   -789         664     +8   25  13  161  -11   18   +1   18    1  16  0  0 L3B D0
C07 FF 60302 135800  780 877 1833    +5259577   +604         877     -3    5  13   81   +0    3   +2    3    2   3  0  0 L3B 8A
C08 FF 60302 135800  780 417 1975    -1597474   +306         728    +56   15  13  121   -8   48  -29   48  -29  10  0  0 L3B 3E
C10 FF 60302 135800  780 772 2952     +658611   +155         857     +9    3  13   83   +0    7   +3    7    3   2  0  0 L3B 70
C14 FF 60302 135800  780 319  796    +1812507   -725         675    +72   11  13  153   -5   18  -34   18  -34   9  0  0 L3B 0B
C03 FF 60302 141400  780 429 1886    +1441618   -199         753     +6    6  14  119   +0   16   -5   16   -5   5  0  0 L3B C9
C07 FF 60302 141400  780 850 1803    +5260158   +598         880     -8    4  14   81   +0    6   +8    6    8   3  0  0 L3B 87
C08 FF 60302 141400  780 449 2020    -1597225   +258         734     +8    7  14  115   -6   51   +1   51    1   4  0  0 L3B AB
C10 FF 60302 141400  780 784 2862     +658758   +150         868     +4    3  14   83   +0    6   -2    6   -2   2  0  0 L3B 7C
C14 FF 60302 141400  780 325  718    +1811733   -792         700    +11   13  14  150   +0   30   -2   30   -2   9  0  0 L3B B0
C03 FF 60302 143000  780 430 1886    +1441407   -197         739     +8    9  14  118   +0   28   -4   28   -4   7  0  0 L3B C7
C07 FF 60302 143000  780 821 1811    +5260744   +599         884     -7    6  14   82   +1    4   +5    4    5   4  0  0 L3B 82
C08 FF 60302 143000  780 478 2070    -1596968   +284         751    +34   11  14  109   -5   42  -19   42  -19   8  0  0 L3B 1C
C10 FF 60302 143000  780 790 2744     +658901   +154         870     +9    3  14   82   +0    6   -3    6   -3   2  0  0 L3B 6F
C14 FF 60302 143000  780 319  642    +1810983   -784         720    +19   15  14  153   +5   21  -11   21  -11  10  0  0 L3B F0
C07 FF 60302 144600  780 791 1827    +5261325   +616         883    +10    3  14   82   +1    7   -3    7   -3   2  0  0 L3B 9B
C08 FF 60302 144600  780 506 2125    -1596719   +262         760    +12    7  14  105   -4   42   +3   42    3   5  0  0 L3B BE
C10 FF 60302 144600  780 788 2610     +659043   +148         872     +2    3  14   82   +0    8   +4    8    4   2  0  0 L3B 68
C14 FF 60302 144600  780 301  571    +1810206   -794         714     +9   17  14  160  +11   23  -12   23  -12  10  0  0 L3B E9
C07 FF 60302 150200  780 760 1844    +5261895   +623         861    +16    3  15   83   +1   12  -14   12  -14   2  0  0 L3B D9
C08 FF 60302 150200  780 531 2187    -1596469   +238         789    -10    8  15  101   -3   42  +15   42   15   7  0  0 L3B F2
C10 FF 60302 150200  780 778 2484     +659176   +155         856     +8    4  15   83   +0   13   -6   13   -6   3  0  0 L3B A5
C14 FF 60302 150200  780 273  509    +1809412   -895         669    -96   23  15  175  +20   25  +46   25   46  13  0  0 L3B 1F
C07 FF 60302 151800  780 727 1862    +5262471   +592         854    -16    4  15   85   +2   13   +8   13    8   3  0  0 L3B C1
C10 FF 60302 151800  780 761 2382     +659318   +135         858    -12    6  15   83   +1   10   +0   10    0   3  0  0 L3B 8E
C14 FF 60302 151800  780 236  457    +1808638   -904         661   -105   17  15  200  +33   16  +55   16   55  11  0  0 L3B 20
C07 FF 60302 153400  780 694 1880    +5263047   +573         848    -34    3  15   86   +2   14  +18   14   18   2  0  0 L3B E7
C08 FF 60302 153400  780 572 2325    -1595969   +255         813     +7    5  15   96   -2   41   +2   41    2   4  0  0 L3B AD
C10 FF 60302 153400  780 738 2306     +659454   +140         853     -7    5  15   84   +1   11   +4   11    4   3  0  0 L3B 82
C13 FF 60302 153400  780 474 2316    -3995074     +9         755    +55    6  15  110   -3   40  -30   40  -30   5  0  0 L3B CD
C14 FF 60302 153400  780 193  417    +1807834   -893         625    -94   19  15  242  +56   24  +39   24   39  12  0  0 L3B 27
C03 FF 60302 155000  780 436 1887    +1440437   -188         748    +16   10  15  117   +0   23  -19   23  -19   9  0  0 L3B 0E
C07 FF 60302 155000  780 659 1896    +5263620   +601         838     -6    3  15   88   +2   20   +1   20    1   2  0  0 L3B 9C
C08 FF 60302 155000  780 588 2402    -1595726   +251         818     +3    7  15   95   -1   40   +0   40    0   4  0  0 L3B 9C
C10 FF 60302 155000  780 710 2253     +659593   +146         851     +0    5  15   85   +2   12   -1   12   -1   3  0  0 L3B 83
C13 FF 60302 155000  780 491 2375    -3995113     +9         761    +55    9  15  107   -3   42  -30   42  -30   8  0  0 L3B D6
C14 FF 60302 155000  780 145  386    +1807038   -644         597   +156   39  15  317 +106   27 -108   27 -108  24  0  0 L3B 75
C03 FF 60302 160600  780 437 1887    +1440245   -176         757    +29    6  16  117   +0   16  -18   16  -18   5  0  0 L3B 03
C07 FF 60302 160600  780 624 1912    +5264186   +600         827     -7    5  16   91   +3   27   +0   27    0   3  0  0 L3B 9C
C08 FF 60302 160600  780 600 2482    -1595486   +251         816     +2    8  16   93   -1   42   -2   42   -2   6  0  0 L3B B0
C10 FF 60302 160600  780 680 2216     +659721   +148         842     +2    4  16   87   +2   16   -7   16   -7   2  0  0 L3B 9C
C13 FF 60302 160600  780 504 2437    -3995145    -49         767     -4    9  16  105   -2   36   +8   36    8   7  0  0 L3B BD
C03 FF 60302 162200  780 438 1887    +1440059   -234         768    -29    7  16  117   +0    9  +25    9   25   5  0  0 L3B D6
C07 FF 60302 162200  780 588 1927    +5264755   +603         814     -4    7  16   94   +4   29   -4   29   -4   4  0  0 L3B C9
C08 FF 60302 162200  780 609 2564    -1595232   +248         832     +0    7  16   93   -1   31   +2   31    2   4  0  0 L3B 99
C10 FF 60302 162200  780 647 2191     +659856   +117         837    -29    3  16   89   +3   13  +15   13   15   2  0  0 L3B CE
C13 FF 60302 162200  780 516 2500    -3995188    -24         768    +22    5  16  103   -2   38  -13   38  -13   3  0  0 L3B E5
C01 FF 60302 163800  780 364 1395    -8809472     -4         724     +0    8  16  136   +0   19   +3   19    3   6  0  0 L3B 97
C03 FF 60302 163800  780 439 1887    +1439859   -168         764    +36    6  16  116   +0   15  -28   15  -28   6  0  0 L3B 1A
C07 FF 60302 163800  780 552 1941    +5265322   +601         798     -6    5  16   98   +5   32   -2   32   -2   3  0  0 L3B B7
C08 FF 60302 163800  780 614 2646    -1594994   +252         831     +4    2  16   92   +0   32   +2   32    2   2  0  0 L3B A0
C10 FF 60302 163800  780 613 2174     +659985   +141         825     -5    4  16   92   +3   17   +0   17    0   3  0  0 L3B 8E
C13 FF 60302 163800  780 525 2564    -3995217    -43         782     +3    7  16  102   -1   28   +0   28    0   5  0  0 L3B A4
C01 FF 60302 165400  780 365 1394    -8809487     -5         713     -1    9  16  136   +0   28   -5   28   -5   8  0  0 L3B B3
C02 FF 60302 165400  780 327 2240    -2804008   -304         727    +32   12  16  149   -1   -1  -32   -1  -32   9  0  0 L3B E6
C03 FF 60302 165400  780 440 1887    +1439661   -227         763    -22    9  16  116   +0   14  +12   14   12   8  0  0 L3B E5
C07 FF 60302 165400  780 515 1954    +5265894   +582         789    -25    7  16  103   +5   29   +8   29    8   5  0  0 L3B EF
C08 FF 60302 165400  780 618 2726    -1594753   +253         834     +4    4  16   92   +0   29   -8   29   -8   3  0  0 L3B C8
C10 FF 60302 165400  780 577 2163     +660114   +128         814    -19    6  16   96   +4   19   +6   19    6   4  0  0 L3B AB
C13 FF 60302 165400  780 533 2628    -3995269    -51         774     -6    6  16  101   -1   33   -1   33   -1   5  0  0 L3B B5
C01 FF 60302 171000  780 365 1394    -8809495    -28         710    -23    5  17  135   +0   28  +23   28   23   4  0  0 L3B DA
C02 FF 60302 171000  780 329 2241    -2804345   -329         716     +7    9  17  149   -1    5   -5    5   -5   6  0  0 L3B 9F
C03 FF 60302 171000  780 441 1887    +1439463   -239         764    -34    6  17  116   +0   15  +26   15   26   5  0  0 L3B ED
C07 FF 60302 171000  780 479 1966    +5266470   +602         782     -5    5  17  109   +7   26   -8   26   -8   3  0  0 L3B D9
C08 FF 60302 171000  780 619 2805    -1594519   +259         819     +9    6  17   92   +0   29  -11   29  -11   3  0  0 L3B E5
C10 FF 60302 171000  780 541 2155     +660244   +131         810    -15    5  17  100   +5   17   +2   17    2   3  0  0 L3B 88
C13 FF 60302 171000  780 539 2691    -3995306    -58         779    -13    5  17  100   -1   28   +4   28    4   3  0  0 L3B C2
C01 FF 60302 172600  780 366 1394    -8809516    -16         692    -11    8  17  135   +0   45  +12   45   12   6  0  0 L3B DE
C03 FF 60302 172600  780 442 1887    +1439261   -173         760    +32    7  17  116   +0   20  -23   20  -23   6  0  0 L3B E9
C07 FF 60302 172600  780 442 1976    +5267038   +586         767    -21   11  17  116   +8   26   +2   26    2   8  0  0 L3B EA
C08 FF 60302 172600  780 619 2880    -1594282   +256         816     +7    5  17   92   +0   28   -7   28   -7   3  0  0 L3B CB
C10 FF 60302 172600  780 504 2150     +660373   +150         799     +4    6  17  105   +6   17   -9   17   -9   4  0  0 L3B AE
C13 FF 60302 172600  780 543 2753    -3995352    -50         777     -5    6  17   99   -1   27   -5   27   -5   4  0  0 L3B BD
C01 FF 60302 174200  780 366 1393    -8809507    +24         706    +28    6  17  135   +0   38  -18   38  -18   5  0  0 L3B F6
C03 FF 60302 174200  780 443 1888    +1439073   -198         768     +7    7  17  116   +0   19   -1   19   -1   6  0  0 L3B D3
C07 FF 60302 174200  780 405 1986    +5267597   +574         744    -32   13  17  124  +10   34  +13   34   13   9  0  0 L3B 19
C08 FF 60302 174200  780 617 2952    -1594035   +224         824    -25    3  17   92   +0   24  +12   24   12   2  0  0 L3B CD
C10 FF 60302 174200  780 467 2146     +660502   +123         789    -23    8  17  111   +7   18   +5   18    5   5  0  0 L3B B1
C13 FF 60302 174200  780 547 2813    -3995394    -32         778    +14    5  17   99   +0   26   -8   26   -8   4  0  0 L3B D1
C01 FF 60302 175800  780 366 1393    -8809496     +0         722     +4    6  17  135   +0   30   +6   30    6   6  0  0 L3B 92
C03 FF 60302 175800  780 444 1888    +1438874   -207         766     -2    3  17  115   +0   17   -6   17   -6   3  0  0 L3B D3
C07 FF 60302 175800  780 369 1994    +5268160   +584         725    -22   15  17  134  +12   36   +2   36    2  11  0  0 L3B 08
C08 FF 60302 175800  780 616 3020    -1593796   +268         823    +18    6  17   92   +0   21   -9   21   -9   4  0  0 L3B D4
C10 FF 60302 175800  780 429 2144     +660621   +111         768    -35   10  17  118   +9   24  +12   24   12   7  0  0 L3B DD
C13 FF 60302 175800  780 550 2871    -3995433    -44         782     +1    5  17   99   +0   23   -2   23   -2   3  0  0 L3B A7
C01 FF 60302 181400  780 366 1393    -8809499    +20         723    +25    9  18  135   +0   27  -17   27  -17   7  0  0 L3B F8
C02 FF 60302 181400  780 334 2245    -2805635   -314         720    +22   13  18  146   -1   13  -15   13  -15   8  0  0 L3B F4
C03 FF 60302 181400  780 445 1888    +1438673   -216         760    -11    2  18  115   +0   18  +11   18   11   1  0  0 L3B DD
C07 FF 60302 181400  780 333 2001    +5268719   +586         691    -22   21  18  147  +14   40   +0   40    0  14  0  0 L3B EB
C08 FF 60302 181400  780 615 3084    -1593556   +265         828    +16    9  18   92   +0   19  -13   19  -13   6  0  0 L3B FA
C10 FF 60302 181400  780 392 2143     +660746   +162         752    +16    5  18  128  +11   26  -24   26  -24   4  0  0 L3B ED
C13 FF 60302 181400  780 554 2926    -3995472    -33         800    +14    6  18   98   +0   17  -10   17  -10   4  0  0 L3B D7
C01 FF 60302 183000  780 367 1393    -8809493     +7         733    +11    3  18  135   +0   22   -6   22   -6   2  0  0 L3B A9
C02 FF 60302 183000  780 335 2246    -2805949   -345         729     -9   12  18  146   -1   12   +8   12    8   9  0  0 L3B D3
C03 FF 60302 183000  780 445 1888    +1438485   -185         769    +20    3  18  115   +0   14  -13   14  -13   2  0  0 L3B F5
C07 FF 60302 183000  780 297 2006    +5269289   +582         677    -26   20  18  162  +18   35   -8   35   -8  14  0  0 L3B 25
C08 FF 60302 183000  780 615 3145    -1593317   +248         828     -1    8  18   92   +0   19   -1   19   -1   5  0  0 L3B B6
C10 FF 60302 183000  780 354 2141     +660864   +110         730    -36   14  18  139  +13   30  +18   30   18  11  0  0 L3B F0
C13 FF 60302 183000  780 558 2980    -3995519    -52         797     -5    8  18   98   +0   19   +1   19    1   5  0  0 L3B B5
C01 FF 60302 184600  780 367 1393    -8809491     -2         740     +3    3  18  135   +0   21   +2   21    2   3  0  0 L3B 82
C02 FF 60302 184600  780 337 2247    -2806283   -330         718     +7   10  18  145   -1   24   -2   24   -2   9  0  0 L3B CF
C03 FF 60302 184600  780 446 1888    +1438295   -199         776     +6    1  18  115   +0   13   -4   13   -4   1  0  0 L3B CE
C07 FF 60302 184600  780 262 2011    +5269839   +491         643   -117   28  18  182  +23   44  +68   44   68  18  0  0 L3B 51
C08 FF 60302 184600  780 615 3204    -1593074   +231         831    -18    5  18   92   +0   18  +14   18   14   3  0  0 L3B D5
C10 FF 60302 184600  780 318 2140     +660988   +130         714    -16   18  18  153  +16   30   +1   30    1  13  0  0 L3B D4
C13 FF 60302 184600  780 562 3030    -3995552    -36         810    +11    8  18   97   -1   11   -2   11   -2   5  0  0 L3B A9
C01 FF 60302 190200  780 367 1393    -8809507     +0         726     +4    4  19  135   +0   23   +2   23    2   3  0  0 L3B 80
C02 FF 60302 190200  780 338 2248    -2806583   -313         739    +23   10  19  145   +0   13  -20   13  -20   7  0  0 L3B F7
C03 FF 60302 190200  780 446 1888    +1438095   -217         774    -12    4  19  115   +0   18  +10   18   10   3  0  0 L3B E4
C04 FF 60302 190200  780 268 1231    -4512062  -1520         583    +12   11  19  179   +0   63   +2   63    2   9  0  0 L3B D7
C08 FF 60302 190200  780 617 3259    -1592835   +271         839    +22    8  19   92   +0   18  -14   18  -14   5  0  0 L3B F8
C10 FF 60302 190200  780 281 2138     +661114   +132         691    -15   18  19  171  +21   30   +1   30    1  13  0  0 L3B C3
C13 FF 60302 190200  780 567 3079    -3995603    -47         799     -1    8  19   97   -1   19   -2   19   -2   5  0  0 L3B C5
C01 FF 60302 191800  780 366 1393    -8809507     -2         731     +2    3  19  135   +0   23   +5   23    5   3  0  0 L3B 89
C02 FF 60302 191800  780 339 2249    -2806915   -318         730    +18    8  19  144   +0   21  -10   21  -10   5  0  0 L3B EF
C03 FF 60302 191800  780 447 1888    +1437891   -215         767    -10    2  19  115   +0   24  +10   24   10   2  0  0 L3B E4
C04 FF 60302 191800  780 267 1231    -4513508  -1498         608    +35    6  19  179   +0   56  -18   56  -18   4  0  0 L3B 24
C08 FF 60302 191800  780 621 3313    -1592593   +233         843    -15    8  19   91   +0   16  +14   16   14   5  0  0 L3B DB
C13 FF 60302 191800  780 574 3125    -3995645    -54         801     -8    6  19   96   -1   19  +12   19   12   4  0  0 L3B CC
C01 FF 60302 193400  780 366 1393    -8809514     -8         728     -4    4  19  135   +0   31   +9   31    9   4  0  0 L3B 9D
C02 FF 60302 193400  780 340 2250    -2807214   -325         754    +12   12  19  144   +0    3   -8    3   -8  10  0  0 L3B B9
C03 FF 60302 193400  780 447 1888    +1437708   -179         781    +26    4  19  115   +0   12  -24   12  -24   3  0  0 L3B FF
C08 FF 60302 193400  780 627 3364    -1592358   +257         839     +9   12  19   91   -1   20   -2   20   -2   7  0  0 L3B CF
C13 FF 60302 193400  780 582 3168    -3995674    -47         816     +0    5  19   95   -1   14   +2   14    2   3  0  0 L3B A1
C01 FF 60302 195000  780 366 1393    -8809517     -7         729     -3    4  19  135   +0   33   +5   33    5   3  0  0 L3B 98
C02 FF 60302 195000  780 341 2251    -2807543   -315         747    +21   12  19  144   +0    7  -13    7  -13   9  0  0 L3B D7
C03 FF 60302 195000  780 448 1888    +1437509   -224         779    -19    2  19  115   +0   16  +21   16   21   1  0  0 L3B EE
C08 FF 60302 195000  780 635 3415    -1592118   +233         841    -15    7  19   90   -1   18  +11   18   11   4  0  0 L3B D4
C13 FF 60302 195000  780 592 3210    -3995714    -40         821     +6    6  19   94   -1   13   +1   13    1   4  0  0 L3B 87
C01 FF 60302 200600  780 366 1393    -8809541     -4         714     +1    6  20  135   +0   42   +4   42    4   5  0  0 L3B 7B
C02 FF 60302 200600  780 342 2252    -2807858   -375         739    -40    9  20  143   +0    8  +29    8   29   7  0  0 L3B D1
C03 FF 60302 200600  780 448 1889    +1437306   -205         771     +0    2  20  115   +0   24   +3   24    3   2  0  0 L3B 95
C08 FF 60302 200600  780 645 3465    -1591872   +252         840     +3    2  20   90   -1   15   +3   15    3   1  0  0 L3B 90
C13 FF 60302 200600  780 604 3249    -3995762    -35         825    +12    9  20   93   -1   16   +0   16    0   5  0  0 L3B 9D
C01 FF 60302 202200  780 365 1393    -8809528    +30         731    +35    7  20  135   +0   34  -20   34  -20   7  0  0 L3B D0
C02 FF 60302 202200  780 343 2253    -2808198   -324         720    +10   12  20  143   +0   21   -2   21   -2  10  0  0 L3B C1
C03 FF 60302 202200  780 448 1889    +1437112   -198         773     +7    2  20  115   +0   22   -5   22   -5   1  0  0 L3B B0
C08 FF 60302 202200  780 657 3514    -1591629   +282         845    +33    5  20   89   -1   15  -21   15  -21   3  0  0 L3B E3
C13 FF 60302 202200  780 617 3285    -3995798    -35         833    +12   10  20   92   -1   17   -2   17   -2   6  0  0 L3B C4
C01 FF 60302 203800  780 365 1394    -8809507    +14         758    +19    6  20  136   +0   20   -7   20   -7   5  0  0 L3B C0
C02 FF 60302 203800  780 344 2253    -2808509   -336         730     -2   12  20  143   +0   17   +1   17    1   9  0  0 L3B AD
C03 FF 60302 203800  780 448 1889    +1436916   -201         775     +4    2  20  115   +0   21   -4   21   -4   1  0  0 L3B AE
C08 FF 60302 203800  780 671 3565    -1591392   +250         842     +1    6  20   88   -1   19   +1   19    1   3  0  0 L3B A1
C13 FF 60302 203800  780 633 3319    -3995842    -20         835    +27    6  20   90   -1   19  -16   19  -16   4  0  0 L3B DE
C01 FF 60302 205400  780 364 1394    -8809501     +0         768     +5    9  20  136   +0   20   -1   20   -1   8  0  0 L3B 88
C03 FF 60302 205400  780 448 1889    +1436719   -205         775     +0    2  20  115   +0   22   +0   22    0   1  0  0 L3B 98
C08 FF 60302 205400  780 688   17    -1591139   +238         856    -11    2  20   87   -1   11  +11   11   11   2  0  0 L3B A5
C13 FF 60302 205400  780 651 3350    -3995877    -12         845    +35    7  20   89   -1   14  -20   14  -20   5  0  0 L3B D6
C03 FF 60302 211000  780 448 1889    +1436523   -213         776     -8    8  21  115   +0   22   +7   22    7   7  0  0 L3B AF
C08 FF 60302 211000  780 706   71    -1590896   +250         868     +1    7  21   86   -1   16   +6   16    6   4  0  0 L3B 81
C13 FF 60302 211000  780 671 3378    -3995914    -31         838    +15    6  21   88   -1   12   -3   12   -3   3  0  0 L3B AF
C03 FF 60302 212600  780 448 1889    +1436314   -203         763     +2    7  21  115   +0   32   -2   32   -2   6  0  0 L3B AC
C08 FF 60302 212600  780 727  132    -1590654   +252         872     +4    4  21   85   -1   19   +2   19    2   3  0  0 L3B 8A
C13 FF 60302 212600  780 692 3402    -3995946    -44         849     +2    5  21   86   -1   10   +2   10    2   3  0  0 L3B 8C
C16 FF 60302 212600  780 401 1854    +2439741   +231         694    +29   13  21  125   -9   59   -5   59   -5   9  0  0 L3B F4
C03 FF 60302 214200  780 447 1889    +1436116   -201         762     +4    5  21  115   +0   31   -8   31   -8   3  0  0 L3B AD
C08 FF 60302 214200  780 749  201    -1590412   +245         876     -3    3  21   84   -1   21   +7   21    7   2  0  0 L3B 81
C13 FF 60302 214200  780 716 3421    -3995993    -33         845    +13    3  21   85   -1   16   -6   16   -6   2  0  0 L3B B5
C16 FF 60302 214200  780 435 1885    +2439967   +216         725    +14    9  21  117   -8   50   +5   50    5   7  0  0 L3B D1
C08 FF 60302 215800  780 772  287    -1590172   +247         878     -1    3  21   83   -1   24   +6   24    6   2  0  0 L3B 9A
C13 FF 60302 215800  780 742 3434    -3996037    -29         845    +16    3  21   84   -1   18  -12   18  -12   2  0  0 L3B DA
C16 FF 60302 215800  780 469 1919    +2440177   +224         741    +22    8  21  111   -6   52   -1   52   -1   7  0  0 L3B CC
C08 FF 60302 221400  780 795  401    -1589926   +245         883     -3    4  22   82   -1   24   +3   24    3   3  0  0 L3B 93
C13 FF 60302 221400  780 770 3436    -3996073    -40         854     +6    5  22   83   -1   16   +0   16    0   3  0  0 L3B 88
C08 FF 60302 223000  780 816  570    -1589682   +256         889     +7    4  22   82   +0   22   -3   22   -3   3  0  0 L3B A3
C13 FF 60302 223000  780 799 3418    -3996118    -54         853     -8    8  22   82   -1   21   +9   21    9   5  0  0 L3B A7
C16 FF 60302 223000  780 533 2002    +2440613   +202         819     +3    8  22  101   -4   40  +11   40   11   7  0  0 L3B A2
C08 FF 60302 224600  780 830  821    -1589437   +262         896    +14    3  22   81   +0   23   -2   23   -2   2  0  0 L3B A9
C13 FF 60302 224600  780 828 3357    -3996155    -52         859     -6    7  22   82   -1   19   +7   19    7   4  0  0 L3B B4
C16 FF 60302 224600  780 562 2052    +2440815   +217         830    +18    8  22   97   -3   44   +1   44    1   5  0  0 L3B AA
C08 FF 60302 230200  780 828 1130    -1589199   +267         877    +16    3  23   82   +0   33   +1   33    1   2  0  0 L3B B1
C13 FF 60302 230200  780 855 3169    -3996194    -29         875    +18    4  23   81   +0   24   +1   24    1   2  0  0 L3B A8
C08 FF 60302 231800  780 811 1386    -1588955   +253         880     +3    3  23   82   +1   44  +12   44   12   2  0  0 L3B C6
C13 FF 60302 231800  780 865 2678    -3996239    -37         874    +10    5  23   81   +0   37   +9   37    9   3  0  0 L3B C4
C16 FF 60302 231800  780 615 2170    +2441228   +198         817     -6    3  23   92   -2   51  +18   51   18   2  0  0 L3B C4
C06 FF 60302 233400  780 611 2229    -2255703   -198         848     +3    3  23   92   -2   48  +13   48   13   2  0  0 L3B C8
C08 FF 60302 233400  780 784 1555    -1588720   +250         874     -1    6  23   83   +1   59  +12   59   12   4  0  0 L3B D3
C12 FF 60302 233400  780 102 3162    -8159281    +82         499    -26   28  23  442  -35   18  +33   18   33  19  0  0 L3B 18
C13 FF 60302 233400  780 844 2292    -3996282    -66         876    -19    6  23   81   +0   49  +25   49   25   4  0  0 L3B E8
C16 FF 60302 233400  780 638 2240    +2441436   +226         829    +22    2  23   90   -2   57   +0   57    0   2  0  0 L3B A4
