CGGTTS     GENERIC DATA FORMAT VERSION = 2E
REV DATE = 2023-12-15                    
RCVR = TRIMBLE NETR9 5049K72188      R2CGGTTS v8.6    
CH = 12 
IMS = TRIMBLE NETR9 5049K72188      
LAB = CEPNT                         
X = -2154293.56 m 
Y = +4373452.74 m 
Z = +4098891.74 m 
FRAME = ITRF
COMMENTS =           no comments                   
TOT DLY =    0.0 ns (BDS B1I),    0.0 ns (BDS B2I)
REF = ITRF10                        
CKSUM = C3

SAT CL  MJD  STTIME TRKL ELV AZTH   REFSV      SRSV     REFSYS    SRSYS  DSG IOE MDTR SMDT MDIO SMDI MSIO SMSI ISG FR HC FRC CK
             hhmmss  s  .1dg .1dg    .1ns     .1ps/s     .1ns    .1ps/s .1ns     .1ns.1ps/s.1ns.1ps/s.1ns.1ps/s.1ns
C06 FF 60303 000600  780 649 2373    -2256078   -200         869     +1    3   0   89   -1   68  +14   68   14   2  0  0 L3B BB
C08 FF 60303 000600  780 713 1743    -1588257   +232         858    -18    7   0   85   +2   89  +25   89   25   4  0  0 L3B E1
C12 FF 60303 000600  780 100 3042    -8159068   +147         485    +37   31   0  448  +40   54   +1   54    1  19  0  0 L3B D9
C13 FF 60303 000600  780 772 2111    -3996364    -37         873     +9    4   0   83   +1   72  +10   72   10   2  0  0 L3B 98
C16 FF 60303 000600  780 674 2401    +2441842   +213         844     +9    3   0   88   -1   74   +9   74    9   2  0  0 L3B 8F
C06 FF 60303 002200  780 663 2453    -2256266   -206         874     -5    3   0   88   -1   77  +15   77   15   2  0  0 L3B BC
C08 FF 60303 002200  780 674 1800    -1588019   +247         856     -4    3   0   88   +3  102   +8  102    8   2  0  0 L3B AE
C13 FF 60303 002200  780 732 2092    -3996419    -71         862    -26    4   0   84   +2   90  +25   90   25   3  0  0 L3B B7
C16 FF 60303 002200  780 687 2490    +2442038   +207         845     +3    6   0   87   -1   86  +10   86   10   4  0  0 L3B AF
C06 FF 60303 003800  780 675 2537    -2256457   -204         877     -3    6   0   87   -1   91  +21   91   21   3  0  0 L3B BF
C08 FF 60303 003800  780 633 1845    -1587796   +249         839     -2    4   0   90   +3  123  +11  123   11   3  0  0 L3B DA
C13 FF 60303 003800  780 691 2086    -3996472    -52         853     -6    7   0   86   +2  106  +15  106   15   4  0  0 L3B D1
C16 FF 60303 003800  780 696 2583    +2442235   +208         847     +4    5   0   86   +0   97  +13   97   13   4  0  0 L3B C1
C06 FF 60303 005400  780 684 2623    -2256645   -202         882     +0    3   0   87   +0  100  +11  100   11   1  0  0 L3B B1
C08 FF 60303 005400  780 591 1882    -1587566   +224         828    -26    5   0   94   +4  138  +23  138   23   3  0  0 L3B FC
C09 FF 60303 005400  780 503 2481    +2619842   +490         798    -12    4   0  105   -2  133  +30  133   30   3  0  0 L3B EA
C13 FF 60303 005400  780 649 2087    -3996526    -53         842     -7    7   0   89   +3  122  +20  122   20   4  0  0 L3B CB
C16 FF 60303 005400  780 703 2677    +2442435   +217         851    +14    2   0   86   +0  106   +2  106    2   1  0  0 L3B AA
C03 FF 60303 011000  780 438 1889    +1433591   -175         814    +31    4   1  117   +0  134   -6  134   -6   4  0  0 L3B D7
C06 FF 60303 011000  780 690 2709    -2256833   -204         890     -2    4   1   87   +0  107  +23  107   23   2  0  0 L3B C7
C08 FF 60303 011000  780 548 1912    -1587343   +225         814    -25    4   1   99   +5  157  +27  157   27   3  0  0 L3B F5
C09 FF 60303 011000  780 513 2537    +2620333   +497         801     -5    3   1  103   -1  138  +24  138   24   2  0  0 L3B CF
C13 FF 60303 011000  780 606 2090    -3996577    -60         831    -15    9   1   93   +4  134  +23  134   23   5  0  0 L3B D4
C16 FF 60303 011000  780 707 2770    +2442631   +198         855     -6    4   1   86   +0  116  +18  116   18   3  0  0 L3B D3
C03 FF 60303 012600  780 436 1889    +1433381   -221         803    -14    2   1  117   +0  164  +30  164   30   2  0  0 L3B DF
C06 FF 60303 012600  780 695 2794    -2257025   -168         892    +34    3   1   86   +0  117   -6  117   -6   2  0  0 L3B E0
C08 FF 60303 012600  780 505 1938    -1587111   +215         806    -35    8   1  105   +7  175  +34  175   34   5  0  0 L3B FF
C09 FF 60303 012600  780 522 2594    +2620812   +486         797    -16    4   1  102   -1  152  +33  152   33   3  0  0 L3B F2
C13 FF 60303 012600  780 562 2096    -3996636    -59         815    -14    8   1   97   +5  157  +20  157   20   5  0  0 L3B EF
C16 FF 60303 012600  780 708 2860    +2442820   +205         849     +2    6   1   86   +0  129  +11  129   11   4  0  0 L3B CA
C01 FF 60303 014200  780 348 1405    -8809570    -49         788    -44    5   1  141   +0  251  +62  251   62   6  0  0 L3B EC
C03 FF 60303 014200  780 435 1889    +1433159   -213         779     -6    5   1  117   +0  199  +16  199   16   4  0  0 L3B FA
C06 FF 60303 014200  780 698 2876    -2257215   -216         896    -14    7   1   86   +0  130  +19  130   19   4  0  0 L3B F6
C08 FF 60303 014200  780 461 1960    -1586889   +211         788    -39    8   1  112   +8  201  +42  201   42   5  0  0 L3B 00
C09 FF 60303 014200  780 530 2650    +2621295   +491         799    -11    5   1  101   -1  167  +21  167   21   4  0  0 L3B EE
C13 FF 60303 014200  780 518 2102    -3996695    -74         799    -29    4   1  103   +6  180  +32  180   32   3  0  0 L3B F2
C16 FF 60303 014200  780 709 2946    +2443024   +193         857    -10    3   1   86   +0  139  +20  139   20   2  0  0 L3B DE
C01 FF 60303 015800  780 347 1405    -8809554    +81         809    +86    4   1  142   +0  261  -15  261  -15   3  0  0 L3B F6
C02 FF 60303 015800  780 345 2255    -2814972   -319         752    +19    5   1  142   +0  236   -1  236   -1   4  0  0 L3B DE
C03 FF 60303 015800  780 434 1888    +1432987   -144         805    +62    5   1  117   +0  196  -24  196  -24   5  0  0 L3B 18
C06 FF 60303 015800  780 699 2954    -2257405   -198         899     +4    5   1   86   +0  138  +20  138   20   4  0  0 L3B F3
C08 FF 60303 015800  780 418 1979    -1586679   +204         758    -46   13   1  121  +11  238  +45  238   45   9  0  0 L3B 41
C09 FF 60303 015800  780 537 2704    +2621778   +475         799    -28    6   1  100   -1  180  +31  180   31   4  0  0 L3B 04
C13 FF 60303 015800  780 474 2108    -3996764    -75         775    -29    5   1  110   +8  211  +33  211   33   3  0  0 L3B F1
C16 FF 60303 015800  780 708 3027    +2443211   +195         850     -8    4   1   86   +0  155  +21  155   21   3  0  0 L3B CB
C01 FF 60303 021400  780 346 1406    -8809582    -32         790    -26    5   2  142   +0  286  +23  286   23   3  0  0 L3B E8
C02 FF 60303 021400  780 344 2255    -2815275   -310         768    +28    8   2  143   +0  240   -1  240   -1   5  0  0 L3B CD
C03 FF 60303 021400  780 433 1888    +1432772   -293         791    -86    4   2  118   +0  225  +67  225   67   3  0  0 L3B 09
C06 FF 60303 021400  780 701 3029    -2257599   -201         893     +0    3   2   86   +0  153   +9  153    9   3  0  0 L3B B1
C08 FF 60303 021400  780 374 1996    -1586460   +223         738    -27    8   2  133  +14  268  +34  268   34   4  0  0 L3B 24
C09 FF 60303 021400  780 543 2758    +2622267   +496         808     -6   10   2   99   -1  184  +11  184   11   7  0  0 L3B F7
C13 FF 60303 021400  780 430 2114    -3996827    -60         756    -15    9   2  118  +10  235  +14  235   14   5  0  0 L3B F5
C16 FF 60303 021400  780 707 3103    +2443416   +201         862     -3    2   2   86   +0  161  +11  161   11   2  0  0 L3B AD
C01 FF 60303 023000  780 345 1406    -8809561    +35         816    +41    4   2  142   +0  272  -22  272  -22   3  0  0 L3B DF
C02 FF 60303 023000  780 343 2254    -2815601   -348         766    -10    7   2  143   +0  258  +13  258   13   5  0  0 L3B EC
C03 FF 60303 023000  780 432 1888    +1432569   -169         786    +37    3   2  118   +0  225  -14  225  -14   2  0  0 L3B 07
C06 FF 60303 023000  780 702 3100    -2257791   -194         894     +7    3   2   86   +0  162   +0  162    0   2  0  0 L3B A0
C08 FF 60303 023000  780 331 2010    -1586248   +214         710    -36   20   2  147  +17  298  +33  298   33  13  0  0 L3B 25
C09 FF 60303 023000  780 549 2810    +2622751   +502         811     +0    4   2   99   -1  195   +7  195    7   3  0  0 L3B B1
C13 FF 60303 023000  780 386 2120    -3996891    -68         736    -23    6   2  129  +13  256  +21  256   21   4  0  0 L3B 03
C16 FF 60303 023000  780 707 3174    +2443602   +187         853    -16    6   2   86   +0  175  +17  175   17   4  0  0 L3B ED
C01 FF 60303 024600  780 344 1407    -8809590    -66         793    -61    4   2  143   +0  302  +53  302   53   4  0  0 L3B E5
C02 FF 60303 024600  780 342 2253    -2815922   -304         770    +34    7   2  143   +0  266   +0  266    0   4  0  0 L3B C3
C03 FF 60303 024600  780 431 1888    +1432378   -206         793     +0    2   2  118   +0  230   +6  230    6   2  0  0 L3B B1
C06 FF 60303 024600  780 704 3167    -2257989   -189         890    +13   13   2   86   +0  168   -3  168   -3   7  0  0 L3B 03
C09 FF 60303 024600  780 555 2860    +2623230   +515         807    +13    5   2   98   -1  201   -7  201   -7   4  0  0 L3B C8
C13 FF 60303 024600  780 343 2124    -3996953    -74         718    -29   11   2  143  +16  287  +40  287   40   8  0  0 L3B 22
C16 FF 60303 024600  780 707 3241    +2443798   +211         854     +7    5   2   86   +0  178   +3  178    3   4  0  0 L3B BD
C01 FF 60303 030200  780 343 1408    -8809642    -11         747     -5    8   3  143   +0  286   -4  286   -4   7  0  0 L3B C4
C02 FF 60303 030200  780 341 2252    -2816219   -348         774    -13    7   3  144   +0  275  +25  275   25   5  0  0 L3B F6
C03 FF 60303 030200  780 430 1888    +1432170   -213         787     -6    3   3  118   +0  251  +19  251   19   2  0  0 L3B D8
C06 FF 60303 030200  780 707 3230    -2258187   -206         875     -6   10   3   86   +0  168   -8  168   -8   6  0  0 L3B E1
C09 FF 60303 030200  780 560 2907    +2623713   +505         817     +4    5   3   97   -1  199  -11  199  -11   4  0  0 L3B EB
C13 FF 60303 030200  780 300 2128    -3997038    -86         678    -40   19   3  161  +21  342  +50  342   50  15  0  0 L3B 19
C16 FF 60303 030200  780 708 3305    +2443988   +203         846     +0    6   3   86   +0  181   -5  181   -5   5  0  0 L3B BE
C01 FF 60303 031800  780 343 1408    -8809679    +20         716    +25    3   3  143   +0  317  -13  317  -13   3  0  0 L3B EC
C02 FF 60303 031800  780 340 2252    -2816552   -305         763    +30    7   3  144   +0  292  -17  292  -17   3  0  0 L3B FD
C03 FF 60303 031800  780 428 1888    +1431963   -230         779    -23    3   3  119   +0  264  +10  264   10   3  0  0 L3B F6
C06 FF 60303 031800  780 711 3292    -2258385   -174         869    +26    8   3   85   +0  165  -26  165  -26   5  0  0 L3B 11
C09 FF 60303 031800  780 567 2952    +2624192   +524         815    +23    3   3   97   -1  197  -18  197  -18   2  0  0 L3B 11
C13 FF 60303 031800  780 258 2131    -3997098    +23         662    +69   14   3  185  +29  386  -10  386  -10  11  0  0 L3B 3F
C16 FF 60303 031800  780 711 3367    +2444187   +206         849     +2    2   3   85   +0  175  -11  175  -11   1  0  0 L3B DE
C01 FF 60303 033400  780 342 1409    -8809660    +15         740    +20    5   3  143   +0  301   -9  301   -9   4  0  0 L3B BB
C02 FF 60303 033400  780 339 2251    -2816877   -338         759     -3    4   3  145   +0  288  +11  288   11   2  0  0 L3B F5
C03 FF 60303 033400  780 427 1888    +1431771   -201         786     +6    6   3  119   +0  252   +4  252    4   6  0  0 L3B C1
C04 FF 60303 033400  780 245 1249    -4559118  -1533         545     -3   12   3  194   +0  411   +4  411    4  10  0  0 L3B E8
C06 FF 60303 033400  780 716 3351    -2258571   -188         875    +12    5   3   85   +0  158  -18  158  -18   3  0  0 L3B 0B
C09 FF 60303 033400  780 574 2995    +2624684   +499         826     -2    5   3   96   -1  183   -2  183   -2   4  0  0 L3B E1
C16 FF 60303 033400  780 716 3427    +2444390   +218         857    +14    5   3   85   +0  167  -20  167  -20   4  0  0 L3B F7
C01 FF 60303 035000  780 341 1409    -8809685     +5         720    +11    4   3  144   +0  318  -18  318  -18   4  0  0 L3B DC
C02 FF 60303 035000  780 337 2250    -2817207   -371         750    -37    8   3  145   +1  286  +16  286   16   5  0  0 L3B FD
C03 FF 60303 035000  780 426 1888    +1431560   -179         773    +28    6   3  119   +0  261  -37  261  -37   4  0  0 L3B 11
C04 FF 60303 035000  780 245 1249    -4560580  -1561         552    -31   14   3  194   +0  402  +35  402   35  11  0  0 L3B 1C
C06 FF 60303 035000  780 723 3410    -2258766   -201         872     -1    7   3   85   +0  153   -3  153   -3   4  0  0 L3B B5
C09 FF 60303 035000  780 582 3035    +2625164   +479         826    -22    6   3   95   -1  180  +11  180   11   4  0  0 L3B E5
C16 FF 60303 035000  780 722 3487    +2444579   +236         851    +33    7   3   85   +0  167  -19  167  -19   5  0  0 L3B 0F
C01 FF 60303 040600  780 340 1409    -8809757     +9         653    +14    8   4  144   +0  312  -29  312  -29   6  0  0 L3B E8
C02 FF 60303 040600  780 336 2249    -2817511   -299         753    +34   13   4  146   +1  277  -21  277  -21  10  0  0 L3B 2C
C03 FF 60303 040600  780 425 1888    +1431404   -188         817    +20    3   4  119   +0  226  -17  226  -17   2  0  0 L3B 00
C06 FF 60303 040600  780 732 3469    -2258968   -206         866     -6    5   4   84   +0  158   +2  158    2   3  0  0 L3B CC
C09 FF 60303 040600  780 592 3073    +2625641   +507         824     +7    8   4   94   -1  177   -1  177   -1   5  0  0 L3B CD
C16 FF 60303 040600  780 729 3547    +2444774   +234         853    +31    5   4   85   +0  165  -20  165  -20   4  0  0 L3B FA
C01 FF 60303 042200  780 340 1410    -8809740    -28         675    -22    6   4  144   +0  280  +23  280   23   6  0  0 L3B D9
C02 FF 60303 042200  780 335 2248    -2817834   -364         749    -31   11   4  146   +1  284  +13  284   13   8  0  0 L3B 11
C03 FF 60303 042200  780 424 1888    +1431191   -222         803    -14    2   4  120   +0  226   +6  226    6   1  0  0 L3B B8
C06 FF 60303 042200  780 743 3529    -2259153   -228         873    -28    4   4   84   +0  154  +13  154   13   3  0  0 L3B ED
C09 FF 60303 042200  780 603 3107    +2626128   +524         831    +24    3   4   93   -1  169  -20  169  -20   4  0  0 L3B EC
C14 FF 60303 042200  780 113 3230    +1770993   -789         527    +10   35   4  406 -179  408  -25  408  -25  25  0  0 L3B 5E
C16 FF 60303 042200  780 739   10    +2444967   +213         850     +9    3   4   84   +0  167   -7  167   -7   2  0  0 L3B A3
C01 FF 60303 043800  780 339 1410    -8809739    -13         682     -7    8   4  144   +0  272  -11  272  -11   8  0  0 L3B EA
C03 FF 60303 043800  780 423 1887    +1430976   -205         787     +3    4   4  120   +0  240   -6  240   -6   3  0  0 L3B CA
C06 FF 60303 043800  780 755 3592    -2259340   -200         880     +1    4   4   84   -1  151   +5  151    5   2  0  0 L3B AC
C09 FF 60303 043800  780 615 3138    +2626606   +473         828    -27    3   4   92   -1  176  +11  176   11   2  0  0 L3B F3
C14 FF 60303 043800  780 162 3204    +1770275   -751         576    +47   22   4  287  -84  355  -45  355  -45  15  0  0 L3B 59
C16 FF 60303 043800  780 750   77    +2445167   +249         855    +45    5   4   84   +0  166  -25  166  -25   4  0  0 L3B E9
C03 FF 60303 045400  780 422 1887    +1430780   -206         790     +1    6   4  120   +0  228  -26  228  -26   4  0  0 L3B EC
C06 FF 60303 045400  780 768   62    -2259525   -186         887    +14    3   4   83   -1  142   -4  142   -4   2  0  0 L3B BB
C09 FF 60303 045400  780 629 3166    +2627106   +506         848     +6    5   4   91   -1  165  +13  165   13   3  0  0 L3B DF
C14 FF 60303 045400  780 208 3168    +1769563   -813         631    -15   25   4  227  -46  315  +17  315   17  16  0  0 L3B 40
C16 FF 60303 045400  780 762  151    +2445366   +197         858     -6    3   4   83   +0  161   +4  161    4   2  0  0 L3B A4
C06 FF 60303 051000  780 783  141    -2259719   -230         892    -29    2   5   83   +0  149  +11  149   11   2  0  0 L3B D6
C09 FF 60303 051000  780 644 3190    +2627587   +489         846    -12    6   5   90   -1  168   +0  168    0   4  0  0 L3B D6
C14 FF 60303 051000  780 247 3122    +1768809   -820         643    -21   10   5  193  -27  302   +7  302    7   7  0  0 L3B F4
C16 FF 60303 051000  780 776  237    +2445573   +206         866     +2    3   5   83   +0  158   -6  158   -6   3  0  0 L3B B8
C06 FF 60303 052600  780 799  238    -2259909   -185         895    +16    4   5   82   +0  143  -11  143  -11   3  0  0 L3B F7
C09 FF 60303 052600  780 661 3209    +2628081   +509         858     +8    3   5   88   -1  159  -10  159  -10   3  0  0 L3B F6
C14 FF 60303 052600  780 280 3066    +1768087   -752         687    +47   15   5  172  -16  266  -27  266  -27   9  0  0 L3B 56
C16 FF 60303 052600  780 790  340    +2445767   +207         865     +3    2   5   82   +0  156   -2  156   -2   1  0  0 L3B AC
C06 FF 60303 054200  780 815  366    -2260097   -192         900     +9    4   5   82   +0  139   -9  139   -9   3  0  0 L3B BD
C07 FF 60303 054200  780 435 1996    +5293798   +613         755    +10    6   5  117   -6  238  +10  238   10   5  0  0 L3B 0D
C09 FF 60303 054200  780 680 3223    +2628570   +508         867     +7    3   5   87   -1  152  -11  152  -11   3  0  0 L3B E5
C14 FF 60303 054200  780 302 3000    +1767341   -762         708    +37   17   5  160   -9  244  -47  244  -47  11  0  0 L3B 2B
C16 FF 60303 054200  780 803  471    +2445962   +217         864    +13    4   5   82   +0  156  -11  156  -11   2  0  0 L3B DB
C03 FF 60303 055800  780 418 1887    +1429972   -202         776     +5    2   5  121   +0  232  -23  232  -23   2  0  0 L3B F1
C06 FF 60303 055800  780 828  542    -2260293   -215         897    -14    3   5   82   +0  141  +13  141   13   2  0  0 L3B D2
C07 FF 60303 055800  780 464 2031    +5294384   +628         761    +25   10   5  112   -5  229  -34  229  -34   6  0  0 L3B 25
C09 FF 60303 055800  780 700 3229    +2629055   +507         871     +6    4   5   86   -1  151   -8  151   -8   3  0  0 L3B CD
C14 FF 60303 055800  780 314 2927    +1766603   -794         736     +5   12   5  155   -3  233  +25  233   25   7  0  0 L3B 0A
C16 FF 60303 055800  780 813  637    +2446167   +200         873     -4    3   5   82   +0  152   +9  152    9   2  0  0 L3B A5
C03 FF 60303 061400  780 418 1887    +1429805   -191         811    +16    7   6  121   +0  203   -7  203   -7   6  0  0 L3B DE
C06 FF 60303 061400  780 835  781    -2260487   -182         898    +20    2   6   81   +0  143   -8  143   -8   2  0  0 L3B CC
C07 FF 60303 061400  780 491 2069    +5294994   +633         806    +31   11   6  107   -4  210  -16  210  -16   7  0  0 L3B 1B
C09 FF 60303 061400  780 721 3225    +2629547   +505         882     +4    5   6   85   -1  150   +4  150    4   4  0  0 L3B B2
C14 FF 60303 061400  780 313 2851    +1765834   -806         766     -2   10   6  155   +3  229   +7  229    7   8  0  0 L3B E7
C16 FF 60303 061400  780 817  840    +2446365   +221         872    +17    4   6   82   +0  151   -9  151   -9   3  0  0 L3B C2
C06 FF 60303 063000  780 832 1047    -2260680   -192         898    +10    4   6   81   +0  142  -13  142  -13   2  0  0 L3B E6
C07 FF 60303 063000  780 516 2111    +5295588   +624         821    +21    3   6  103   -4  204  -19  204  -19   2  0  0 L3B FB
C09 FF 60303 063000  780 742 3207    +2630031   +523         885    +22    4   6   84   -1  142   -6  142   -6   4  0  0 L3B C5
C14 FF 60303 063000  780 302 2775    +1765058   -815         762    -11   14   6  160   +9  240  +14  240   14  10  0  0 L3B 0F
C16 FF 60303 063000  780 813 1055    +2446556   +200         868     -4    5   6   82   +0  151   -4  151   -4   3  0  0 L3B B4
C06 FF 60303 064600  780 818 1272    -2260870   -201         901     +1    4   6   82   +0  141   +6  141    6   2  0  0 L3B 9E
C07 FF 60303 064600  780 541 2157    +5296185   +624         840    +22    8   6  100   -3  188  -14  188  -14   5  0  0 L3B 16
C09 FF 60303 064600  780 764 3168    +2630511   +505         884     +4    5   6   83   -1  147  -22  147  -22   3  0  0 L3B ED
C14 FF 60303 064600  780 279 2702    +1764268   -865         743    -61   13   6  172  +16  257  +38  257   38  10  0  0 L3B 50
C16 FF 60303 064600  780 800 1245    +2446755   +197         870     -7    4   6   82   +0  149  +10  149   10   2  0  0 L3B DB
C06 FF 60303 070200  780 796 1432    -2261066   -213         890    -12    4   7   82   +1  141   +7  141    7   2  0  0 L3B BA
C07 FF 60303 070200  780 564 2206    +5296778   +619         819    +12    9   7   97   -3  176  -17  176  -17   7  0  0 L3B 23
C09 FF 60303 070200  780 785 3097    +2630998   +499         877     -3    7   7   83   -1  140   -1  140   -1   4  0  0 L3B DC
C10 FF 60303 070200  780 448 2244     +667517   +165         802    +22   11   7  115   -4  197  -29  197  -29   9  0  0 L3B 18
C14 FF 60303 070200  780 248 2635    +1763483   -799         708     +2   11   7  191  +26  273   +5  273    5   8  0  0 L3B 00
C16 FF 60303 070200  780 780 1394    +2446941   +219         855    +15    3   7   83   +1  153  -18  153  -18   2  0  0 L3B FF
C06 FF 60303 073000  780 746 1607    -2261414   -183         879    +17    4   7   84   +1  140  -24  140  -24   3  0  0 L3B F5
C07 FF 60303 073000  780 599 2302    +5297801   +634         822    +28    5   7   93   -2  158  -26  158  -26   4  0  0 L3B 0F
C09 FF 60303 073000  780 809 2857    +2631848   +496         883     -7    7   7   82   +0  129   +4  129    4   4  0  0 L3B D7
C12 FF 60303 073000  780 172 1838    -8156196   +105         477     -3   20   7  273 -103  551 -196  551 -196  10  0  0 L3B 71
C14 FF 60303 073000  780 180 2531    +1762086   -820         657    -19   14   7  259  +60  331  +30  331   30   9  0  0 L3B 1C
C16 FF 60303 073000  780 732 1572    +2447281   +223         852    +19    5   7   84   +1  142  -24  142  -24   3  0  0 L3B EF
C06 FF 60303 074600  780 714 1674    -2261609   -222         876    -21    5   7   85   +2  136   +4  136    4   3  0  0 L3B CF
C07 FF 60303 074600  780 617 2361    +5298395   +639         834    +32    6   7   92   -1  142  -39  142  -39   4  0  0 L3B 17
C09 FF 60303 074600  780 809 2666    +2632327   +497         879     -5    2   7   82   +0  121   -3  121   -3   2  0  0 L3B CF
C12 FF 60303 074600  780 239 1835    -8155990   +152         579    +44   13   7  200  -55  349 -116  349 -116   8  0  0 L3B 71
C14 FF 60303 074600  780 136 2479    +1761299   -773         639    +28   15   7  338 +109  363  +13  363   13  11  0  0 L3B 61
C16 FF 60303 074600  780 701 1642    +2447473   +191         847    -14    4   7   86   +2  139   -3  139   -3   3  0  0 L3B E0
C06 FF 60303 080200  780 680 1726    -2261811   -209         858     -9    3   8   87   +2  131   -9  131   -9   2  0  0 L3B CD
C09 FF 60303 080200  780 796 2492    +2632804   +504         873     +2    5   8   82   +0  117  -17  117  -17   3  0  0 L3B ED
C12 FF 60303 080200  780 308 1836    -8155840   +173         642    +59    9   8  158  -34  245  -99  245  -99   6  0  0 L3B 49
C16 FF 60303 080200  780 667 1699    +2447658   +199         839     -5    7   8   88   +2  137   -8  137   -8   4  0  0 L3B FB
C06 FF 60303 081800  780 645 1769    -2262018   -226         842    -26    4   8   90   +3  125   -2  125   -2   3  0  0 L3B D8
C07 FF 60303 081800  780 646 2488    +5299573   +608         847     +1    5   8   89   -1  109  -12  109  -12   4  0  0 L3B 08
C09 FF 60303 081800  780 774 2367    +2633279   +488         864    -15    6   8   83   +1  110   +0  110    0   4  0  0 L3B D0
C12 FF 60303 081800  780 379 1838    -8155680   +125         693    +11    6   8  132  -22  179  -53  179  -53   4  0  0 L3B 3B
C16 FF 60303 081800  780 632 1746    +2447846   +168         831    -36    4   8   91   +3  128   +6  128    6   3  0  0 L3B DE
C06 FF 60303 083400  780 608 1805    -2262218   -210         834    -11    5   8   93   +3  115   -6  115   -6   4  0  0 L3B CD
C07 FF 60303 083400  780 658 2555    +5300160   +611         852     +4    4   8   89   -1   95   -8   95   -8   3  0  0 L3B B4
C09 FF 60303 083400  780 744 2287    +2633759   +477         862    -25    7   8   84   +1  102   +9  102    9   4  0  0 L3B E2
C10 FF 60303 083400  780 536 2522     +668370   +128         805    -21    5   8  100   -2  105   +5  105    5   3  0  0 L3B B1
C12 FF 60303 083400  780 452 1841    -8155526   +128         738    +14   10   8  114  -15  123  -25  123  -25   7  0  0 L3B 28
C16 FF 60303 083400  780 595 1785    +2448032   +188         822    -17    5   8   94   +4  120   +0  120    0   4  0  0 L3B C6
C01 FF 60303 085000  780 339 1410    -8809881    +24         621    +30    7   8  145   +0  118  -36  118  -36   7  0  0 L3B F8
C03 FF 60303 085000  780 414 1885    +1427845   -212         787     -5    6   8  122   +0  108   -8  108   -8   5  0  0 L3B DD
C06 FF 60303 085000  780 570 1836    -2262428   -223         816    -24    4   8   96   +4  115   +2  115    2   2  0  0 L3B C2
C07 FF 60303 085000  780 668 2622    +5300744   +597         853     -9    4   8   88   -1   87   -4   87   -4   2  0  0 L3B C3
C09 FF 60303 085000  780 711 2236    +2634237   +490         858    -13    5   8   85   +2   94   -5   94   -5   3  0  0 L3B C3
C10 FF 60303 085000  780 547 2574     +668508   +150         799     +1    4   8   99   -1   95  -13   95  -13   3  0  0 L3B CA
C12 FF 60303 085000  780 527 1844    -8155389   +128         766    +15    4   8  102  -11   98  -17   98  -17   3  0  0 L3B 15
C16 FF 60303 085000  780 558 1818    +2448218   +197         811     -8    5   8   98   +5  116  -11  116  -11   4  0  0 L3B F6
C03 FF 60303 090600  780 415 1885    +1427641   -217         783    -10    6   9  122   +0   98   -9   98   -9   5  0  0 L3B DA
C06 FF 60303 090600  780 532 1862    -2262633   -217         792    -19    9   9  101   +5  109   -8  109   -8   6  0  0 L3B F8
C07 FF 60303 090600  780 677 2689    +5301329   +628         856    +21    3   9   87   -1   75  -26   75  -26   2  0  0 L3B F9
C09 FF 60303 090600  780 675 2205    +2634706   +500         850     -2    3   9   87   +2   93  -10   93  -10   1  0  0 L3B BE
C10 FF 60303 090600  780 556 2624     +668659   +136         810    -12    3   9   98   -1   75   -4   75   -4   3  0  0 L3B B2
C12 FF 60303 090600  780 603 1845    -8155254   +122         820    +13    3   9   93   -7   82  -15   82  -15   2  0  0 L3B D4
C16 FF 60303 090600  780 520 1846    +2448405   +196         795     -9    3   9  103   +6  106  -10  106  -10   2  0  0 L3B F4
C03 FF 60303 092200  780 415 1885    +1427437   -201         777     +6    3   9  122   +0   89  -14   89  -14   2  0  0 L3B DC
C06 FF 60303 092200  780 494 1885    -2262842   -233         773    -35    8   9  106   +6  104  +10  104   10   6  0  0 L3B FD
C07 FF 60303 092200  780 685 2754    +5301913   +611         858     +4    4   9   87   +0   66  -10   66  -10   3  0  0 L3B CA
C09 FF 60303 092200  780 638 2186    +2635185   +466         847    -36    4   9   90   +3   84  +12   84   12   3  0  0 L3B E0
C10 FF 60303 092200  780 565 2674     +668795   +149         804     +0    6   9   97   -1   70   -7   70   -7   4  0  0 L3B A7
C11 FF 60303 092200  780 165 2104    -3240342    -78         572   +115   10   9  284 -106  257 -148  257 -148   6  0  0 L3B 6A
C12 FF 60303 092200  780 679 1837    -8155142   +114         827     +4    3   9   87   -5   73   -6   73   -6   2  0  0 L3B B5
C16 FF 60303 092200  780 481 1871    +2448584   +186         777    -19    9   9  108   +7  104   +0  104    0   5  0  0 L3B E8
C03 FF 60303 093800  780 415 1885    +1427241   -212         781     -5    3   9  122   +0   79   -2   79   -2   2  0  0 L3B B2
C06 FF 60303 093800  780 455 1905    -2263053   -204         753     -6    7   9  113   +8  104  -12  104  -12   4  0  0 L3B EF
C07 FF 60303 093800  780 692 2819    +5302510   +611         872     +4    5   9   86   +0   50  -12   50  -12   3  0  0 L3B BD
C09 FF 60303 093800  780 598 2173    +2635658   +502         838     +0    6   9   93   +4   81  -10   81  -10   4  0  0 L3B D5
C10 FF 60303 093800  780 573 2723     +668946   +167         812    +18    9   9   96   -1   60  -18   60  -18   5  0  0 L3B E3
C11 FF 60303 093800  780 227 2131    -3240445   -132         654    +61    6   9  209  -56  158  -40  158  -40   5  0  0 L3B 1F
C12 FF 60303 093800  780 754 1804    -8155032   +116         832     +7    5   9   84   -3   65  -15   65  -15   3  0  0 L3B CF
C16 FF 60303 093800  780 442 1893    +2448757   +170         754    -35    6   9  116   +8  106  +13  106   13   4  0  0 L3B 0C
C03 FF 60303 095400  780 415 1885    +1427034   -213         773     -6    2   9  122   +0   83   +3   83    3   2  0  0 L3B 9B
C06 FF 60303 095400  780 416 1923    -2263258   -244         738    -46    6   9  122  +10  100  +17  100   17   4  0  0 L3B 07
C07 FF 60303 095400  780 699 2881    +5303086   +584         865    -23    6   9   86   +0   48   +7   48    7   4  0  0 L3B D1
C09 FF 60303 095400  780 558 2166    +2636124   +485         823    -17    4   9   98   +5   82   -3   82   -3   3  0  0 L3B CD
C10 FF 60303 095400  780 581 2769     +669085   +140         809     -9    5   9   95   -1   52   -4   52   -4   2  0  0 L3B A4
C11 FF 60303 095400  780 290 2163    -3240593   -131         691    +62   12   9  167  -34  133  -36  133  -36   8  0  0 L3B 32
C12 FF 60303 095400  780 825 1667    -8154923   +134         837    +25    3   9   82   -1   53  -26   53  -26   2  0  0 L3B E7
C16 FF 60303 095400  780 402 1911    +2448937   +184         736    -21   13   9  125  +10  106   +3  106    3  10  0  0 L3B FF
C03 FF 60303 101000  780 416 1885    +1426837   -195         769    +11    2  10  122   +0   73  -16   73  -16   2  0  0 L3B EB
C06 FF 60303 101000  780 377 1938    -2263477   -189         724    +11   14  10  132  +12  107  -20  107  -20  10  0  0 L3B 37
C07 FF 60303 101000  780 706 2940    +5303670   +626         862    +18    4  10   86   +0   40  -16   40  -16   3  0  0 L3B D1
C09 FF 60303 101000  780 518 2162    +2636593   +493         807    -10    5  10  103   +6   78   -9   78   -9   4  0  0 L3B DD
C10 FF 60303 101000  780 589 2814     +669229   +172         817    +24    5  10   94   -1   43  -21   43  -21   3  0  0 L3B C8
C11 FF 60303 101000  780 353 2202    -3240729   -123         730    +68    6  10  140  -23  103  -46  103  -46   4  0  0 L3B 06
C12 FF 60303 101000  780 859  949    -8154814   +107         865     +0    5  10   81   +0   38   -9   38   -9   3  0  0 L3B A8
C03 FF 60303 102600  780 416 1885    +1426646   -198         777     +8    3  10  121   +0   60  -15   60  -15   2  0  0 L3B DE
C07 FF 60303 102600  780 713 2996    +5304255   +618         864    +11    3  10   85   +0   35  -13   35  -13   2  0  0 L3B DC
C09 FF 60303 102600  780 477 2160    +2637050   +478         782    -24    7  10  109   +7   82   -3   82   -3   5  0  0 L3B D9
C10 FF 60303 102600  780 598 2857     +669359   +174         806    +27    9  10   94   -1   43  -23   43  -23   6  0  0 L3B E8
C11 FF 60303 102600  780 416 2249    -3240867   -162         774    +29    6  10  122  -16   75  -18   75  -18   4  0  0 L3B 13
C12 FF 60303 102600  780 806  485    -8154714   +106         864     +0    3  10   82   +2   28  -14   28  -14   2  0  0 L3B B5
C01 FF 60303 104200  780 344 1407    -8809926    -34         613    -28    5  10  143   +0   68  +14   68   14   4  0  0 L3B D4
C03 FF 60303 104200  780 417 1885    +1426450   -219         779    -13    3  10  121   +0   52   +8   52    8   2  0  0 L3B B7
C07 FF 60303 104200  780 721 3050    +5304839   +601         865     -6    6  10   85   +0   30   +2   30    2   4  0  0 L3B 86
C09 FF 60303 104200  780 436 2159    +2637520   +475         770    -27   11  10  117   +9   75   +3   75    3   7  0  0 L3B DC
C10 FF 60303 104200  780 606 2897     +669511   +196         815    +48    7  10   93   -1   31  -35   31  -35   5  0  0 L3B D9
C11 FF 60303 104200  780 478 2305    -3241030   -160         794    +30    9  10  109  -11   58  -21   58  -21   5  0  0 L3B F3
C12 FF 60303 104200  780 738  408    -8154612   +114         863     +8    5  10   84   +3   15  -18   15  -18   3  0  0 L3B BB
C01 FF 60303 105800  780 345 1406    -8809902     -3         642     +3    6  10  142   +0   42  -16   42  -16   4  0  0 L3B AD
C02 FF 60303 105800  780 310 2229    -2825709   -328         736     +4   24  10  156   +0   54   -9   54   -9  17  0  0 L3B E9
C03 FF 60303 105800  780 417 1885    +1426260   -206         788     +1    2  10  121   +0   40   -1   40   -1   1  0  0 L3B 9D
C06 FF 60303 105800  780 262 1971    -2264134   -232         643    -32   28  10  182  +25  114   +4  114    4  20  0  0 L3B 0A
C07 FF 60303 105800  780 729 3101    +5305422   +597         865    -11    9  10   85   +0   27   +2   27    2   5  0  0 L3B B1
C09 FF 60303 105800  780 394 2158    +2637979   +463         747    -39   10  10  127  +11   77  +14   77   14   7  0  0 L3B 2C
C10 FF 60303 105800  780 615 2934     +669655   +159         818    +11    3  10   92   -1   26   -7   26   -7   2  0  0 L3B B7
C11 FF 60303 105800  780 538 2374    -3241192   -168         814    +23    4  10  100   -8   46  -14   46  -14   3  0  0 L3B ED
C12 FF 60303 105800  780 670  398    -8154522    +82         852    -24    4  10   88   +5    7   -4    7   -4   3  0  0 L3B 84
C01 FF 60303 111400  780 346 1406    -8809912    -35         631    -30    4  11  142   +0   42  +18   42   18   4  0  0 L3B C1
C02 FF 60303 111400  780 310 2229    -2826031   -333         744     -1   12  11  156   +0   51   -8   51   -8   9  0  0 L3B B8
C03 FF 60303 111400  780 418 1885    +1426057   -208         779     -2    2  11  121   +0   37   -9   37   -9   2  0  0 L3B BE
C07 FF 60303 111400  780 739 3148    +5306006   +606         866     -1    7  11   84   +0   24   -5   24   -5   4  0  0 L3B A8
C09 FF 60303 111400  780 354 2158    +2638441   +448         716    -55    7  11  139  +14   79  +25   79   25   5  0  0 L3B 12
C10 FF 60303 111400  780 625 2968     +669799   +143         825     -4    3  11   91   -1   22   -2   22   -2   2  0  0 L3B 9A
C11 FF 60303 111400  780 595 2459    -3241390   -182         805    +10    3  11   94   -6   38   -9   38   -9   2  0  0 L3B C8
C12 FF 60303 111400  780 604  410    -8154438    +71         833    -35    4  11   93   +6    4   +3    4    3   3  0  0 L3B 57
C01 FF 60303 113000  780 347 1405    -8809898    -56         649    -52   10  11  142   +0   31  +36   31   36   6  0  0 L3B E7
C02 FF 60303 113000  780 310 2229    -2826354   -327         740     +6    4  11  156   +0   45   -8   45   -8   2  0  0 L3B B0
C03 FF 60303 113000  780 419 1885    +1425857   -198         777     +8    3  11  121   +0   33  -11   33  -11   3  0  0 L3B DA
C07 FF 60303 113000  780 750 3193    +5306596   +605         873     -2    3  11   84   +0   19   +5   19    5   2  0  0 L3B 9E
C09 FF 60303 113000  780 313 2158    +2638892   +474         684    -30   14  11  155  +18   87   +5   87    5  10  0  0 L3B 07
C10 FF 60303 113000  780 636 2999     +669936   +140         821     -7    4  11   90   -1   22   +4   22    4   3  0  0 L3B 89
C11 FF 60303 113000  780 648 2570    -3241569   -192         810     -1    4  11   89   -4   33   -3   33   -3   3  0  0 L3B A4
C12 FF 60303 113000  780 541  433    -8154359    +81         809    -25    9  11  100   +8    0   -4    0   -4   5  0  0 L3B 76
C01 FF 60303 114600  780 348 1405    -8809931     +2         621     +7    2  11  141   +0   40  -18   40  -18   2  0  0 L3B A7
C02 FF 60303 114600  780 310 2229    -2826676   -328         738     +5   13  11  156   +0   42   -7   42   -7  10  0  0 L3B DC
C03 FF 60303 114600  780 420 1885    +1425648   -207         766     -1    3  11  121   +0   40   -5   40   -5   2  0  0 L3B A8
C07 FF 60303 114600  780 763 3234    +5307180   +610         875     +2    3  11   83   +0   17   -4   17   -4   2  0  0 L3B 9F
C10 FF 60303 114600  780 648 3026     +670080   +158         824    +11    3  11   89   -1   16   -8   16   -8   2  0  0 L3B A7
C11 FF 60303 114600  780 693 2716    -3241760   -193         804     -2    4  11   86   -2   33   -6   33   -6   2  0  0 L3B AB
C12 FF 60303 114600  780 480  462    -8154288    +67         779    -40    9  11  109  +10   -3   -1   -3   -1   6  0  0 L3B B6
C01 FF 60303 120200  780 349 1404    -8809906    -19         653    -14    3  12  141   +0   18  +14   18   14   2  0  0 L3B C6
C02 FF 60303 120200  780 310 2229    -2826994   -326         747     +8   11  12  156   +0   36   -7   36   -7   9  0  0 L3B D6
C03 FF 60303 120200  780 421 1885    +1425443   -215         760     -8    2  12  120   +0   40   +1   40    1   2  0  0 L3B 83
C07 FF 60303 120200  780 777 3273    +5307759   +627         867    +19    3  12   83   +0   17  -11   17  -11   2  0  0 L3B EA
C10 FF 60303 120200  780 661 3048     +670219   +157         826    +10    8  12   88   -1   16   -9   16   -9   5  0  0 L3B AD
C11 FF 60303 120200  780 726 2911    -3241956   -205         819    -10    4  12   85   -1   33   +4   33    4   3  0  0 L3B A1
C12 FF 60303 120200  780 422  496    -8154232    +67         726    -40   21  12  120  +13   -5   +3   -5    3  13  0  0 L3B AD
C01 FF 60303 121800  780 350 1403    -8809917    -44         646    -39    4  12  141   +0   23  +18   23   18   4  0  0 L3B D0
C03 FF 60303 121800  780 422 1885    +1425252   -196         767    +11    3  12  120   +0   33   -8   33   -8   2  0  0 L3B C2
C07 FF 60303 121800  780 792 3309    +5308354   +623         878    +15    6  12   82   +0   10   -8   10   -8   4  0  0 L3B C2
C10 FF 60303 121800  780 676 3065     +670364   +108         830    -38    3  12   87   -1   12  +20   12   20   2  0  0 L3B AF
C11 FF 60303 121800  780 741 3152    -3242150   -206         812    -11    4  12   84   +0   32   +0   32    0   3  0  0 L3B 83
C12 FF 60303 121800  780 367  534    -8154158    +42         697    -65   21  12  135  +18   -9  +14   -9   14  13  0  0 L3B FA
C03 FF 60303 123400  780 423 1885    +1425069   -211         782     -5    7  12  120   +0   17   -1   17   -1   5  0  0 L3B AA
C07 FF 60303 123400  780 810 3341    +5308929   +590         869    -18    6  12   82   +0   15   +5   15    5   3  0  0 L3B B7
C10 FF 60303 123400  780 691 3076     +670510   +161         835    +15    2  12   87   -1    8  -10    8  -10   2  0  0 L3B 98
C11 FF 60303 123400  780 736 3401    -3242337   -187         812     +8    5  12   84   +1   26  -15   26  -15   3  0  0 L3B C8
C12 FF 60303 123400  780 314  574    -8154088    +19         665    -89   16  12  154  +23   -9  +29   -9   29  10  0  0 L3B 05
C03 FF 60303 125000  780 424 1885    +1424841   -227         753    -21    9  12  120   +0   31   +5   31    5   8  0  0 L3B AF
C07 FF 60303 125000  780 829 3367    +5309521   +601         877     -7    6  12   81   +0    9   +5    9    5   4  0  0 L3B 88
C10 FF 60303 125000  780 707 3079     +670649   +151         834     +4    3  12   86   -1    8   -3    8   -3   2  0  0 L3B 74
C11 FF 60303 125000  780 713   13    -3242519   -188         818     +7    6  12   85   +2   13  -17   13  -17   4  0  0 L3B A5
C12 FF 60303 125000  780 264  616    -8154021    +25         628    -82   18  12  180  +32   -6  +31   -6   31  12  0  0 L3B DB
C07 FF 60303 130600  780 849 3384    +5310105   +581         874    -28    2  13   81   +0   11  +17   11   17   2  0  0 L3B CB
C10 FF 60303 130600  780 724 3072     +670792   +163         844    +18    3  13   85   -1    9   -9    9   -9   2  0  0 L3B 94
C11 FF 60303 130600  780 680  179    -3242705   -196         838     +1    6  13   87   +2    8  -10    8  -10   4  0  0 L3B 9C
C12 FF 60303 130600  780 217  660    -8153937    -10         609   -117   23  13  217  +46  -13  +50  -13   50  13  0  0 L3B 15
C03 FF 60303 132200  780 426 1885    +1424462   -217         769    -11    9  13  119   +0   16   +0   16    0   6  0  0 L3B B8
C07 FF 60303 132200  780 871 3371    +5310699   +595         884    -13    4  13   81   +0    4   +9    4    9   2  0  0 L3B 9A
C10 FF 60303 132200  780 741 3052     +670940   +144         851     -2    3  13   84   -1    6   +1    6    1   2  0  0 L3B 4C
C11 FF 60303 132200  780 641  310    -3242896   -202         836     -5    6  13   90   +3    2   -3    2   -3   4  0  0 L3B 60
C12 FF 60303 132200  780 171  705    -8153888    +78         555    -29   23  13  272  +71    3   +9    3    9  14  0  0 L3B C1
C03 FF 60303 133800  780 427 1886    +1424254   -203         758     +3    8  13  119   +0   21   -5   21   -5   7  0  0 L3B B9
C07 FF 60303 133800  780 894 2987    +5311283   +602         884     -6    5  13   81   +0    3   +3    3    3   3  0  0 L3B 83
C10 FF 60303 133800  780 757 3014     +671070   +149         842     +3    5  13   83   -1   13   +0   13    0   3  0  0 L3B 73
C11 FF 60303 133800  780 599  418    -3243094   -198         828     -1    7  13   93   +4    1   -8    1   -8   4  0  0 L3B 8B
C12 FF 60303 133800  780 126  752    -8153816    +43         524    -64   30  13  362 +122    6  +26    6   26  21  0  0 L3B E1
C03 FF 60303 135400  780 428 1886    +1424044   -264         747    -57   34  13  119   +0   32  +54   32   54  33  0  0 L3B 10
C07 FF 60303 135400  780 878 1859    +5311856   +602         873     -6    5  13   81   +0   11   +5   11    5   2  0  0 L3B A5
C10 FF 60303 135400  780 772 2952     +671215   +155         847     +9    3  13   83   +0   13   -1   13   -1   2  0  0 L3B 8C
C11 FF 60303 135400  780 556  512    -3243308   -232         803    -35    8  13   98   +5    7   +9    7    9   5  0  0 L3B 87
C14 FF 60303 135400  780 230 1471    +1743711   -782         665    +17   16  13  207  -53   21  +17   21   17  11  0  0 L3B 10
C07 FF 60303 141000  780 851 1814    +5312437   +603         873     -5    4  14   81   +0   11   +1   11    1   3  0  0 L3B 81
C10 FF 60303 141000  780 784 2861     +671360   +146         857     +1    3  14   83   +0   11   +0   11    0   2  0  0 L3B 6D
C11 FF 60303 141000  780 513  596    -3243514   -217         758    -22    7  14  103   +6    7   +2    7    2   4  0  0 L3B 81
C14 FF 60303 141000  780 290 1434    +1742990   -786         706    +13   16  14  167  -33   19  +17   19   17  11  0  0 L3B 24
C03 FF 60303 142600  780 430 1886    +1423640   -199         744     +8   20  14  118   +0   34   -4   34   -4  20  0  0 L3B D8
C07 FF 60303 142600  780 822 1818    +5313021   +610         873     +2    4  14   82   +1    9   -4    9   -4   3  0  0 L3B 7E
C08 FF 60303 142600  780 477 2070    -1575445   +281         768    +32   12  14  109   -5   47  -10   47  -10   9  0  0 L3B 11
C10 FF 60303 142600  780 790 2742     +671505   +155         862     +9    3  14   82   +0   10   -3   10   -3   2  0  0 L3B 86
C11 FF 60303 142600  780 470  673    -3243711   -201         748     -7   11  14  110   +8    2   -7    2   -7   7  0  0 L3B 8D
C14 FF 60303 142600  780 351 1391    +1742271   -740         754    +59   11  14  141  -22   10  -13   10  -13   7  0  0 L3B 01
C03 FF 60303 144200  780 431 1886    +1423452   -207         755     -1   11  14  118   +0   24   +0   24    0  10  0  0 L3B B1
C07 FF 60303 144200  780 792 1832    +5313597   +620         866    +12    5  14   82   +1   11   -8   11   -8   3  0  0 L3B BF
C08 FF 60303 144200  780 505 2125    -1575192   +265         782    +15   12  14  105   -4   47   -2   47   -2   9  0  0 L3B E3
C10 FF 60303 144200  780 789 2608     +671650   +144         868     -1    3  14   82   +0   10   +7   10    7   2  0  0 L3B 85
C11 FF 60303 144200  780 426  745    -3243909   -193         736     +1   10  14  119  +10   -1  -11   -1  -11   6  0  0 L3B D2
C14 FF 60303 144200  780 411 1339    +1741539   -718         789    +81   13  14  123  -15    7  -35    7  -35   7  0  0 L3B 04
C07 FF 60303 145800  780 761 1848    +5314175   +628         860    +21    4  14   83   +1   14  -13   14  -13   2  0  0 L3B E1
C08 FF 60303 145800  780 530 2186    -1574934   +251         801     +2   10  14  101   -3   43   +3   43    3   6  0  0 L3B B2
C10 FF 60303 145800  780 779 2482     +671782   +157         860    +12    3  14   83   +0   16   -8   16   -8   2  0  0 L3B BB
C11 FF 60303 145800  780 382  813    -3244140   -203         692     -9    9  14  130  +13   16  -12   16  -12   6  0  0 L3B D5
C14 FF 60303 145800  780 466 1273    +1740794   -767         811    +32   10  14  111  -10   10  -12   10  -12   7  0  0 L3B 05
C07 FF 60303 151400  780 728 1865    +5314750   +589         865    -17    5  15   85   +2   15   +9   15    9   3  0  0 L3B D0
C10 FF 60303 151400  780 761 2380     +671920   +137         857     -8    6  15   83   +1   14   +0   14    0   4  0  0 L3B 81
C11 FF 60303 151400  780 338  877    -3244327   -252         677    -59   11  15  145  +17    9  +20    9   20   7  0  0 L3B E4
C14 FF 60303 151400  780 515 1188    +1740054   -758         802    +43    6  15  103   -7    7  -19    7  -19   3  0  0 L3B D8
C07 FF 60303 153000  780 695 1882    +5315327   +582         859    -25    6  15   86   +2   16  +15   16   15   5  0  0 L3B EC
C10 FF 60303 153000  780 738 2304     +672062   +139         859     -6    5  15   84   +1   13   +6   13    6   3  0  0 L3B 88
C11 FF 60303 153000  780 293  938    -3244527   -213         662    -21   20  15  164  +24    6   -3    6   -3  12  0  0 L3B C4
C14 FF 60303 153000  780 551 1081    +1739285   -797         802     +4    7  15   99   -4   14   +3   14    3   4  0  0 L3B A8
C07 FF 60303 154600  780 660 1899    +5315898   +594         848    -12    4  15   88   +2   20   +2   20    2   3  0  0 L3B C9
C08 FF 60303 154600  780 587 2401    -1574198   +245         807     -6    8  15   95   -1   41   +0   41    0   6  0  0 L3B AB
C10 FF 60303 154600  780 710 2251     +672204   +147         861     +2    5  15   85   +2   13   +0   13    0   3  0  0 L3B 6C
C11 FF 60303 154600  780 248  996    -3244775   -272         599    -80   39  15  191  +34   33  +43   33   43  25  0  0 L3B 2F
C14 FF 60303 154600  780 571  956    +1738523   -814         810    -13    3  15   96   -1   12   +5   12    5   2  0  0 L3B A0
C07 FF 60303 160200  780 625 1914    +5316461   +593         834    -12    5  16   91   +3   29   +2   29    2   4  0  0 L3B B4
C08 FF 60303 160200  780 599 2481    -1573961   +261         799    +10    6  16   93   -1   46   -6   46   -6   4  0  0 L3B DD
C10 FF 60303 160200  780 680 2215     +672329   +149         845     +3    3  16   87   +2   20   -6   20   -6   2  0  0 L3B 8F
C11 FF 60303 160200  780 202 1050    -3244958   -298         605   -105   14  16  232  +52   22  +54   22   54   9  0  0 L3B 11
C13 FF 60303 160200  780 504 2437    -3999046    -56         770     -9    7  16  105   -2   36   +7   36    7   5  0  0 L3B B5
C14 FF 60303 160200  780 570  825    +1737758   -787         816    +15    8  16   96   +1    9   -8    9   -8   5  0  0 L3B B3
C07 FF 60303 161800  780 589 1929    +5317028   +599         819     -7    8  16   94   +4   30   +0   30    0   6  0  0 L3B BC
C08 FF 60303 161800  780 608 2562    -1573705   +242         813     -9    5  16   93   -1   34   +4   34    4   3  0  0 L3B A8
C10 FF 60303 161800  780 647 2190     +672468   +118         844    -28    4  16   89   +3   16  +17   16   17   3  0  0 L3B D7
C13 FF 60303 161800  780 515 2500    -3999091    -22         770    +25    7  16  103   -2   39  -16   39  -16   5  0  0 L3B ED
C14 FF 60303 161800  780 549  706    +1736990   -785         817    +16   10  16   99   +4    3  -13    3  -13   6  0  0 L3B D7
C03 FF 60303 163400  780 439 1887    +1422081   -189         774    +18    9  16  116   +0   19  -11   19  -11   7  0  0 L3B 02
C07 FF 60303 163400  780 553 1943    +5317594   +595         804    -10    6  16   98   +4   34   -2   34   -2   4  0  0 L3B D0
C08 FF 60303 163400  780 614 2644    -1573468   +268         809    +17    4  16   92   +0   34   -9   34   -9   3  0  0 L3B D8
C10 FF 60303 163400  780 613 2173     +672598   +148         835     +2    3  16   92   +3   19   -4   19   -4   2  0  0 L3B A1
C13 FF 60303 163400  780 525 2564    -3999121    -32         785    +15    8  16  102   -1   30   -7   30   -7   7  0  0 L3B C5
C14 FF 60303 163400  780 513  612    +1736207   -830         803    -28   12  16  103   +6    4   +3    4    3   8  0  0 L3B 8F
C03 FF 60303 165000  780 440 1887    +1421886   -228         777    -21    7  16  116   +0   16  +18   16   18   6  0  0 L3B F3
C07 FF 60303 165000  780 516 1956    +5318166   +578         795    -28    7  16  103   +5   34  +16   34   16   4  0  0 L3B 00
C08 FF 60303 165000  780 617 2725    -1573223   +265         813    +14    4  16   92   +0   33   -9   33   -9   2  0  0 L3B C0
C10 FF 60303 165000  780 577 2162     +672725   +130         822    -15    3  16   96   +4   22   -2   22   -2   2  0  0 L3B 9C
C13 FF 60303 165000  780 532 2627    -3999169    -37         783    +10    5  16  101   -1   34   -4   34   -4   3  0  0 L3B C5
C14 FF 60303 165000  780 466  544    +1735424   -854         790    -52    6  16  111  +10   -3  +14   -3   14   4  0  0 L3B D5
C01 FF 60303 170600  780 365 1394    -8809957    -20         682    -16    4  17  135   +0   22   +8   22    8   4  0  0 L3B BE
C03 FF 60303 170600  780 441 1887    +1421681   -206         772     +0    7  17  116   +0   20   +4   20    4   6  0  0 L3B 9E
C07 FF 60303 170600  780 479 1967    +5318739   +597         784     -9    7  17  109   +7   33   -3   33   -3   4  0  0 L3B EE
C08 FF 60303 170600  780 618 2803    -1572985   +248         821     -2    7  17   92   +0   34   -3   34   -3   4  0  0 L3B B9
C10 FF 60303 170600  780 541 2154     +672852   +128         808    -17    4  17  100   +5   22   +4   22    4   3  0  0 L3B 9F
C13 FF 60303 170600  780 538 2690    -3999206    -63         789    -16    5  17  100   -1   32  +12   32   12   3  0  0 L3B DD
C14 FF 60303 170600  780 412  499    +1734631   -795         750     +5   14  17  122  +14   -1  -23   -1  -23   8  0  0 L3B E7
C03 FF 60303 172200  780 442 1887    +1421477   -181         766    +26    9  17  116   +0   27  -20   27  -20   7  0  0 L3B F9
C07 FF 60303 172200  780 443 1978    +5319304   +590         768    -16   12  17  116   +8   37   +4   37    4   9  0  0 L3B EE
C08 FF 60303 172200  780 618 2879    -1572745   +260         822    +10    8  17   92   +0   33   -8   33   -8   5  0  0 L3B D0
C10 FF 60303 172200  780 504 2149     +672979   +142         795     -4    5  17  105   +6   24   -7   24   -7   3  0  0 L3B B7
C13 FF 60303 172200  780 543 2752    -3999248    -50         792     -3    9  17  100   -1   30   +0   30    0   6  0  0 L3B 9B
C14 FF 60303 172200  780 355  471    +1733825   -859         712    -59   10  17  139  +20    3  +15    3   15   7  0  0 L3B DC
C03 FF 60303 173800  780 443 1887    +1421288   -218         775    -11    7  17  116   +0   25  +16   25   16   6  0  0 L3B F2
C07 FF 60303 173800  780 406 1987    +5319866   +585         748    -21   14  17  124  +10   42   +6   42    6  10  0  0 L3B 0D
C08 FF 60303 173800  780 617 2950    -1572502   +229         824    -21    3  17   92   +0   29   +9   29    9   3  0  0 L3B C4
C10 FF 60303 173800  780 466 2146     +673110   +121         786    -25   10  17  111   +7   23   +5   23    5   6  0  0 L3B B4
C13 FF 60303 173800  780 546 2812    -3999292    -43         793     +4    7  17   99   +0   32   -2   32   -2   5  0  0 L3B B5
C14 FF 60303 173800  780 297  458    +1733021   -790         675    +10   28  17  163  +30    6  -27    6  -27  17  0  0 L3B 07
C01 FF 60303 175400  780 366 1393    -8809961    +19         690    +24    8  17  135   +0   21  -18   21  -18   8  0  0 L3B F5
C03 FF 60303 175400  780 444 1888    +1421087   -208         773     -1    3  17  115   +0   26   -2   26   -2   2  0  0 L3B B9
C07 FF 60303 175400  780 369 1995    +5320433   +578         733    -28   17  17  134  +12   42  +11   42   11  11  0  0 L3B 22
C08 FF 60303 175400  780 615 3018    -1572260   +255         826     +5    5  17   92   +0   29   -6   29   -6   4  0  0 L3B BA
C10 FF 60303 175400  780 429 2143     +673220   +123         756    -23   11  17  119   +9   35   +5   35    5   8  0  0 L3B C0
C13 FF 60303 175400  780 550 2870    -3999333    -36         797    +10    3  17   99   +0   30   -2   30   -2   1  0  0 L3B B5
C14 FF 60303 175400  780 239  456    +1732216   -765         637    +34   22  17  199  +46    6  -46    6  -46  14  0  0 L3B 13
C01 FF 60303 181000  780 366 1393    -8809951     +9         703    +14    7  18  135   +0   12  -11   12  -11   6  0  0 L3B C6
C02 FF 60303 181000  780 334 2245    -2834406   -292         733    +43   12  18  146   -1   31  -29   31  -29   9  0  0 L3B 05
C03 FF 60303 181000  780 445 1888    +1420886   -223         768    -17    2  18  115   +0   28  +15   28   15   2  0  0 L3B EE
C07 FF 60303 181000  780 333 2002    +5320997   +574         715    -32   20  18  147  +14   48  +22   48   22  14  0  0 L3B 18
C08 FF 60303 181000  780 614 3083    -1572017   +249         828     -1   10  18   92   +0   25   -3   25   -3   7  0  0 L3B B9
C10 FF 60303 181000  780 391 2142     +673346   +144         743     -1    8  18  128  +11   38   -8   38   -8   5  0  0 L3B C2
C13 FF 60303 181000  780 553 2926    -3999363    -44         804     +2    6  18   98   +0   25   +1   25    1   5  0  0 L3B 99
C14 FF 60303 181000  780 182  462    +1731385   -851         552    -54   20  18  257  +78   23  +12   23   12  13  0  0 L3B 07
C01 FF 60303 182600  780 367 1393    -8809953     -3         706     +2   10  18  135   +0   12   +1   12    1   9  0  0 L3B 98
C02 FF 60303 182600  780 335 2246    -2834715   -331         746     +4   11  18  146   -1   29   +0   29    0   9  0  0 L3B C4
C03 FF 60303 182600  780 445 1888    +1420693   -186         774    +20    2  18  115   +0   26  -13   26  -13   2  0  0 L3B F5
C07 FF 60303 182600  780 298 2007    +5321565   +589         702    -17   24  18  162  +18   46  -16   46  -16  18  0  0 L3B 45
C08 FF 60303 182600  780 614 3144    -1571780   +241         825     -9    8  18   92   +0   26   +9   26    9   5  0  0 L3B B5
C10 FF 60303 182600  780 354 2141     +673465    +62         723    -84   11  18  139  +13   45  +53   45   53   9  0  0 L3B F0
C13 FF 60303 182600  780 557 2979    -3999408    -48         803     -2    4  18   98   +0   26   +0   26    0   3  0  0 L3B AD
C14 FF 60303 182600  780 126  475    +1730594   -845         526    -48   10  18  363 +153   13  -10   13  -10   8  0  0 L3B 1C
C01 FF 60303 184200  780 367 1393    -8809960    -12         703     -8    8  18  135   +0   17   +6   17    6   7  0  0 L3B B2
C02 FF 60303 184200  780 337 2247    -2835052   -326         730    +10   10  18  145   -1   43   +3   43    3   8  0  0 L3B C5
C03 FF 60303 184200  780 446 1888    +1420502   -201         782     +6    2  18  115   +0   24   -5   24   -5   2  0  0 L3B AE
C08 FF 60303 184200  780 615 3202    -1571535   +236         830    -14    7  18   92   +0   25  +13   25   13   4  0  0 L3B CB
C10 FF 60303 184200  780 317 2139     +673591   +143         708     -3   15  18  153  +16   44   -6   44   -6  12  0  0 L3B E4
C13 FF 60303 184200  780 561 3030    -3999438    -37         817     +9    8  18   97   -1   20   +0   20    0   5  0  0 L3B 98
C01 FF 60303 185800  780 367 1393    -8809963     +1         704     +6    5  18  135   +0   18   -6   18   -6   4  0  0 L3B B0
C02 FF 60303 185800  780 338 2248    -2835358   -313         746    +23    9  18  145   +0   33  -23   33  -23   6  0  0 L3B 02
C03 FF 60303 185800  780 446 1888    +1420303   -211         780     -5    3  18  115   +0   24   +0   24    0   2  0  0 L3B 9C
C04 FF 60303 185800  780 268 1231    -4644001  -1522         610    +12   12  18  179   +0   53   -6   53   -6   9  0  0 L3B EF
C08 FF 60303 185800  780 617 3257    -1571296   +269         829    +19    8  18   92   +0   26  -11   26  -11   5  0  0 L3B 02
C10 FF 60303 185800  780 281 2138     +673715   +140         692     -5   18  18  171  +21   43   -4   43   -4  15  0  0 L3B E5
C13 FF 60303 185800  780 567 3078    -3999490    -49         809     -3    7  18   97   -1   27   +4   27    4   4  0  0 L3B C3
C01 FF 60303 191400  780 366 1393    -8809960     +3         713     +7    3  19  135   +0   10   -9   10   -9   2  0  0 L3B 9B
C02 FF 60303 191400  780 339 2249    -2835671   -327         747     +8    8  19  144   +0   34   -1   34   -1   6  0  0 L3B CD
C03 FF 60303 191400  780 447 1888    +1420095   -210         771     -4    3  19  115   +0   30   +2   30    2   2  0  0 L3B 9B
C04 FF 60303 191400  780 267 1231    -4645471  -1518         580    +12   10  19  179   +0   61   +0   61    0   8  0  0 L3B DF
C08 FF 60303 191400  780 621 3311    -1571054   +237         833    -13    9  19   91   +0   24  +10   24   10   6  0  0 L3B C4
C13 FF 60303 191400  780 574 3124    -3999532    -62         795    -18    5  19   96   -1   26  +13   26   13   3  0  0 L3B DF
C01 FF 60303 193000  780 366 1393    -8809971    -10         707     -5    3  19  135   +0   14   +4   14    4   2  0  0 L3B 9D
C02 FF 60303 193000  780 340 2250    -2835970   -336         769     -1    8  19  144   +0   18   +0   18    0   6  0  0 L3B AF
C03 FF 60303 193000  780 447 1888    +1419915   -195         789    +12    7  19  115   +0   12  -12   12  -12   5  0  0 L3B FC
C04 FF 60303 193000  780 267 1231    -4646917  -1511         603    +19   12  19  179   +0   44  -22   44  -22   9  0  0 L3B 1B
C08 FF 60303 193000  780 627 3362    -1570821   +254         825     +4   13  19   91   -1   26   -6   26   -6   8  0  0 L3B CA
C13 FF 60303 193000  780 582 3168    -3999562    -41         807     +3    6  19   95   -1   20   -1   20   -1   3  0  0 L3B A3
C01 FF 60303 194600  780 366 1393    -8809990    -32         692    -27    7  19  135   +0   25  +18   25   18   6  0  0 L3B F6
C02 FF 60303 194600  780 341 2251    -2836288   -288         772    +47   13  19  144   +0   17  -30   17  -30   9  0  0 L3B 15
C03 FF 60303 194600  780 448 1888    +1419708   -219         780    -13    3  19  115   +0   21  +13   21   13   2  0  0 L3B E7
C04 FF 60303 194600  780 266 1232    -4648393  -1538         597     -7   13  19  179   +0   44   -3   44   -3  10  0  0 L3B 0D
C08 FF 60303 194600  780 634 3413    -1570576   +230         830    -19    6  19   90   -1   21  +12   21   12   3  0  0 L3B CE
C13 FF 60303 194600  780 592 3209    -3999598    -40         813     +4    7  19   94   -1   17   -1   17   -1   4  0  0 L3B BA
C01 FF 60303 200200  780 366 1393    -8810004     -6         685     -1   11  20  135   +0   31   +1   31    1   9  0  0 L3B 7B
C02 FF 60303 200200  780 342 2252    -2836610   -390         755    -57   13  20  143   +0   21  +40   21   40  10  0  0 L3B E2
C03 FF 60303 200200  780 448 1888    +1419504   -197         776     +9    7  20  115   +0   27   -5   27   -5   5  0  0 L3B CA
C08 FF 60303 200200  780 644 3463    -1570334   +255         838     +6    2  20   90   -1   19   -2   19   -2   1  0  0 L3B A2
C13 FF 60303 200200  780 603 3248    -3999644    -36         814     +9    9  20   93   -1   20   -3   20   -3   5  0  0 L3B 9B
C01 FF 60303 201800  780 365 1393    -8809998    +19         695    +24    7  20  135   +0   26   -9   26   -9   6  0  0 L3B DE
C03 FF 60303 201800  780 448 1889    +1419308   -200         777     +7    6  20  115   +0   27   -4   27   -4   5  0  0 L3B C1
C08 FF 60303 201800  780 656 3512    -1570090   +287         844    +38    7  20   89   -1   19  -23   19  -23   5  0  0 L3B F4
C13 FF 60303 201800  780 617 3284    -3999683    -40         818     +5   10  20   92   -1   20   +2   20    2   6  0  0 L3B 9C
C01 FF 60303 203400  780 365 1394    -8809976    +40         722    +45    8  20  136   +0    9  -29    9  -29   7  0  0 L3B D6
C02 FF 60303 203400  780 344 2253    -2837250   -356         753    -24    9  20  143   +0   24  +19   24   19   8  0  0 L3B E3
C03 FF 60303 203400  780 448 1889    +1419113   -203         781     +4    2  20  115   +0   24   -4   24   -4   1  0  0 L3B A6
C08 FF 60303 203400  780 671 3562    -1569845   +261         849    +12    6  20   88   -1   19   -5   19   -5   4  0  0 L3B D6
C13 FF 60303 203400  780 633 3318    -3999724    -22         820    +22    6  20   91   -1   22  -12   22  -12   4  0  0 L3B C1
C01 FF 60303 205000  780 364 1394    -8809967    -38         735    -33    8  20  136   +0    5  +32    5   32   7  0  0 L3B BC
C03 FF 60303 205000  780 448 1889    +1418916   -207         783     +0    2  20  115   +0   23   +2   23    2   2  0  0 L3B 9C
C08 FF 60303 205000  780 687   14    -1569590   +236         865    -13    3  20   87   -1   13  +13   13   13   2  0  0 L3B AD
C13 FF 60303 205000  780 650 3349    -3999757    -13         829    +31    6  20   89   -1   17  -17   17  -17   4  0  0 L3B EA
C03 FF 60303 210600  780 448 1889    +1418717   -213         786     -6    5  21  115   +0   23   +7   23    7   4  0  0 L3B B5
C08 FF 60303 210600  780 706   69    -1569345   +251         878     +3    7  21   86   -1   13   +6   13    6   4  0  0 L3B 87
C13 FF 60303 210600  780 670 3377    -3999792    -37         838     +7    5  21   88   -1   15   -3   15   -3   3  0  0 L3B B7
C03 FF 60303 212200  780 448 1889    +1418511   -219         778    -11    8  21  115   +0   31  +11   31   11   6  0  0 L3B D7
C08 FF 60303 212200  780 726  128    -1569101   +252         883     +4    5  21   85   -1   15   +3   15    3   3  0  0 L3B 81
C13 FF 60303 212200  780 692 3401    -3999819    -33         854    +11    5  21   86   -1    8   -2    8   -2   3  0  0 L3B 92
C16 FF 60303 212200  780 400 1855    +2457354   +246         679    +42   20  21  126   -9   60  -17   60  -17  15  0  0 L3B 17
C03 FF 60303 213800  780 447 1889    +1418303   -205         769     +2    5  21  115   +0   38   -4   38   -4   5  0  0 L3B C2
C08 FF 60303 213800  780 749  197    -1568859   +244         887     -4    4  21   84   -1   19   +6   19    6   3  0  0 L3B B9
C13 FF 60303 213800  780 716 3420    -3999863    -34         852    +11    3  21   85   -1   14   -4   14   -4   2  0  0 L3B AF
C08 FF 60303 215400  780 772  282    -1568620   +244         888     -5    3  21   83   -1   22   +5   22    5   2  0  0 L3B 91
C13 FF 60303 215400  780 742 3432    -3999904    -29         854    +16    3  21   84   -1   18   -7   18   -7   2  0  0 L3B C3
C16 FF 60303 215400  780 468 1920    +2457797   +203         729     -2    9  21  111   -6   51  +19   51   19   7  0  0 L3B E5
C06 FF 60303 221000  780 476 1969    -2272067   -199         827     +7   11  22  109   -6   41  +11   41   11   9  0  0 L3B EF
C08 FF 60303 221000  780 795  396    -1568370   +244         887     -6    5  22   82   -1   21   +3   21    3   3  0  0 L3B 94
C13 FF 60303 221000  780 769 3434    -3999935    -38         869     +7    5  22   83   -1   16   +3   16    3   3  0  0 L3B A9
C16 FF 60303 221000  780 501 1959    +2458010   +247         806    +49   10  22  105   -5   53  -18   53  -18   8  0  0 L3B 03
C08 FF 60303 222600  780 816  562    -1568123   +268         893    +18    3  22   82   +0   21   -6   21   -6   2  0  0 L3B AF
C13 FF 60303 222600  780 798 3416    -3999981    -52         866     -7    8  22   82   -1   22   +6   22    6   4  0  0 L3B B1
C08 FF 60303 224200  780 830  814    -1567876   +271         901    +21    4  22   81   +0   22  -11   22  -11   3  0  0 L3B BC
C13 FF 60303 224200  780 828 3355    -4000020    -56         870    -11    4  22   82   -1   22  +11   22   11   3  0  0 L3B 9E
C08 FF 60303 225800  780 829 1126    -1567638   +264         899    +15    5  22   81   +0   27   -3   27   -3   3  0  0 L3B D6
C13 FF 60303 225800  780 854 3169    -4000057    -33         876    +11    3  22   81   +0   22   -3   22   -3   2  0  0 L3B 9B
C16 FF 60303 225800  780 589 2108    +2458646   +192         871     -6    6  22   94   -3   45  +13   45   13   5  0  0 L3B DD
C08 FF 60303 231400  780 812 1386    -1567392   +250         895     -1    4  23   82   +1   33  +11   33   11   2  0  0 L3B BA
C13 FF 60303 231400  780 865 2688    -4000104    -43         867     +1    5  23   81   +0   31   +6   31    6   4  0  0 L3B 80
C16 FF 60303 231400  780 614 2170    +2458848   +199         827     -6    4  23   92   -2   51  +16   51   16   2  0  0 L3B CF
C06 FF 60303 233000  780 611 2229    -2272965   -195         874     +6    4  23   92   -2   45  +11   45   11   3  0  0 L3B C5
C08 FF 60303 233000  780 785 1556    -1567155   +258         891     +7    7  23   83   +1   46   +8   46    8   4  0  0 L3B BF
C13 FF 60303 233000  780 844 2299    -4000146    -59         867    -14    4  23   81   +0   40  +23   40   23   3  0  0 L3B B8
C16 FF 60303 233000  780 637 2240    +2459056   +233         839    +29    4  23   90   -2   54   -6   54   -6   2  0  0 L3B C4
C06 FF 60303 234600  780 632 2298    -2273151   -196         881     +5    6  23   91   -2   53   +6   53    6   4  0  0 L3B AF
C08 FF 60303 234600  780 751 1667    -1566924   +251         881     +0    3  23   84   +1   63   +6   63    6   2  0  0 L3B AB
C13 FF 60303 234600  780 811 2164    -4000193    -65         863    -21    3  23   82   +1   54  +28   54   28   2  0  0 L3B BD
C16 FF 60303 234600  780 656 2317    +2459257   +224         843    +19    3  23   89   -1   64   -1   64   -1   2  0  0 L3B CC
