CGGTTS     GENERIC DATA FORMAT VERSION = 2E
REV DATE = 2023-12-15                    
RCVR = TRIMBLE NETR9 5049K72188      R2CGGTTS v8.6    
CH = 12 
IMS = TRIMBLE NETR9 5049K72188      
LAB = CEPNT                         
X = -2154293.56 m 
Y = +4373452.74 m 
Z = +4098891.74 m 
FRAME = ITRF
COMMENTS =           no comments                   
TOT DLY =    0.0 ns (BDS B1I),    0.0 ns (BDS B2I)
REF = ITRF10                        
CKSUM = C3

SAT CL  MJD  STTIME TRKL ELV AZTH   REFSV      SRSV     REFSYS    SRSYS  DSG IOE MDTR SMDT MDIO SMDI MSIO SMSI ISG FR HC FRC CK
             hhmmss  s  .1dg .1dg    .1ns     .1ps/s     .1ns    .1ps/s .1ns     .1ns.1ps/s.1ns.1ps/s.1ns.1ps/s.1ns
C06 FF 60302 001000  780 648 2374    -2238589   -206        1077     -4    3   0   89   -1   17  +18   17   18   2  0  0 L3B CB
C08 FF 60302 001000  780 712 1741    -1609508   +234        1058    -14    6   0   85   +2   27  +27   27   27   4  0  0 L3B CB
C12 FF 60302 001000  780 107 2479    -8168127    +58         768    -47   21   0  423 +172   89  +69   89   69  12  0  0 L3B 2E
C13 FF 60302 001000  780 772 2108    -3992261    -47        1056     -2    5   0   83   +1   19  +15   19   15   3  0  0 L3B A4
C16 FF 60302 001000  780 675 2401    +2424472   +205        1049     +2    5   0   88   -1   23  +14   23   14   3  0  0 L3B A1
C06 FF 60302 002600  780 663 2453    -2238777   -210        1082     -8    3   0   88   -1   25  +13   25   13   2  0  0 L3B BA
C08 FF 60302 002600  780 673 1799    -1609278   +253        1050     +4    4   0   88   +3   42   +5   42    5   2  0  0 L3B A1
C13 FF 60302 002600  780 732 2090    -3992314    -72        1046    -27    4   0   84   +2   34  +26   34   26   3  0  0 L3B B9
C16 FF 60302 002600  780 688 2491    +2424669   +202        1050     -2    5   0   87   -1   32   +8   32    8   3  0  0 L3B 99
C06 FF 60302 004200  780 675 2537    -2238967   -210        1085     -8    7   0   88   -1   34  +15   34   15   4  0  0 L3B CC
C08 FF 60302 004200  780 632 1844    -1609056   +241        1033     -8    3   0   91   +3   60  +12   60   12   2  0  0 L3B A4
C09 FF 60302 004200  780 489 2426    +2576274   +513        1045    +16    7   0  107   -2   65  +10   65   10   3  0  0 L3B DC
C13 FF 60302 004200  780 691 2085    -3992364    -48        1039     -3    9   0   87   +2   48  +11   48   11   4  0  0 L3B BA
C16 FF 60302 004200  780 697 2584    +2424865   +211        1051     +7    4   0   86   +0   41   +2   41    2   3  0  0 L3B 8B
C06 FF 60302 005800  780 684 2623    -2239157   -203        1088     -2    3   0   87   +0   41  +12   41   12   2  0  0 L3B B2
C08 FF 60302 005800  780 590 1881    -1608827   +227        1023    -21    4   0   94   +4   73  +22   73   22   3  0  0 L3B D2
C09 FF 60302 005800  780 502 2481    +2576756   +512        1049    +15    6   0  105   -2   79  +15   79   15   3  0  0 L3B EE
C13 FF 60302 005800  780 648 2085    -3992416    -55        1030    -10    7   0   89   +3   63  +19   63   19   4  0  0 L3B CF
C16 FF 60302 005800  780 704 2678    +2425066   +226        1057    +22    4   0   86   +0   48   -4   48   -4   3  0  0 L3B BF
C03 FF 60302 011400  780 438 1889    +1451473   -182        1005    +23    5   1  117   +0   76   +1   76    1   4  0  0 L3B B3
C06 FF 60302 011400  780 690 2709    -2239346   -208        1091     -7    3   1   87   +0   52  +19   52   19   2  0  0 L3B C4
C08 FF 60302 011400  780 547 1911    -1608606   +219        1020    -28    4   1   99   +5   97  +32   97   32   3  0  0 L3B DC
C09 FF 60302 011400  780 512 2537    +2577244   +512         999     +8    3   1  104   -1   89  +13   89   13   3  0  0 L3B CC
C13 FF 60302 011400  780 605 2089    -3992468    -56        1037     -9    9   1   93   +4   79  +22   79   22   6  0  0 L3B CF
C16 FF 60302 011400  780 707 2772    +2425260   +200        1062     -3    7   1   86   +0   60   +9   60    9   5  0  0 L3B 8C
C03 FF 60302 013000  780 436 1889    +1451263   -220         992    -15    4   1  117   +0  107  +30  107   30   3  0  0 L3B DE
C06 FF 60302 013000  780 694 2793    -2239534   -194        1097     +8    3   1   86   +0   64   +5   64    5   3  0  0 L3B AD
C08 FF 60302 013000  780 504 1937    -1608373   +222        1016    -25    9   1  105   +7  118  +37  118   37   6  0  0 L3B 04
C09 FF 60302 013000  780 521 2593    +2577737   +504        1009     +1    7   1  102   -1   98  +19   98   19   4  0  0 L3B DB
C13 FF 60302 013000  780 562 2095    -3992526    -65        1023    -18    7   1   97   +5  104  +30  104   30   5  0  0 L3B DC
C16 FF 60302 013000  780 709 2862    +2425452   +183        1059    -20    7   1   86   +0   76  +21   76   21   4  0  0 L3B CF
C03 FF 60302 014600  780 435 1889    +1451038   -212         963     -7    3   1  117   +0  145  +22  145   22   3  0  0 L3B D9
C06 FF 60302 014600  780 697 2875    -2239731   -203        1093     -2    6   1   86   +0   73   +6   73    6   4  0  0 L3B AC
C08 FF 60302 014600  780 461 1960    -1608151   +230        1002    -17    6   1  112   +8  147  +41  147   41   4  0  0 L3B F2
C09 FF 60302 014600  780 529 2649    +2578217   +520        1005    +16    3   1  101   -1  114   -5  114   -5   3  0  0 L3B DF
C13 FF 60302 014600  780 518 2101    -3992587    -75        1008    -29    5   1  103   +6  129  +35  129   35   3  0  0 L3B FE
C16 FF 60302 014600  780 709 2948    +2425645   +204        1058     +1    3   1   86   +0   86  +11   86   11   2  0  0 L3B BF
C01 FF 60302 020200  780 347 1405    -8808929    +72         986    +78    8   2  141   +0  224  -19  224  -19   5  0  0 L3B 03
C03 FF 60302 020200  780 434 1888    +1450863   -147         984    +58    5   2  117   +0  142  -29  142  -29   4  0  0 L3B 0E
C06 FF 60302 020200  780 699 2954    -2239922   -194        1096     +8    5   2   86   +0   77   +6   77    6   4  0  0 L3B BF
C08 FF 60302 020200  780 417 1979    -1607941   +204         973    -43   11   2  121  +11  186  +44  186   44   7  0  0 L3B 22
C09 FF 60302 020200  780 536 2704    +2578701   +489        1014    -14    5   2  100   -1  123  +23  123   23   3  0  0 L3B ED
C13 FF 60302 020200  780 474 2107    -3992653    -77         977    -31    4   2  110   +8  155  +27  155   27   2  0  0 L3B F0
C14 FF 60302 020200  780 145 3136    +1846875   -813         779    -15   32   2  320 -122  260  +52  260   52  20  0  0 L3B 38
C16 FF 60302 020200  780 709 3029    +2425838   +193        1059     -9    3   2   86   +0   93  +14   93   14   2  0  0 L3B C8
C03 FF 60302 021800  780 433 1888    +1450655   -284         972    -79    4   2  118   +0  165  +78  165   78   4  0  0 L3B 1A
C06 FF 60302 021800  780 700 3028    -2240116   -208        1096     -6    4   2   86   +0   91  +10   91   10   2  0  0 L3B A8
C08 FF 60302 021800  780 373 1995    -1607717   +222         960    -25   10   2  133  +14  213  +48  213   48   6  0  0 L3B 1F
C09 FF 60302 021800  780 542 2757    +2579188   +502        1018     -1    7   2  100   -1  131   +5  131    5   4  0  0 L3B C6
C13 FF 60302 021800  780 430 2113    -3992714    -54         959     -9    9   2  118  +10  181  +23  181   23   5  0  0 L3B E9
C14 FF 60302 021800  780 202 3146    +1846132   -722         803    +76   26   2  234  -65  278  -43  278  -43  17  0  0 L3B 48
C16 FF 60302 021800  780 708 3105    +2426043   +193        1069    -10    4   2   86   +0   99  +10   99   10   3  0  0 L3B CD
C03 FF 60302 023400  780 432 1888    +1450452   -164         967    +41    3   2  118   +0  179  -24  179  -24   3  0  0 L3B 0B
C06 FF 60302 023400  780 702 3099    -2240306   -195        1099     +6    3   2   86   +0   98   +3   98    3   2  0  0 L3B A8
C09 FF 60302 023400  780 548 2809    +2579675   +520        1023    +17    4   2   99   -1  139   -6  139   -6   2  0  0 L3B F7
C13 FF 60302 023400  780 386 2119    -3992780    -70         937    -25    7   2  129  +13  213  +29  213   29   5  0  0 L3B 09
C14 FF 60302 023400  780 259 3147    +1845421   -809         857    -11   15   2  185  -40  246  +10  246   10   9  0  0 L3B 21
C16 FF 60302 023400  780 707 3177    +2426228   +185        1060    -17    5   2   86   +0  113  +21  113   21   3  0  0 L3B E2
C01 FF 60302 025000  780 344 1407    -8808949    -34         984    -28    5   2  142   +0  251  +31  251   31   4  0  0 L3B E4
C02 FF 60302 025000  780 342 2253    -2786916   -286         945    +50    7   2  143   +0  227  -19  227  -19   5  0  0 L3B 10
C03 FF 60302 025000  780 431 1888    +1450262   -201         973     +4    2   2  118   +0  182   +0  182    0   2  0  0 L3B A2
C06 FF 60302 025000  780 704 3166    -2240505   -202        1093     -1   10   2   86   +0  105   -3  105   -3   6  0  0 L3B BB
C09 FF 60302 025000  780 554 2859    +2580154   +514        1019    +12    5   2   98   -1  148  -12  148  -12   4  0  0 L3B 06
C14 FF 60302 025000  780 317 3139    +1844702   -737         905    +60   12   2  154  -26  218  -32  218  -32   8  0  0 L3B 29
C16 FF 60302 025000  780 707 3244    +2426425   +186        1063    -16    7   2   86   +0  115   +9  115    9   4  0  0 L3B D0
C01 FF 60302 030600  780 344 1408    -8809000    -29         939    -23    5   3  143   +0  247   +7  247    7   3  0  0 L3B C2
C02 FF 60302 030600  780 341 2252    -2787217   -363         958    -29   10   3  144   +0  215  +18  215   18   8  0  0 L3B 0B
C03 FF 60302 030600  780 430 1888    +1450050   -213         962     -8    3   3  118   +0  196   +9  196    9   2  0  0 L3B C3
C06 FF 60302 030600  780 707 3230    -2240698   -189        1087    +11    8   3   86   +0  103   +2  103    2   7  0  0 L3B C9
C09 FF 60302 030600  780 560 2906    +2580643   +504        1025     +1    6   3   97   -1  146  +19  146   19   5  0  0 L3B E8
C14 FF 60302 030600  780 375 3118    +1843976   -779         949    +19    5   3  133  -18  191  -14  191  -14   3  0  0 L3B 36
C16 FF 60302 030600  780 709 3308    +2426615   +210        1054     +7    5   3   86   +0  117   +4  117    4   5  0  0 L3B B2
C01 FF 60302 032200  780 343 1408    -8809040    -20         905    -14    3   3  143   +0  263   +7  263    7   3  0  0 L3B AD
C02 FF 60302 032200  780 340 2252    -2787552   -298         944    +37    6   3  144   +0  238  -11  238  -11   4  0  0 L3B 05
C03 FF 60302 032200  780 428 1888    +1449854   -214         964     -9    3   3  119   +0  196   +8  196    8   2  0  0 L3B DF
C06 FF 60302 032200  780 711 3291    -2240898   -166        1080    +35    7   3   85   +0  106  -21  106  -21   4  0  0 L3B F7
C09 FF 60302 032200  780 566 2952    +2581117   +527        1016    +24    6   3   97   -1  148   -6  148   -6   4  0  0 L3B EE
C13 FF 60302 032200  780 258 2131    -3993002    -32         838    +13   21   3  185  +29  334  +27  334   27  17  0  0 L3B 19
C14 FF 60302 032200  780 430 3083    +1843235   -729         975    +69    5   3  119  -12  160  -74  160  -74   3  0  0 L3B 22
C16 FF 60302 032200  780 712 3370    +2426811   +209        1056     +6    3   3   85   +0  115   -9  115   -9   3  0  0 L3B C0
C01 FF 60302 033800  780 342 1409    -8809030    +30         920    +36    4   3  143   +0  245  -44  245  -44   2  0  0 L3B E2
C02 FF 60302 033800  780 339 2251    -2787875   -316         942    +18   13   3  145   +0  241   -6  241   -6  10  0  0 L3B 07
C03 FF 60302 033800  780 427 1888    +1449658   -204         964     +1    4   3  119   +0  194   +6  194    6   4  0  0 L3B D7
C06 FF 60302 033800  780 716 3351    -2241088   -191        1082    +10    4   3   85   +0   99  -18   99  -18   3  0  0 L3B EF
C09 FF 60302 033800  780 573 2994    +2581616   +511        1032     +8    4   3   96   -1  128   +8  128    8   4  0  0 L3B D4
C14 FF 60302 033800  780 480 3027    +1842515   -827        1020    -28    8   3  109   -8  138  +34  138   34   5  0  0 L3B 12
C16 FF 60302 033800  780 716 3430    +2427011   +220        1062    +17    5   3   85   +0  107  -27  107  -27   4  0  0 L3B EE
C01 FF 60302 035400  780 341 1409    -8809053     -6         904     +0    4   3  144   +0  231  -15  231  -15   4  0  0 L3B B7
C02 FF 60302 035400  780 337 2250    -2788196   -362         942    -28   11   3  145   +1  244  +36  244   36  10  0  0 L3B 1F
C03 FF 60302 035400  780 426 1888    +1449456   -168         959    +37    4   3  119   +0  200  -24  200  -24   3  0  0 L3B 0C
C06 FF 60302 035400  780 723 3409    -2241283   -216        1081    -15    7   3   85   +0  100   +2  100    2   6  0  0 L3B B7
C09 FF 60302 035400  780 582 3034    +2582088   +489        1021    -13    5   3   95   -1  132  -11  132  -11   3  0  0 L3B FA
C14 FF 60302 035400  780 522 2948    +1841764   -740        1036    +58    5   3  102   -5  125  -25  125  -25   4  0  0 L3B 18
C16 FF 60302 035400  780 722 3490    +2427203   +208        1058     +5    8   3   85   +0  112   -6  112   -6   3  0  0 L3B BE
C01 FF 60302 041000  780 340 1410    -8809132    -24         829    -18    9   4  144   +0  233  +10  233   10   8  0  0 L3B CB
C02 FF 60302 041000  780 336 2249    -2788503   -340         947     -7   17   4  146   +1  238  +13  238   13  13  0  0 L3B 0C
C03 FF 60302 041000  780 425 1888    +1449297   -187         994    +18    2   4  119   +0  176  -16  176  -16   1  0  0 L3B 1D
C06 FF 60302 041000  780 732 3468    -2241482   -219        1073    -18    3   4   84   +0  102  +13  102   13   3  0  0 L3B DE
C09 FF 60302 041000  780 591 3072    +2582568   +490        1021    -12   11   4   94   -1  133  -23  133  -23   9  0  0 L3B 0A
C14 FF 60302 041000  780 551 2844    +1841025   -791        1088    +10    3   4   99   -3  124  -19  124  -19   2  0  0 L3B 03
C16 FF 60302 041000  780 730 3551    +2427400   +212        1059     +9    7   4   85   +0  109   -2  109   -2   4  0  0 L3B B8
C01 FF 60302 042600  780 340 1410    -8809109    +23         857    +29    5   4  144   +0  211   -4  211   -4   5  0  0 L3B BA
C02 FF 60302 042600  780 335 2248    -2788832   -341         937     -8    7   4  146   +1  235   +1  235    1   6  0  0 L3B CC
C03 FF 60302 042600  780 424 1888    +1449086   -230         979    -25    2   4  120   +0  188  +16  188   16   2  0  0 L3B 07
C06 FF 60302 042600  780 743 3528    -2241672   -232        1076    -31    5   4   84   +0   89  +11   89   11   3  0  0 L3B D8
C09 FF 60302 042600  780 602 3106    +2583063   +516        1034    +14    4   4   93   -1  117  -18  117  -18   2  0  0 L3B F8
C14 FF 60302 042600  780 562 2721    +1840267   -803        1098     -2   11   4   97   +0  115  +15  115   15   6  0  0 L3B F0
C16 FF 60302 042600  780 739   14    +2427593   +221        1056    +18    4   4   84   +0  103  -16  103  -16   3  0  0 L3B D2
C03 FF 60302 044200  780 423 1887    +1448869   -195         960    +10    7   4  120   +0  196  -29  196  -29   7  0  0 L3B 22
C06 FF 60302 044200  780 755 3591    -2241863   -193        1077     +7    4   4   84   -1   86  -24   86  -24   3  0  0 L3B E6
C09 FF 60302 044200  780 614 3137    +2583542   +505        1031     +2    4   4   92   -1  112   -9  112   -9   3  0  0 L3B BD
C14 FF 60302 044200  780 553 2595    +1839494   -791        1095    +10    6   4   98   +2  115   -6  115   -6   4  0  0 L3B F5
C16 FF 60302 044200  780 750   81    +2427791   +248        1060    +45    7   4   84   +0  100  -44  100  -44   4  0  0 L3B D1
C03 FF 60302 045800  780 422 1887    +1448683   -186         971    +19    9   4  120   +0  174  -29  174  -29   9  0  0 L3B 29
C06 FF 60302 045800  780 768   60    -2242045   -196        1088     +5    4   4   83   -1   81   +6   81    6   3  0  0 L3B 87
C09 FF 60302 045800  780 628 3165    +2584040   +502        1046     +0    5   4   91   -1  109   +0  109    0   3  0  0 L3B B0
C14 FF 60302 045800  780 525 2481    +1838708   -819        1078    -18    6   4  102   +5  130   +4  130    4   4  0  0 L3B EA
C16 FF 60302 045800  780 763  155    +2427993   +194        1067     -9    4   4   83   +0   99  +15   99   15   3  0  0 L3B D5
C03 FF 60302 051400  780 421 1887    +1448485   -194         969    +11    3   5  120   +0  175   -1  175   -1   3  0  0 L3B E2
C06 FF 60302 051400  780 783  140    -2242240   -223        1090    -22    3   5   83   +0   87   +9   87    9   2  0  0 L3B 98
C07 FF 60302 051400  780 378 1936    +5240558   +611         935     +6    9   5  132   -9  216   +8  216    8   7  0  0 L3B DB
C09 FF 60302 051400  780 643 3189    +2584526   +483        1057    -19    3   5   90   -1  109  +26  109   26   3  0  0 L3B 09
C14 FF 60302 051400  780 484 2387    +1837910   -820        1056    -18    7   5  108   +8  140  +24  140   24   4  0  0 L3B 0B
C16 FF 60302 051400  780 776  241    +2428197   +226        1074    +23    5   5   83   +0   98  -16   98  -16   3  0  0 L3B E0
C03 FF 60302 053000  780 420 1887    +1448304   -194         985    +11    4   5  121   +0  170   +6  170    6   3  0  0 L3B C6
C06 FF 60302 053000  780 799  237    -2242436   -203        1087     -2    4   5   82   +0   90   -7   90   -7   2  0  0 L3B 9C
C09 FF 60302 053000  780 660 3208    +2585013   +530        1063    +28    3   5   88   -1  103  -17  103  -17   2  0  0 L3B F3
C14 FF 60302 053000  780 433 2312    +1837128   -815        1045    -13    6   5  118  +12  157  +16  157   16   3  0  0 L3B 11
C16 FF 60302 053000  780 790  345    +2428392   +189        1074    -14    4   5   82   +0  102   +7  102    7   3  0  0 L3B B9
C06 FF 60302 054600  780 815  364    -2242622   -194        1095     +7    4   5   82   +0   85   +3   85    3   2  0  0 L3B 92
C07 FF 60302 054600  780 437 1996    +5241743   +593         960    -11    6   5  117   -6  201   +3  201    3   4  0  0 L3B D8
C09 FF 60302 054600  780 679 3222    +2585504   +515        1072    +13    2   5   87   -1   98  -13   98  -13   2  0  0 L3B F2
C14 FF 60302 054600  780 376 2252    +1836335   -793        1022     +9   11   5  132  +18  189  +10  189   10   7  0  0 L3B 23
C16 FF 60302 054600  780 803  476    +2428587   +216        1074    +12    6   5   82   +0  102   +3  102    3   3  0  0 L3B B3
C06 FF 60302 060200  780 828  540    -2242820   -197        1096     +5    3   6   82   +0   85   +6   85    6   4  0  0 L3B 95
C09 FF 60302 060200  780 699 3228    +2585985   +513        1066    +11    4   6   86   -1   98   +2   98    2   3  0  0 L3B CF
C12 FF 60302 060200  780 197 1511    -8165857   +203         763   +101   20   6  239  -72  389 -129  389 -129  16  0  0 L3B 8D
C14 FF 60302 060200  780 317 2205    +1835538   -814         953    -17   16   6  153  +27  231  +45  231   45   9  0  0 L3B 23
C16 FF 60302 060200  780 813  643    +2428789   +214        1074    +10    4   6   82   +0   96   +0   96    0   3  0  0 L3B 9A
C06 FF 60302 061800  780 835  779    -2243018   -185        1092    +17    2   6   81   +0   90  -14   90  -14   2  0  0 L3B D5
C07 FF 60302 061800  780 492 2069    +5242939   +637        1004    +34   13   6  107   -4  165  -34  165  -34   9  0  0 L3B 3B
C09 FF 60302 061800  780 720 3224    +2586473   +521        1071    +18    4   6   85   -1   93   -5   93   -5   2  0  0 L3B C7
C12 FF 60302 061800  780 259 1479    -8165669   +171         853    +69   16   6  185  -43  296  -64  296  -64  11  0  0 L3B 76
C14 FF 60302 061800  780 257 2164    +1834733   -769         914    +28   16   6  185  +41  298  +40  298   40  12  0  0 L3B 4E
C16 FF 60302 061800  780 817  845    +2428985   +219        1074    +15    3   6   82   +0   99  -14   99  -14   2  0  0 L3B EE
C06 FF 60302 063400  780 832 1047    -2243211   -198        1093     +4    4   6   81   +0   88   +1   88    1   2  0  0 L3B 9A
C09 FF 60302 063400  780 741 3206    +2586957   +494        1073     -8    3   6   84   -1   93   +8   93    8   2  0  0 L3B C0
C12 FF 60302 063400  780 321 1442    -8165530   +182         894    +80   10   6  152  -28  222  -60  222  -60   7  0  0 L3B 21
C14 FF 60302 063400  780 198 2129    +1833919   -818         864    -21   20   6  237  +69  398 +104  398  104  12  0  0 L3B 77
C16 FF 60302 063400  780 812 1058    +2429179   +212        1072     +8    3   6   82   +0   97   -6   97   -6   2  0  0 L3B B7
C06 FF 60302 065000  780 818 1272    -2243401   -195        1097     +7    4   6   82   +0   89   +2   89    2   2  0  0 L3B A6
C07 FF 60302 065000  780 542 2156    +5244133   +636        1039    +33    8   6  100   -3  133  -24  133  -24   6  0  0 L3B 07
C09 FF 60302 065000  780 763 3167    +2587440   +504        1074     +2    5   6   83   -1   94   -5   94   -5   3  0  0 L3B BA
C12 FF 60302 065000  780 384 1399    -8165388   +142         937    +40   10   6  130  -19  175  -51  175  -51   7  0  0 L3B 3E
C14 FF 60302 065000  780 140 2096    +1833118   -776         828    +21   17   6  328 +129  544 +150  544  150  11  0  0 L3B 6A
C16 FF 60302 065000  780 799 1246    +2429374   +204        1071     +0    4   6   82   +0   99   +4   99    4   3  0  0 L3B AA
C06 FF 60302 070600  780 796 1433    -2243600   -215        1086    -14    3   7   82   +1   89   +1   89    1   2  0  0 L3B B3
C09 FF 60302 070600  780 784 3097    +2587922   +501        1073     -1    6   7   83   -1   88   -5   88   -5   4  0  0 L3B CC
C12 FF 60302 070600  780 444 1344    -8165244   +147         929    +37   13   7  116  -13  134  -45  134  -45   8  0  0 L3B 35
C16 FF 60302 070600  780 779 1393    +2429559   +202        1058     -2    3   7   83   +1  101   -7  101   -7   2  0  0 L3B CF
C06 FF 60302 073400  780 747 1608    -2243948   -191        1076    +10    3   7   84   +1   84  -12   84  -12   2  0  0 L3B EA
C09 FF 60302 073400  780 808 2860    +2588775   +504        1082     +1    4   7   82   +0   75  -10   75  -10   3  0  0 L3B D8
C11 FF 60302 073400  780 218 1795    -3222240    -91         710   +102   17   7  217  -65  389 -192  389 -192  12  0  0 L3B 72
C12 FF 60302 073400  780 537 1205    -8165012   +115         977     +6    4   7  100   -6   80  -12   80  -12   3  0  0 L3B C2
C16 FF 60302 073400  780 731 1571    +2429898   +220        1054    +15    4   7   84   +1   91  -14   91  -14   2  0  0 L3B E4
C06 FF 60302 075000  780 714 1674    -2244150   -225        1067    -24    5   7   85   +2   81   +4   81    4   3  0  0 L3B AE
C09 FF 60302 075000  780 808 2670    +2589255   +494        1080     -8    4   7   82   +0   69   -3   69   -3   2  0  0 L3B C7
C11 FF 60302 075000  780 286 1790    -3222361   -106         774    +87   10   7  169  -39  251 -145  251 -145   8  0  0 L3B 60
C12 FF 60302 075000  780 575 1092    -8164900   +124         984    +15    4   7   96   -3   62  -24   62  -24   2  0  0 L3B D9
C06 FF 60302 080600  780 680 1727    -2244350   -206        1052     -6    3   8   87   +2   75   -5   75   -5   2  0  0 L3B B3
C09 FF 60302 080600  780 796 2497    +2589737   +507        1081     +4    3   8   82   +0   62   -6   62   -6   2  0  0 L3B C9
C11 FF 60302 080600  780 357 1787    -3222490   -154         885    +41   10   8  139  -25  172  -54  172  -54   7  0  0 L3B 40
C12 FF 60302 080600  780 594  957    -8164796   +129         996    +21    6   8   94   -1   48  -24   48  -24   4  0  0 L3B F0
C16 FF 60302 080600  780 666 1698    +2430272   +206        1039     +2    4   8   88   +2   82  -12   82  -12   3  0  0 L3B D5
C06 FF 60302 082200  780 645 1770    -2244554   -220        1041    -20    3   8   90   +3   75   +6   75    6   2  0  0 L3B AA
C07 FF 60302 082200  780 647 2489    +5247513   +589        1049    -18    5   8   89   -1   64   +8   64    8   3  0  0 L3B DE
C09 FF 60302 082200  780 773 2371    +2590209   +486        1072    -16    5   8   83   +1   63   +5   63    5   3  0  0 L3B BC
C11 FF 60302 082200  780 430 1783    -3222621   -137         942    +58    6   8  119  -17  112  -48  112  -48   4  0  0 L3B 1C
C12 FF 60302 082200  780 592  817    -8164685    +96        1004    -12    7   8   94   +1   32   -4   32   -4   4  0  0 L3B A3
C16 FF 60302 082200  780 631 1745    +2430461   +167        1032    -37    4   8   91   +3   80  +17   80   17   3  0  0 L3B CF
C06 FF 60302 083800  780 608 1805    -2244759   -202        1028     -1    6   8   93   +3   75  -10   75  -10   4  0  0 L3B D7
C07 FF 60302 083800  780 659 2555    +5248097   +603        1051     -4    3   8   89   -1   57  -10   57  -10   2  0  0 L3B E3
C09 FF 60302 083800  780 745 2290    +2590686   +476        1066    -27    4   8   84   +1   62   +8   62    8   3  0  0 L3B D3
C10 FF 60302 083800  780 535 2522     +655979   +112        1012    -37    9   8  100   -2   65  +13   65   13   6  0  0 L3B D4
C11 FF 60302 083800  780 504 1777    -3222762   -152         988    +43    7   8  105  -12   83  -20   83  -20   5  0  0 L3B 01
C12 FF 60302 083800  780 568  693    -8164604   +111         981     +3    6   8   97   +4   30  -28   30  -28   4  0  0 L3B C2
C16 FF 60302 083800  780 595 1784    +2430647   +190        1022    -14    5   8   94   +4   79   +0   79    0   3  0  0 L3B C3
C06 FF 60302 085400  780 571 1836    -2244970   -225        1008    -25    5   8   96   +4   74   +2   74    2   3  0  0 L3B BF
C07 FF 60302 085400  780 669 2622    +5248679   +589        1051    -17    3   8   88   -1   49   +5   49    5   2  0  0 L3B DE
C09 FF 60302 085400  780 711 2239    +2591164   +491        1061    -11    4   8   85   +2   54   -4   54   -4   3  0  0 L3B C1
C10 FF 60302 085400  780 546 2573     +656110   +142        1001     -8    4   8   99   -1   58   -8   58   -8   3  0  0 L3B A6
C11 FF 60302 085400  780 580 1766    -3222920   -168        1017    +27    6   8   95   -8   65  -27   65  -27   4  0  0 L3B FF
C12 FF 60302 085400  780 529  597    -8164512    +92         970    -16    6   8  101   +6   16  -16   16  -16   3  0  0 L3B CF
C16 FF 60302 085400  780 557 1817    +2430828   +191        1008    -13    5   8   98   +5   76   -9   76   -9   4  0  0 L3B E2
C06 FF 60302 091000  780 532 1863    -2245175   -207         992     -7    9   9  101   +5   68  -15   68  -15   6  0  0 L3B E7
C07 FF 60302 091000  780 678 2690    +5249269   +631        1059    +24    3   9   87   -1   31  -28   31  -28   2  0  0 L3B F7
C09 FF 60302 091000  780 676 2208    +2591631   +504        1039     +1    4   9   87   +2   51  -17   51  -17   2  0  0 L3B D0
C10 FF 60302 091000  780 556 2624     +656260   +129        1004    -21    4   9   98   -1   38   -7   38   -7   3  0  0 L3B B0
C11 FF 60302 091000  780 655 1742    -3223080   -179        1015    +12    5   9   89   -6   46  -23   46  -23   3  0  0 L3B E3
C12 FF 60302 091000  780 479  531    -8164427   +113         931     +3    8   9  109   +9    0  -34    0  -34   5  0  0 L3B 98
C16 FF 60302 091000  780 519 1846    +2431013   +196         992     -8    6   9  103   +6   68  -13   68  -13   4  0  0 L3B E0
C03 FF 60302 092600  780 415 1885    +1445366   -201         961     +5    3   9  122   +0   47  -19   47  -19   2  0  0 L3B D8
C06 FF 60302 092600  780 494 1886    -2245384   -242         974    -42    4   9  106   +6   63  +10   63   10   3  0  0 L3B E5
C07 FF 60302 092600  780 686 2756    +5249844   +615        1052     +8    5   9   87   +0   23  -18   23  -18   3  0  0 L3B EC
C09 FF 60302 092600  780 638 2188    +2592108   +479        1033    -24    6   9   90   +3   40   -6   40   -6   5  0  0 L3B D0
C10 FF 60302 092600  780 565 2674     +656394   +142         995     -8    7   9   97   -1   27  -11   27  -11   5  0  0 L3B CC
C11 FF 60302 092600  780 728 1685    -3223256   -175        1023    +16    4   9   85   -3   29  -21   29  -21   2  0  0 L3B EA
C12 FF 60302 092600  780 424  488    -8164357    +71         895    -40   16   9  120  +14   -8   -7   -8   -7  11  0  0 L3B DC
C16 FF 60302 092600  780 480 1870    +2431191   +182         973    -22   10   9  109   +7   64   -3   64   -3   7  0  0 L3B D9
C03 FF 60302 094200  780 415 1885    +1445165   -208         958     -2    3   9  122   +0   33  -12   33  -12   2  0  0 L3B C7
C06 FF 60302 094200  780 455 1906    -2245601   -220         949    -21    8   9  113   +8   59   -6   59   -6   5  0  0 L3B D5
C07 FF 60302 094200  780 693 2820    +5250440   +597        1066    -10    5   9   86   +0    1   -7    1   -7   4  0  0 L3B 9D
C09 FF 60302 094200  780 599 2175    +2592577   +504        1019     +1    6   9   93   +4   32  -18   32  -18   4  0  0 L3B E7
C10 FF 60302 094200  780 573 2722     +656539   +164         995    +14    5   9   96   -1   10  -29   10  -29   3  0  0 L3B D0
C11 FF 60302 094200  780 794 1530    -3223434   -166        1029    +25    5   9   82   -2   14  -28   14  -28   3  0  0 L3B E4
C12 FF 60302 094200  780 365  464    -8164280    +38         866    -72   16   9  135  +19  -21  +15  -21   15   9  0  0 L3B 00
C16 FF 60302 094200  780 441 1892    +2431363   +172         949    -33    6   9  116   +8   62   +4   62    4   4  0  0 L3B BD
C03 FF 60302 095800  780 415 1885    +1444959   -202         949     +4    4   9  122   +0   29  -13   29  -13   3  0  0 L3B E0
C06 FF 60302 095800  780 416 1923    -2245800   -227         942    -28   10   9  122  +10   46   +4   46    4   8  0  0 L3B DA
C07 FF 60302 095800  780 700 2882    +5251017   +576        1061    -31    7   9   86   +0   -6  +11   -6   11   5  0  0 L3B CB
C09 FF 60302 095800  780 559 2168    +2593047   +494        1006     -9    4   9   98   +5   24   -9   24   -9   3  0  0 L3B D8
C10 FF 60302 095800  780 581 2769     +656676   +143         989     -7    6   9   95   -1   -2   -9   -2   -9   5  0  0 L3B B1
C11 FF 60302 095800  780 829 1087    -3223609   -190        1038     +1    3   9   82   +0   -3  -14   -3  -14   2  0  0 L3B C1
C12 FF 60302 095800  780 306  454    -8164225    +79         815    -31   18   9  158  +28  -19  -10  -19  -10  11  0  0 L3B 1D
C03 FF 60302 101400  780 416 1885    +1444767   -203         950     +2    3  10  122   +0   14   -8   14   -8   2  0  0 L3B A7
C06 FF 60302 101400  780 377 1938    -2246014   -205         927     -4    8  10  132  +12   45  -11   45  -11   6  0  0 L3B E6
C07 FF 60302 101400  780 707 2942    +5251604   +626        1066    +19    6  10   86   +0  -18  -17  -18  -17   4  0  0 L3B 0D
C09 FF 60302 101400  780 518 2163    +2593519   +498        1002     -5    5  10  103   +6   17  -13   17  -13   3  0  0 L3B E5
C10 FF 60302 101400  780 589 2814     +656818   +171        1025    +26    5  10   94   -1  -16  -22  -16  -22   4  0  0 L3B F1
C11 FF 60302 101400  780 797  637    -3223787   -181        1051    +11    3  10   82   +1  -20  -25  -20  -25   2  0  0 L3B E3
C12 FF 60302 101400  780 248  454    -8164160   +110         778     +1   28  10  192  +43  -24  -39  -24  -39  17  0  0 L3B 1D
C01 FF 60302 103000  780 343 1408    -8809274    +57         819    +63    5  10  143   +0   15  -51   15  -51   4  0  0 L3B D5
C03 FF 60302 103000  780 416 1885    +1444579   -186         958    +19    1  10  121   +0    0  -25    0  -25   1  0  0 L3B C0
C06 FF 60302 103000  780 338 1951    -2246231   -214         903    -14   16  10  145  +15   49   -5   49   -5  10  0  0 L3B F7
C07 FF 60302 103000  780 714 2999    +5252193   +609        1073     +3    2  10   85   +0  -27  -13  -27  -13   2  0  0 L3B F2
C09 FF 60302 103000  780 477 2161    +2593977   +488         977    -14    5  10  109   +7   21   -9   21   -9   4  0  0 L3B E8
C10 FF 60302 103000  780 597 2857     +656948   +163        1015    +18    9  10   94   -1  -16  -20  -16  -20   6  0  0 L3B FC
C11 FF 60302 103000  780 736  484    -3223983   -214        1038    -21    9  10   84   +3  -29   -3  -29   -3   6  0  0 L3B D5
C12 FF 60302 103000  780 190  463    -8164097    +64         736    -46   14  10  245  +71  -30   -7  -30   -7   9  0  0 L3B E9
C16 FF 60302 103000  780 324 1940    +2431892   +147         879    -59   15  10  150  +16   53  +26   53   26  12  0  0 L3B 1B
C01 FF 60302 104600  780 344 1407    -8809286    -24         812    -19   11  10  143   +0   17  +13   17   13   9  0  0 L3B DA
C02 FF 60302 104600  780 310 2229    -2796386   -342         921    -10   12  10  156   +0    0   +0    0    0  10  0  0 L3B 97
C03 FF 60302 104600  780 417 1885    +1444383   -214         959     -9    2  10  121   +0   -5   +7   -5    7   2  0  0 L3B A2
C07 FF 60302 104600  780 722 3052    +5252774   +600        1072     -7    4  10   85   +0  -33   -2  -33   -2   3  0  0 L3B BF
C09 FF 60302 104600  780 436 2160    +2594449   +469         967    -33   11  10  117   +9   13   +7   13    7   7  0  0 L3B E3
C10 FF 60302 104600  780 606 2897     +657096   +196        1024    +51    9  10   93   -1  -29  -37  -29  -37   6  0  0 L3B 13
C11 FF 60302 104600  780 670  437    -3224180   -231        1026    -38    9  10   88   +4  -39   +6  -39    6   6  0  0 L3B CF
C12 FF 60302 104600  780 135  479    -8164054    -68         674   -178   31  10  340 +135  -22  +68  -22   68  19  0  0 L3B 4A
C01 FF 60302 110200  780 345 1407    -8809259    -19         839    -14    4  11  142   +0   -6   -5   -6   -5   3  0  0 L3B AF
C02 FF 60302 110200  780 310 2229    -2796709   -361         938    -27   19  11  156   +0   -8   +5   -8    5  13  0  0 L3B DF
C03 FF 60302 110200  780 417 1885    +1444187   -210         958     -6    2  11  121   +0  -11   -1  -11   -1   1  0  0 L3B B2
C07 FF 60302 110200  780 730 3103    +5253356   +607        1064     +0    8  11   85   +0  -41   -8  -41   -8   5  0  0 L3B C1
C09 FF 60302 110200  780 395 2160    +2594904   +455         939    -48    9  11  127  +11   18  +18   18   18   6  0  0 L3B 0B
C10 FF 60302 110200  780 615 2934     +657244   +149        1043     +5    3  11   92   -1  -39   -9  -39   -9   2  0  0 L3B C3
C11 FF 60302 110200  780 603  428    -3224373   -220        1020    -27    5  11   93   +6  -53   -3  -53   -3   3  0  0 L3B B7
C01 FF 60302 111800  780 346 1406    -8809282    -45         821    -40    8  11  142   +0   -7  +21   -7   21   6  0  0 L3B BD
C02 FF 60302 111800  780 310 2229    -2797038   -364         930    -29    7  11  156   +0  -13   +8  -13    8   5  0  0 L3B DB
C03 FF 60302 111800  780 418 1885    +1443990   -208         958     -3    2  11  121   +0  -22  -11  -22  -11   2  0  0 L3B E6
C06 FF 60302 111800  780 226 1979    -2246906   -182         801    +18   31  11  209  +33   90  -26   90  -26  22  0  0 L3B 30
C07 FF 60302 111800  780 740 3151    +5253938   +621        1062    +13    7  11   84   +0  -46  -16  -46  -16   5  0  0 L3B 06
C09 FF 60302 111800  780 354 2159    +2595365   +431         917    -72    7  11  139  +14   18  +35   18   35   6  0  0 L3B 0C
C10 FF 60302 111800  780 625 2968     +657387   +148        1048     +4    2  11   91   -1  -48   -8  -48   -8   2  0  0 L3B D9
C11 FF 60302 111800  780 539  437    -3224590   -192         987     +1    9  11  100   +8  -53  -24  -53  -24   5  0  0 L3B ED
C01 FF 60302 113400  780 347 1405    -8809263    -65         845    -60   10  11  142   +0  -28  +34  -28   34   7  0  0 L3B FC
C02 FF 60302 113400  780 310 2229    -2797363   -330         926     +5    3  11  156   +0  -21  -18  -21  -18   2  0  0 L3B E8
C03 FF 60302 113400  780 419 1885    +1443799   -206         964     -1    5  11  121   +0  -38   -6  -38   -6   4  0  0 L3B E0
C04 FF 60302 113400  780 257 1239    -4470673  -1537         836     -4    6  11  185   -1  -32   -9  -32   -9   6  0  0 L3B F9
C07 FF 60302 113400  780 751 3196    +5254526   +595        1067    -13    3  11   84   +0  -54   +5  -54    5   2  0  0 L3B DE
C09 FF 60302 113400  780 313 2159    +2595814   +485         884    -18   10  11  155  +18   22  -13   22  -13   7  0  0 L3B 1A
C10 FF 60302 113400  780 636 2998     +657527   +142        1049     -2    4  11   90   -1  -51   -1  -51   -1   3  0  0 L3B BB
C11 FF 60302 113400  780 477  457    -3224805   -231         957    -38   12  11  109  +11  -59   -3  -59   -3   7  0  0 L3B 05
C01 FF 60302 115000  780 348 1405    -8809294    +25         819    +30    6  11  141   +0  -17  -31  -17  -31   4  0  0 L3B EB
C02 FF 60302 115000  780 310 2229    -2797684   -330         926     +5    4  11  156   +0  -34  -13  -34  -13   3  0  0 L3B EC
C03 FF 60302 115000  780 420 1885    +1443592   -197         954     +8    2  11  121   +0  -35  -17  -35  -17   2  0  0 L3B F3
C07 FF 60302 115000  780 764 3238    +5255109   +601        1067     -7    4  11   83   +0  -59   +5  -59    5   3  0  0 L3B CD
C09 FF 60302 115000  780 274 2158    +2596282   +464         870    -39   19  11  175  +24   18  +14   18   14  14  0  0 L3B 2B
C10 FF 60302 115000  780 648 3025     +657671   +158        1054    +14    4  11   89   -1  -60  -14  -60  -14   2  0  0 L3B ED
C11 FF 60302 115000  780 418  484    -3225024   -200         923     -7   16  11  121  +14  -59  -15  -59  -15   9  0  0 L3B 02
C01 FF 60302 120600  780 349 1404    -8809261     +0         860     +5   10  12  141   +0  -45   -1  -45   -1   7  0  0 L3B A9
C02 FF 60302 120600  780 310 2229    -2797998   -330         943     +6    9  12  156   +0  -46   -8  -46   -8   6  0  0 L3B ED
C03 FF 60302 120600  780 421 1885    +1443388   -210         948     -4    2  12  120   +0  -37   +1  -37    1   1  0  0 L3B B2
C04 FF 60302 120600  780 259 1238    -4473672  -1541         754    -11   15  12  184   -1   -2  -18   -2  -18  14  0  0 L3B 1D
C07 FF 60302 120600  780 778 3277    +5255690   +625        1063    +17    3  12   83   +0  -59  -11  -59  -11   2  0  0 L3B 15
C10 FF 60302 120600  780 661 3047     +657811   +152        1048     +7    7  12   88   -1  -60   -5  -60   -5   5  0  0 L3B BF
C11 FF 60302 120600  780 361  515    -3225230   -227         894    -36    9  12  137  +19  -56   -1  -56   -1   5  0  0 L3B E8
C01 FF 60302 122200  780 350 1404    -8809282    -45         844    -40    9  12  141   +0  -34  +19  -34   19   7  0  0 L3B E7
C03 FF 60302 122200  780 422 1885    +1443200   -199         957     +6   10  12  120   +0  -45   -5  -45   -5   8  0  0 L3B DB
C07 FF 60302 122200  780 793 3313    +5256279   +609        1069     +2    5  12   82   +0  -64   -5  -64   -5   3  0  0 L3B DD
C10 FF 60302 122200  780 675 3065     +657960   +113        1058    -32    4  12   87   -1  -63  +24  -63   24   3  0  0 L3B E8
C11 FF 60302 122200  780 307  551    -3225454   -263         854    -71    9  12  158  +25  -47  +32  -47   32   6  0  0 L3B 03
C01 FF 60302 123800  780 351 1403    -8809275    +42         856    +47    8  12  140   +0  -45  -40  -45  -40   7  0  0 L3B F8
C03 FF 60302 123800  780 423 1885    +1443019   -239         973    -34    7  12  120   +0  -61  +24  -61   24   5  0  0 L3B F9
C07 FF 60302 123800  780 810 3346    +5256852   +591        1058    -16    5  12   82   +0  -59   +6  -59    6   4  0  0 L3B EE
C10 FF 60302 123800  780 690 3076     +658108   +162        1067    +17    3  12   87   -1  -68  -12  -68  -12   2  0  0 L3B FF
C11 FF 60302 123800  780 256  589    -3225688   -366         804   -175   12  12  186  +35  -33  +96  -33   96   7  0  0 L3B 4C
C01 FF 60302 125400  780 352 1402    -8809278    +65         859    +70    7  12  140   +0  -48  -46  -48  -46   5  0  0 L3B 0C
C03 FF 60302 125400  780 424 1885    +1442792   -230         943    -25    3  12  120   +0  -43  +11  -43   11   3  0  0 L3B E5
C07 FF 60302 125400  780 829 3374    +5257446   +603        1069     -5    6  12   81   +0  -66   +5  -66    5   4  0  0 L3B DB
C10 FF 60302 125400  780 706 3079     +658247   +154        1067     +9    3  12   86   -1  -67   -6  -67   -6   2  0  0 L3B D7
C11 FF 60302 125400  780 207  630    -3225890   -296         786   -105   20  12  227  +51  -43  +39  -43   39  12  0  0 L3B 39
C14 FF 60302 125400  780 198 1068    +1815675   -728         780    +70   27  12  237  -50  -34  -26  -34  -26  16  0  0 L3B 5A
C03 FF 60302 131000  780 425 1885    +1442608   -165         958    +41    6  13  120   +0  -52  -21  -52  -21   5  0  0 L3B FB
C07 FF 60302 131000  780 850 3393    +5258029   +587        1076    -20    2  13   81   +0  -62  +15  -62   15   2  0  0 L3B F8
C10 FF 60302 131000  780 723 3072     +658387   +165        1055    +19    3  13   85   -1  -66   -9  -66   -9   3  0  0 L3B E2
C11 FF 60302 131000  780 160  673    -3226127   -333         730   -142   13  13  289  +82  -26  +70  -26   70   8  0  0 L3B 1B
C14 FF 60302 131000  780 239 1009    +1814941   -769         812    +29   30  13  199  -31  -39   -5  -39   -5  20  0  0 L3B 2A
C03 FF 60302 132600  780 426 1885    +1442428   -217         975    -12    2  13  119   +0  -63   +1  -63    1   2  0  0 L3B D2
C07 FF 60302 132600  780 872 3386    +5258623   +594        1088    -12    4  13   81   +0  -69   +4  -69    4   2  0  0 L3B F3
C10 FF 60302 132600  780 740 3052     +658539   +153        1066     +7    3  13   84   -1  -69   +0  -69    0   2  0  0 L3B B4
C11 FF 60302 132600  780 115  717    -3226318   -325         723   -134   19  13  395 +148  -41  +53  -41   53  12  0  0 L3B 45
C14 FF 60302 132600  780 274  944    +1814210   -804         846     -6   33  13  175  -19  -51  +15  -51   15  21  0  0 L3B 11
C03 FF 60302 134200  780 427 1886    +1442218   -199         963     +6    8  13  119   +0  -55   -9  -55   -9   7  0  0 L3B F2
C07 FF 60302 134200  780 895 2976    +5259208   +601        1090     -5    5  13   81   +0  -73   +3  -73    3   3  0  0 L3B D0
C08 FF 60302 134200  780 384 1935    -1597518   +275         923    +25   18  13  130  -10  -25   -6  -25   -6  13  0  0 L3B 28
C10 FF 60302 134200  780 757 3014     +658668   +146        1055     +0    4  13   83   -1  -63   +2  -63    2   2  0  0 L3B AC
C14 FF 60302 134200  780 301  872    +1813469   -795         871     +2   25  13  161  -11  -54   +5  -54    5  16  0  0 L3B F2
C03 FF 60302 135800  780 428 1886    +1442008   -242         950    -36   20  13  119   +0  -44  +35  -44   35  20  0  0 L3B 1D
C07 FF 60302 135800  780 877 1833    +5259782   +602        1082     -5    5  13   81   +0  -66   +3  -66    3   3  0  0 L3B DB
C08 FF 60302 135800  780 417 1975    -1597262   +293         939    +43   15  13  121   -8  -26  -18  -26  -18  11  0  0 L3B 4D
C10 FF 60302 135800  780 772 2952     +658818   +157        1064    +11    3  13   83   +0  -64   +0  -64    0   2  0  0 L3B C5
C14 FF 60302 135800  780 319  796    +1812716   -721         883    +77   11  13  153   -5  -54  -37  -54  -37   8  0  0 L3B 2E
C03 FF 60302 141400  780 429 1886    +1441825   -205         959     +0    5  14  119   +0  -56   -2  -56   -2   4  0  0 L3B D9
C07 FF 60302 141400  780 850 1803    +5260363   +596        1085    -10    5  14   81   +0  -64   +9  -64    9   3  0  0 L3B DF
C08 FF 60302 141400  780 449 2020    -1597018   +263         940    +13    7  14  115   -6  -20   -3  -20   -3   4  0  0 L3B D7
C10 FF 60302 141400  780 784 2862     +658966   +145        1075     -1    3  14   83   +0  -66   +0  -66    0   2  0  0 L3B BA
C14 FF 60302 141400  780 325  718    +1811940   -799         907     +4   12  14  150   +0  -41   +3  -41    3   8  0  0 L3B C1
C03 FF 60302 143000  780 430 1886    +1441616   -199         948     +6    6  14  118   +0  -45   -2  -45   -2   5  0  0 L3B DA
C07 FF 60302 143000  780 821 1811    +5260950   +600        1090     -6    5  14   82   +1  -67   +4  -67    4   3  0  0 L3B BD
C08 FF 60302 143000  780 478 2070    -1596759   +276         960    +26   10  14  109   -5  -30  -12  -30  -12   7  0  0 L3B 22
C10 FF 60302 143000  780 790 2744     +659108   +156        1078    +10    3  14   82   +0  -66   -4  -66   -4   2  0  0 L3B D2
C14 FF 60302 143000  780 319  642    +1811192   -790         930    +13   16  14  153   +5  -52   -6  -52   -6  10  0  0 L3B EE
C07 FF 60302 144600  780 791 1827    +5261531   +615        1089     +9    3  14   82   +1  -64   -3  -64   -3   3  0  0 L3B E1
C08 FF 60302 144600  780 506 2125    -1596512   +273         967    +23    8  14  105   -4  -30   -6  -30   -6   5  0  0 L3B EC
C10 FF 60302 144600  780 788 2610     +659250   +146        1079     +1    2  14   82   +0  -64   +4  -64    4   2  0  0 L3B B2
C14 FF 60302 144600  780 301  571    +1810415   -793         924    +10   17  14  160  +11  -50  -13  -50  -13   9  0  0 L3B 09
C07 FF 60302 150200  780 760 1844    +5262100   +625        1067    +18    3  15   83   +1  -59  -15  -59  -15   2  0  0 L3B 0A
C08 FF 60302 150200  780 531 2187    -1596260   +241         997     -7    8  15  101   -3  -30  +14  -30   14   7  0  0 L3B EA
C10 FF 60302 150200  780 778 2484     +659382   +154        1063     +7    3  15   83   +0  -58   -6  -58   -6   2  0  0 L3B D3
C14 FF 60302 150200  780 273  509    +1809621   -899         877    -99   25  15  175  +20  -47  +50  -47   50  14  0  0 L3B 44
C07 FF 60302 151800  780 727 1862    +5262677   +595        1061    -12    4  15   85   +2  -58   +6  -58    6   3  0  0 L3B F7
C10 FF 60302 151800  780 761 2382     +659525   +134        1065    -13    5  15   83   +1  -61   +0  -61    0   3  0  0 L3B BA
C14 FF 60302 151800  780 236  457    +1808846   -904         870   -105   16  15  200  +33  -56  +55  -56   55  10  0  0 L3B 43
C07 FF 60302 153400  780 694 1880    +5263254   +576        1054    -32    3  15   86   +2  -57  +16  -57   16   2  0  0 L3B 12
C08 FF 60302 153400  780 572 2325    -1595761   +258        1021    +10    3  15   96   -2  -31   +0  -31    0   3  0  0 L3B C9
C10 FF 60302 153400  780 738 2306     +659662   +143        1061     -4    4  15   84   +1  -60   +2  -60    2   3  0  0 L3B A8
C13 FF 60302 153400  780 474 2316    -3994872     +6         957    +52    7  15  110   -3  -28  -27  -28  -27   5  0  0 L3B 03
C14 FF 60302 153400  780 193  417    +1808043   -901         834   -101   19  15  242  +56  -48  +44  -48   44  12  0  0 L3B 3B
C03 FF 60302 155000  780 436 1887    +1440645   -193         955    +12   11  15  117   +0  -49  -16  -49  -16  10  0  0 L3B 34
C07 FF 60302 155000  780 659 1896    +5263826   +599        1044     -8    3  15   88   +2  -52   +3  -52    3   2  0  0 L3B E4
C08 FF 60302 155000  780 588 2402    -1595516   +251        1028     +3    7  15   95   -1  -33   +0  -33    0   5  0  0 L3B C2
C10 FF 60302 155000  780 710 2253     +659799   +148        1057     +1    5  15   85   +2  -59   -2  -59   -2   3  0  0 L3B CF
C13 FF 60302 155000  780 491 2375    -3994909     +3         965    +49    9  15  107   -3  -28  -25  -28  -25   7  0  0 L3B 0E
C14 FF 60302 155000  780 145  386    +1807246   -648         804   +152   39  15  317 +106  -45 -104  -45 -104  24  0  0 L3B 7F
C03 FF 60302 160600  780 437 1887    +1440452   -172         963    +33    7  16  117   +0  -54  -21  -54  -21   6  0  0 L3B 0D
C07 FF 60302 160600  780 624 1912    +5264392   +595        1033    -11    4  16   91   +3  -43   +3  -43    3   3  0  0 L3B D4
C08 FF 60302 160600  780 600 2482    -1595278   +254        1024     +6    7  16   93   -1  -30   -6  -30   -6   5  0  0 L3B D8
C10 FF 60302 160600  780 680 2216     +659927   +148        1048     +1    3  16   87   +2  -55   -7  -55   -7   2  0  0 L3B D1
C13 FF 60302 160600  780 504 2437    -3994942    -52         970     -7   10  16  105   -2  -33  +10  -33   10   8  0  0 L3B E9
C03 FF 60302 162200  780 438 1887    +1440266   -222         975    -17    7  16  117   +0  -63  +16  -63   16   6  0  0 L3B 0B
C07 FF 60302 162200  780 588 1927    +5264960   +602        1019     -5    7  16   94   +4  -42   -3  -42   -3   5  0  0 L3B E4
C08 FF 60302 162200  780 609 2564    -1595024   +248        1040     -1    7  16   93   -1  -41   +2  -41    2   4  0  0 L3B BF
C10 FF 60302 162200  780 647 2191     +660062   +121        1043    -25    3  16   89   +3  -57  +12  -57   12   2  0  0 L3B DC
C13 FF 60302 162200  780 516 2500    -3994986    -30         970    +16    4  16  103   -2  -30   -8  -30   -8   4  0  0 L3B D7
C01 FF 60302 163800  780 364 1395    -8809269     +0         927     +5    7  16  136   +0  -50   -2  -50   -2   6  0  0 L3B BB
C03 FF 60302 163800  780 439 1887    +1440067   -178         972    +27    7  16  116   +0  -57  -21  -57  -21   6  0  0 L3B 24
C07 FF 60302 163800  780 552 1941    +5265527   +596        1004    -11    5  16   98   +5  -39   +2  -39    2   3  0  0 L3B ED
C08 FF 60302 163800  780 614 2646    -1594786   +254        1040     +5    3  16   92   +0  -41   +1  -41    1   2  0  0 L3B C4
C10 FF 60302 163800  780 613 2174     +660191   +142        1031     -4    4  16   92   +3  -54   +0  -54    0   3  0  0 L3B 9D
C13 FF 60302 163800  780 525 2564    -3995013    -38         986     +7    7  16  102   -1  -42   -4  -42   -4   5  0  0 L3B D5
C01 FF 60302 165400  780 365 1394    -8809287    -18         913    -13    9  16  136   +0  -39   +8  -39    8   8  0  0 L3B EF
C02 FF 60302 165400  780 327 2240    -2803805   -297         930    +39   12  16  149   -1  -69  -38  -69  -38   9  0  0 L3B 40
C03 FF 60302 165400  780 440 1887    +1439868   -222         969    -18   10  16  116   +0  -57  +10  -57   10   9  0  0 L3B 23
C07 FF 60302 165400  780 515 1954    +5266100   +584         994    -22    7  16  103   +5  -41   +7  -41    7   5  0  0 L3B E5
C08 FF 60302 165400  780 618 2726    -1594544   +253        1043     +4    5  16   92   +0  -44   -8  -44   -8   3  0  0 L3B E4
C10 FF 60302 165400  780 577 2163     +660320   +126        1020    -20    6  16   96   +4  -52   +8  -52    8   4  0  0 L3B BE
C13 FF 60302 165400  780 533 2628    -3995066    -50         977     -5    7  16  101   -1  -36   +0  -36    0   5  0  0 L3B C3
C01 FF 60302 171000  780 365 1394    -8809294    -27         910    -23    7  17  135   +0  -39  +21  -39   21   5  0  0 L3B F5
C03 FF 60302 171000  780 441 1887    +1439669   -238         971    -33    4  17  116   +0  -57  +27  -57   27   4  0  0 L3B 18
C07 FF 60302 171000  780 479 1966    +5266676   +603         988     -4    6  17  109   +7  -45   -8  -45   -8   4  0  0 L3B 07
C08 FF 60302 171000  780 619 2805    -1594311   +256        1027     +7    6  17   92   +0  -42   -9  -42   -9   4  0  0 L3B DD
C10 FF 60302 171000  780 541 2155     +660450   +132        1016    -14    5  17  100   +5  -54   +2  -54    2   3  0  0 L3B B2
C13 FF 60302 171000  780 539 2691    -3995102    -57         983    -11    6  17  100   -1  -41   +4  -41    4   4  0  0 L3B C8
C03 FF 60302 172600  780 442 1887    +1439470   -166         969    +39    6  17  116   +0  -53  -28  -53  -28   5  0  0 L3B 2D
C07 FF 60302 172600  780 442 1976    +5267244   +580         973    -27   11  17  116   +8  -44   +7  -44    7   8  0  0 L3B 0C
C08 FF 60302 172600  780 619 2880    -1594072   +256        1027     +6    4  17   92   +0  -46   -7  -46   -7   3  0  0 L3B EB
C10 FF 60302 172600  780 504 2150     +660579   +148        1005     +2    6  17  105   +6  -54   -9  -54   -9   4  0  0 L3B D4
C13 FF 60302 172600  780 543 2753    -3995148    -49         980     -4    6  17   99   -1  -42   -7  -42   -7   4  0  0 L3B DB
C01 FF 60302 174200  780 366 1393    -8809307    +22         907    +27    6  17  135   +0  -28  -17  -28  -17   5  0  0 L3B 0A
C03 FF 60302 174200  780 443 1888    +1439280   -211         976     -5    9  17  116   +0  -53   +9  -53    9   7  0  0 L3B E0
C07 FF 60302 174200  780 405 1986    +5267803   +564         950    -43   14  17  124  +10  -37  +21  -37   21   9  0  0 L3B 2E
C08 FF 60302 174200  780 617 2952    -1593826   +225        1033    -24    3  17   92   +0  -49  +12  -49   12   2  0  0 L3B 05
C10 FF 60302 174200  780 467 2146     +660707   +123         994    -23    9  17  111   +7  -53   +7  -53    7   5  0  0 L3B D3
C13 FF 60302 174200  780 547 2813    -3995191    -33         980    +13    5  17   99   +0  -43   -7  -43   -7   4  0  0 L3B DD
C01 FF 60302 175800  780 366 1393    -8809294    +11         924    +16   10  17  135   +0  -37   -6  -37   -6   9  0  0 L3B FC
C03 FF 60302 175800  780 444 1888    +1439079   -210         971     -4    2  17  115   +0  -52   -5  -52   -5   2  0  0 L3B DF
C07 FF 60302 175800  780 369 1994    +5268367   +573         932    -33   15  17  134  +12  -35   +8  -35    8  11  0  0 L3B 35
C08 FF 60302 175800  780 616 3020    -1593586   +274        1033    +24    7  17   92   +0  -53  -15  -53  -15   5  0  0 L3B 15
C10 FF 60302 175800  780 429 2144     +660825   +118         972    -28   14  17  118   +9  -45   +7  -45    7  11  0  0 L3B 00
C13 FF 60302 175800  780 550 2871    -3995230    -46         985     +0    5  17   99   +0  -46   -1  -46   -1   3  0  0 L3B CA
C01 FF 60302 181400  780 366 1393    -8809295    +15         927    +20    7  18  135   +0  -43  -11  -43  -11   5  0  0 L3B FD
C02 FF 60302 181400  780 334 2245    -2805430   -308         925    +28   15  18  146   -1  -57  -16  -57  -16  11  0  0 L3B 35
C03 FF 60302 181400  780 445 1888    +1438879   -218         966    -13    2  18  115   +0  -52  +12  -52   12   1  0  0 L3B 09
C07 FF 60302 181400  780 333 2001    +5268926   +584         897    -24   22  18  147  +14  -31   +0  -31    0  16  0  0 L3B 10
C08 FF 60302 181400  780 615 3084    -1593346   +262        1037    +13    9  18   92   +0  -54  -11  -54  -11   6  0  0 L3B 0E
C10 FF 60302 181400  780 392 2143     +660951   +164         957    +18    5  18  128  +11  -44  -26  -44  -26   3  0  0 L3B 13
C13 FF 60302 181400  780 554 2926    -3995269    -33        1003    +14    7  18   98   +0  -52  -11  -52  -11   4  0  0 L3B 02
C01 FF 60302 183000  780 367 1393    -8809290     +3         937     +8    3  18  135   +0  -47   -3  -47   -3   2  0  0 L3B BE
C02 FF 60302 183000  780 335 2246    -2805745   -359         933    -23   11  18  146   -1  -57  +20  -57   20   8  0  0 L3B 19
C03 FF 60302 183000  780 445 1888    +1438693   -187         977    +18    2  18  115   +0  -58  -11  -58  -11   2  0  0 L3B 25
C07 FF 60302 183000  780 297 2006    +5269492   +592         879    -15   24  18  162  +18  -33  -16  -33  -16  17  0  0 L3B 5F
C08 FF 60302 183000  780 615 3145    -1593108   +248        1036     -1    7  18   92   +0  -53   -1  -53   -1   5  0  0 L3B D1
C10 FF 60302 183000  780 354 2141     +661072   +118         938    -28   12  18  139  +13  -43  +13  -43   13   8  0  0 L3B 07
C13 FF 60302 183000  780 558 2980    -3995316    -52        1000     -5    7  18   98   +0  -50   +1  -50    1   5  0  0 L3B B9
C01 FF 60302 184600  780 367 1393    -8809288     +1         942     +6    3  18  135   +0  -47   +0  -47    0   3  0  0 L3B B0
C02 FF 60302 184600  780 337 2247    -2806079   -310         922    +26    8  18  145   -1  -45  -14  -45  -14   7  0  0 L3B 19
C03 FF 60302 184600  780 446 1888    +1438502   -198         983     +7    2  18  115   +0  -59   -4  -59   -4   1  0  0 L3B F4
C04 FF 60302 184600  780 268 1230    -4510399  -1509         747    +20   13  18  178   +0   -4  -18   -4  -18   9  0  0 L3B 1D
C07 FF 60302 184600  780 262 2011    +5270050   +507         854   -101   28  18  182  +23  -31  +58  -31   58  18  0  0 L3B 45
C08 FF 60302 184600  780 615 3204    -1592866   +230        1039    -19    5  18   92   +0  -54  +16  -54   16   3  0  0 L3B 0C
C10 FF 60302 184600  780 318 2140     +661189   +137         915     -9   18  18  153  +16  -37   -5  -37   -5  13  0  0 L3B 09
C13 FF 60302 184600  780 562 3030    -3995347    -36        1014    +11    8  18   97   -1  -58   -1  -58   -1   5  0  0 L3B E6
C01 FF 60302 190200  780 367 1393    -8809304     +1         929     +5    3  19  135   +0  -46   +1  -46    1   2  0  0 L3B A2
C02 FF 60302 190200  780 338 2248    -2806381   -316         941    +21    9  19  145   +0  -56  -20  -56  -20   6  0  0 L3B 0E
C03 FF 60302 190200  780 446 1888    +1438302   -218         981    -12    3  19  115   +0  -54  +10  -54   10   2  0  0 L3B F4
C04 FF 60302 190200  780 268 1231    -4511859  -1519         786    +14   12  19  179   +0   -6   +3   -6    3   9  0  0 L3B EA
C08 FF 60302 190200  780 617 3259    -1592626   +272        1048    +24    8  19   92   +0  -54  -16  -54  -16   6  0  0 L3B 21
C10 FF 60302 190200  780 281 2138     +661321   +124         898    -23   20  19  171  +21  -42   +4  -42    4  15  0  0 L3B ED
C13 FF 60302 190200  780 567 3079    -3995400    -44        1002     +2    8  19   97   -1  -50   -4  -50   -4   5  0  0 L3B CA
C01 FF 60302 191800  780 366 1393    -8809306     -6         931     -1    5  19  135   +0  -43   +7  -43    7   4  0  0 L3B B2
C02 FF 60302 191800  780 339 2249    -2806707   -311         938    +25   11  19  144   +0  -52  -12  -52  -12   9  0  0 L3B 23
C03 FF 60302 191800  780 447 1888    +1438097   -213         973     -8    2  19  115   +0  -47   +8  -47    8   2  0  0 L3B E9
C04 FF 60302 191800  780 267 1231    -4513310  -1477         806    +55   10  19  179   +0   -7  -35   -7  -35   8  0  0 L3B 19
C08 FF 60302 191800  780 621 3313    -1592384   +237        1051    -11    7  19   91   +0  -56  +10  -56   10   4  0  0 L3B F9
C10 FF 60302 191800  780 246 2136     +661447    +93         883    -54   15  19  193  +27  -48  +32  -48   32  11  0  0 L3B 27
C13 FF 60302 191800  780 574 3125    -3995442    -54        1004     -8    5  19   96   -1  -50  +11  -50   11   4  0  0 L3B E0
C01 FF 60302 193400  780 366 1393    -8809310     -3         932     +1    4  19  135   +0  -39   +4  -39    4   3  0  0 L3B A9
C02 FF 60302 193400  780 340 2250    -2807010   -320         958    +16   11  19  144   +0  -66  -13  -66  -13   9  0  0 L3B 13
C03 FF 60302 193400  780 447 1888    +1437915   -175         987    +30    5  19  115   +0  -60  -26  -60  -26   3  0  0 L3B 23
C08 FF 60302 193400  780 627 3364    -1592150   +253        1048     +5   13  19   91   -1  -52   +0  -52    0   7  0  0 L3B D8
C13 FF 60302 193400  780 582 3168    -3995471    -52        1020     -6    6  19   95   -1  -55   +5  -55    5   4  0  0 L3B D0
C01 FF 60302 195000  780 366 1393    -8809315     -8         931     -3    3  19  135   +0  -35   +6  -35    6   2  0  0 L3B AE
C02 FF 60302 195000  780 341 2251    -2807341   -308         949    +28   12  19  144   +0  -60  -18  -60  -18  10  0  0 L3B 2A
C03 FF 60302 195000  780 448 1888    +1437716   -228         986    -23    2  19  115   +0  -56  +23  -56   23   2  0  0 L3B 14
C04 FF 60302 195000  780 266 1232    -4516229  -1538         830     -6   16  19  179   +0  -22   +3  -22    3  13  0  0 L3B FD
C08 FF 60302 195000  780 635 3415    -1591910   +232        1049    -16    7  19   90   -1  -54  +12  -54   12   4  0  0 L3B 00
C13 FF 60302 195000  780 592 3210    -3995511    -41        1024     +5    6  19   94   -1  -56   +2  -56    2   4  0  0 L3B B8
C01 FF 60302 200600  780 366 1393    -8809339     -3         916     +2    7  20  135   +0  -26   +3  -26    3   5  0  0 L3B A1
C02 FF 60302 200600  780 342 2252    -2807651   -370         946    -36   10  20  143   +0  -64  +23  -64   23   7  0  0 L3B 02
C03 FF 60302 200600  780 448 1889    +1437514   -205         979     +0    2  20  115   +0  -47   +2  -47    2   2  0  0 L3B C2
C08 FF 60302 200600  780 645 3465    -1591664   +250        1049     +1    2  20   90   -1  -57   +4  -57    4   1  0  0 L3B C5
C13 FF 60302 200600  780 604 3249    -3995558    -34        1028    +13    8  20   93   -1  -53   -1  -53   -1   5  0  0 L3B D8
C01 FF 60302 202200  780 365 1393    -8809324    +15         936    +20    9  20  135   +0  -37   -7  -37   -7   8  0  0 L3B DB
C02 FF 60302 202200  780 343 2253    -2807994   -310         924    +24   10  20  143   +0  -49  -12  -49  -12   8  0  0 L3B 0F
C03 FF 60302 202200  780 448 1889    +1437320   -202         982     +3    2  20  115   +0  -50   -2  -50   -2   1  0  0 L3B B7
C08 FF 60302 202200  780 657 3514    -1591419   +281        1055    +32    4  20   89   -1  -58  -21  -58  -21   3  0  0 L3B 0F
C13 FF 60302 202200  780 617 3285    -3995595    -33        1037    +14   11  20   92   -1  -52   -3  -52   -3   6  0  0 L3B E7
C01 FF 60302 203800  780 365 1394    -8809303    +18         961    +23    5  20  136   +0  -50  -12  -50  -12   5  0  0 L3B EC
C02 FF 60302 203800  780 344 2253    -2808304   -344         935    -10   13  20  143   +0  -53   +4  -53    4  10  0  0 L3B E4
C03 FF 60302 203800  780 448 1889    +1437124   -202         983     +3    2  20  115   +0  -50   -2  -50   -2   2  0  0 L3B C2
C08 FF 60302 203800  780 671 3565    -1591183   +252        1051     +2    6  20   88   -1  -54   +1  -54    1   3  0  0 L3B C3
C13 FF 60302 203800  780 633 3319    -3995638    -19        1038    +28    5  20   90   -1  -50  -16  -50  -16   3  0  0 L3B 04
C01 FF 60302 205400  780 364 1394    -8809298     +2         971     +7    7  20  136   +0  -49   -3  -49   -3   6  0  0 L3B C5
C03 FF 60302 205400  780 448 1889    +1436928   -201         984     +4    2  20  115   +0  -50   -4  -50   -4   1  0  0 L3B CF
C08 FF 60302 205400  780 688   17    -1590930   +237        1066    -12    2  20   87   -1  -61  +11  -61   11   2  0  0 L3B D1
C13 FF 60302 205400  780 651 3350    -3995673    -12        1049    +36    6  20   89   -1  -55  -21  -55  -21   5  0  0 L3B 03
C03 FF 60302 211000  780 448 1889    +1436734   -213         986     -8    8  21  115   +0  -52   +7  -52    7   7  0  0 L3B D6
C08 FF 60302 211000  780 706   71    -1590687   +248        1078     +0    6  21   86   -1  -57   +7  -57    7   4  0  0 L3B B4
C13 FF 60302 211000  780 671 3378    -3995710    -29        1042    +17    5  21   88   -1  -57   -5  -57   -5   3  0  0 L3B E5
C03 FF 60302 212600  780 448 1889    +1436525   -208         974     -3    6  21  115   +0  -42   +2  -42    2   4  0  0 L3B C6
C08 FF 60302 212600  780 727  132    -1590444   +251        1082     +3    4  21   85   -1  -54   +4  -54    4   3  0  0 L3B AB
C13 FF 60302 212600  780 692 3402    -3995742    -47        1054     -2    5  21   86   -1  -59   +5  -59    5   3  0  0 L3B CA
C16 FF 60302 212600  780 401 1854    +2439947   +231         899    +28   11  21  125   -9  -11   -6  -11   -6   7  0  0 L3B 02
C03 FF 60302 214200  780 447 1889    +1436326   -198         972     +7    5  21  115   +0  -43  -11  -43  -11   5  0  0 L3B FB
C08 FF 60302 214200  780 749  201    -1590202   +243        1086     -5    3  21   84   -1  -53   +8  -53    8   2  0  0 L3B AE
C13 FF 60302 214200  780 716 3421    -3995789    -35        1050    +10    3  21   85   -1  -54   -4  -54   -4   2  0  0 L3B D6
C16 FF 60302 214200  780 435 1885    +2440172   +220         930    +18    8  21  117   -8  -20   +2  -20    2   5  0  0 L3B C5
C08 FF 60302 215800  780 772  287    -1589961   +247        1089     -1    3  21   83   -1  -50   +7  -50    7   2  0  0 L3B CD
C13 FF 60302 215800  780 742 3434    -3995832    -32        1050    +13    3  21   84   -1  -52   -9  -52   -9   2  0  0 L3B DA
C16 FF 60302 215800  780 469 1919    +2440383   +224         947    +22    8  21  111   -6  -19   -2  -19   -2   7  0  0 L3B F5
C08 FF 60302 221400  780 795  401    -1589716   +244        1093     -5    5  22   82   -1  -49   +3  -49    3   3  0  0 L3B C4
C13 FF 60302 221400  780 770 3436    -3995869    -41        1058     +4    5  22   83   -1  -53   +0  -53    0   3  0  0 L3B BC
C08 FF 60302 223000  780 816  570    -1589472   +255        1099     +6    3  22   82   +0  -51   -3  -51   -3   2  0  0 L3B C4
C13 FF 60302 223000  780 799 3418    -3995913    -54        1058     -8    8  22   82   -1  -49   +9  -49    9   5  0  0 L3B E5
C16 FF 60302 223000  780 533 2002    +2440818   +199        1024     +0    9  22  101   -4  -30  +14  -30   14   7  0  0 L3B D9
C08 FF 60302 224600  780 830  821    -1589226   +260        1106    +11    3  22   81   +0  -50   -1  -50   -1   2  0  0 L3B B9
C13 FF 60302 224600  780 828 3357    -3995951    -53        1064     -7    6  22   82   -1  -51   +8  -51    8   4  0  0 L3B D1
C16 FF 60302 224600  780 562 2052    +2441022   +216        1037    +17    8  22   97   -3  -27   +3  -27    3   6  0  0 L3B D0
C08 FF 60302 230200  780 828 1130    -1588987   +269        1088    +18    3  23   82   +0  -41   +1  -41    1   2  0  0 L3B DC
C13 FF 60302 230200  780 855 3169    -3995988    -25        1081    +22    4  23   81   +0  -47   -2  -47   -2   3  0  0 L3B E5
C16 FF 60302 230200  780 590 2108    +2441237   +184        1022    -20    6  23   94   -3  -31  +21  -31   21   4  0  0 L3B DE
C08 FF 60302 231800  780 811 1386    -1588743   +253        1092     +2    3  23   82   +1  -31  +12  -31   12   2  0  0 L3B DE
C13 FF 60302 231800  780 865 2678    -3996034    -37        1080     +9    5  23   81   +0  -34   +9  -34    9   3  0  0 L3B CF
C16 FF 60302 231800  780 615 2170    +2441433   +201        1022     -3    4  23   92   -2  -19  +15  -19   15   2  0  0 L3B D2
C06 FF 60302 233400  780 611 2229    -2255496   -197        1055     +3    4  23   92   -2  -24  +11  -24   11   2  0  0 L3B E2
C08 FF 60302 233400  780 784 1555    -1588508   +251        1086     +0    6  23   83   +1  -16  +11  -16   11   4  0  0 L3B EB
C12 FF 60302 233400  780 102 3162    -8159076    +92         704    -15   27  23  442  -35  -52  +24  -52   24  18  0  0 L3B 22
C13 FF 60302 233400  780 844 2292    -3996076    -65        1082    -18    6  23   81   +0  -22  +23  -22   23   3  0  0 L3B F0
C16 FF 60302 233400  780 638 2240    +2441641   +225        1034    +22    2  23   90   -2  -13   +0  -13    0   2  0  0 L3B B0
