CGGTTS     GENERIC DATA FORMAT VERSION = 2E
REV DATE = 2023-12-15                    
RCVR = TRIMBLE NETR9 5049K72188      R2CGGTTS v8.6    
CH = 12 
IMS = TRIMBLE NETR9 5049K72188      
LAB = CEPNT                         
X = -2154293.56 m 
Y = +4373452.74 m 
Z = +4098891.74 m 
FRAME = ITRF
COMMENTS = NO TGD applied: USE ONLY in COMMON VIEW
TOT DLY =    0.0 ns (BDS B1C),    0.0 ns (BDS B2a)
REF = ITRF10                        
CKSUM = B1

SAT CL  MJD  STTIME TRKL ELV AZTH   REFSV      SRSV     REFSYS    SRSYS  DSG IOE MDTR SMDT MDIO SMDI MSIO SMSI ISG FR HC FRC CK
             hhmmss  s  .1dg .1dg    .1ns     .1ps/s     .1ns    .1ps/s .1ns     .1ns.1ps/s.1ns.1ps/s.1ns.1ps/s.1ns
C21 FF 60302 001000  780 489 3121    +9663980    +13         911    +28    4   0  107  -10  176  +19  176   19   3  0  0 L3B F5
C22 FF 60302 001000  780 673  773    +1750544   -164        1063    -17    3   0   88   +2   98  +25   98   25   2  0  0 L3B C9
C34 FF 60302 001000  780 103 2764    -3314613   -117         383    -36   28   0  440 +125  297  +53  297   53  24  0  0 L3B 3F
C36 FF 60302 001000  780 503  714     +809363   -184         173    -34    4   0  105   +4  568  +35  568   35   4  0  0 L3B D7
C39 FF 60302 001000  780 757 2569      +63405    -10        1017    -10    4   0   83   +0  128  +22  128   22   3  0  0 L3B A8
C45 FF 60302 001000  780 492 1673     +575202    +80        1284    +48    5   0  107  -12  -49   -5  -49   -5   4  0  0 L3B D6
C46 FF 60302 001000  780 106  387    +1099591    -44        1007    -73   26   0  429 +200   34  +86   34   86  18  0  0 L3B 11
C21 FF 60302 002600  780 548 3163    +9664001    +24         947    +39    3   0   99   -8  181   +2  181    2   2  0  0 L3B B3
C22 FF 60302 002600  780 633  914    +1750395   -149        1055     -2    3   0   90   +4  109   +8  109    8   2  0  0 L3B AA
C26 FF 60302 002600  780 110 2025    +2245727   +131         422    +77   25   0  419 -229  513  -52  513  -52  20  0  0 L3B 39
C36 FF 60302 002600  780 471  629     +809198   -179         152    -29    4   0  110   +7  581  +19  581   19   3  0  0 L3B EA
C39 FF 60302 002600  780 763 2701      +63408     +9        1020     +9    2   0   83   +0  138   -1  138   -1   2  0  0 L3B 71
C45 FF 60302 002600  780 563 1639     +575261    +47        1312    +15    3   0   97   -8  -44  +14  -44   14   3  0  0 L3B C9
C21 FF 60302 004200  780 609 3203    +9664011    +15         971    +30    4   0   93   -6  190   +3  190    3   3  0  0 L3B 9B
C22 FF 60302 004200  780 585 1026    +1750230   -182        1031    -35    5   0   95   +5  135  +31  135   31   3  0  0 L3B D9
C26 FF 60302 004200  780 172 2037    +2245824    +78         467    +25   12   0  273  -99  486  -22  486  -22   8  0  0 L3B 2D
C36 FF 60302 004200  780 428  563     +809021   -171         119    -21    6   0  119  +11  601  +13  601   13   5  0  0 L3B C9
C39 FF 60302 004200  780 764 2831      +63410     +5        1023     +5    3   0   83   +0  145   +5  145    5   3  0  0 L3B 5F
C45 FF 60302 004200  780 632 1583     +575318    +48        1339    +16    4   0   91   -6  -45   +6  -45    6   3  0  0 L3B AD
C21 FF 60302 005800  780 672 3242    +9664015    +10         989    +25    2   0   88   -4  201   +7  201    7   1  0  0 L3B A9
C22 FF 60302 005800  780 533 1117    +1750065   -163        1008    -16    6   0  101   +7  156  +17  156   17   4  0  0 L3B F8
C26 FF 60302 005800  780 235 2053    +2245950   +123         541    +69   10   0  203  -54  423  -60  423  -60   7  0  0 L3B 19
C36 FF 60302 005800  780 378  517     +808835   -171          78    -20    6   0  132  +16  637  +13  637   13   5  0  0 L3B E4
C39 FF 60302 005800  780 762 2954      +63409     +4        1021     +4    2   0   83   +0  156   +9  156    9   2  0  0 L3B 78
C42 FF 60302 005800  780 171 3072    +4761913    +82        -227   +147   22   0  274  -85  822  -49  822  -49  15  0  0 L3B 5D
C45 FF 60302 005800  780 695 1483     +575367    +62        1358    +30    2   0   86   -3  -43  -10  -43  -10   2  0  0 L3B D8
C21 FF 60302 011400  780 738 3280    +9664016     +2         988    +15    3   1   84   -3  211   +9  211    9   3  0  0 L3B 9C
C22 FF 60302 011400  780 478 1192    +1749902   -154         979     -8    4   1  109  +10  181  +17  181   17   3  0  0 L3B 01
C26 FF 60302 011400  780 300 2074    +2246044   +107         588    +54    8   1  162  -33  403  -30  403  -30   5  0  0 L3B FD
C36 FF 60302 011400  780 324  487     +808655   -207          44    -56    7   1  150  +23  671  +58  671   58   6  0  0 L3B EB
C39 FF 60302 011400  780 757 3065      +63405    +18         993    +15    3   1   83   +0  168   -8  168   -8   2  0  0 L3B A8
C42 FF 60302 011400  780 225 3096    +4761920     -3        -206    +55   19   1  211  -51  819   +3  819    3  12  0  0 L3B ED
C45 FF 60302 011400  780 743 1301     +575403    +35        1361     +4    3   1   84   -2  -35  +10  -35   10   3  0  0 L3B 95
C21 FF 60302 013000  780 807 3320    +9664013     +1         997    +14    2   1   82   -2  224   +7  224    7   2  0  0 L3B 8C
C22 FF 60302 013000  780 420 1255    +1749728   -198         946    -52    6   1  121  +14  221  +60  221   60   5  0  0 L3B FD
C26 FF 60302 013000  780 366 2101    +2246139   +106         632    +52    7   1  136  -22  392  -17  392  -17   5  0  0 L3B 0C
C36 FF 60302 013000  780 268  470     +808465   -209          -1    -58    9   1  178  +35  723  +62  723   62   7  0  0 L3B E3
C39 FF 60302 013000  780 751 3166      +63401    -11         987    -14    4   1   84   +0  184  +17  184   17   3  0  0 L3B AD
C42 FF 60302 013000  780 281 3114    +4761903    -21        -168    +36   11   1  171  -33  824   +1  824    1   8  0  0 L3B E1
C45 FF 60302 013000  780 760 1023     +575435    +14        1361    -18    3   1   83   +0  -25  +24  -25   24   3  0  0 L3B AF
C21 FF 60302 014600  780 878 3403    +9664005    -20        1001     -7    3   1   81   +0  236  +21  236   21   2  0  0 L3B B8
C22 FF 60302 014600  780 361 1309    +1749557   -175         915    -28    9   1  137  +20  268  +63  268   63   6  0  0 L3B 26
C26 FF 60302 014600  780 433 2133    +2246232    +87         674    +34    6   1  118  -15  385   -6  385   -6   5  0  0 L3B EC
C36 FF 60302 014600  780 212  464     +808275   -210         -46    -59   13   1  222  +57  782  +66  782   66   8  0  0 L3B 0B
C39 FF 60302 014600  780 744 3255      +63400     -7         983     -9    2   1   84   +0  192  +13  192   13   2  0  0 L3B 8C
C42 FF 60302 014600  780 340 3125    +4761892    -39        -123    +18    7   1  145  -23  816  +19  816   19   6  0  0 L3B 14
C45 FF 60302 014600  780 737  764     +575455    +22        1351    -10    4   1   84   +2  -14   +7  -14    7   3  0  0 L3B 8F
C21 FF 60302 020200  780 849 1533    +9663987    -12        1000     +1    2   2   81   +1  246  +12  246   12   2  0  0 L3B BE
C22 FF 60302 020200  780 301 1355    +1749372   -207         868    -61   15   2  160  +30  338  +84  338   84  12  0  0 L3B 2F
C26 FF 60302 020200  780 500 2173    +2246323    +83         696    +28    5   2  106  -11  374  -13  374  -13   4  0  0 L3B F8
C36 FF 60302 020200  780 156  466     +808085   -110         -72    +44   26   2  296 +102  831  -16  831  -16  15  0  0 L3B 22
C39 FF 60302 020200  780 738 3337      +63399    +22         978    +19    3   2   84   +0  200  -12  200  -12   3  0  0 L3B B4
C42 FF 60302 020200  780 400 3127    +4761880    -23         -70    +36    5   2  126  -17  809   -1  809   -1   4  0  0 L3B D3
C45 FF 60302 020200  780 688  611     +575464     -2        1333    -34    4   2   87   +3    0  +23    0   23   3  0  0 L3B 57
C21 FF 60302 021800  780 775 1577    +9663971    -21         996     -7    1   2   83   +2  257  +14  257   14   1  0  0 L3B DC
C22 FF 60302 021800  780 241 1394    +1749186   -199         822    -53    9   2  196  +47  422 +107  422  107   7  0  0 L3B 44
C26 FF 60302 021800  780 567 2224    +2246408    +82         729    +27    4   2   97   -8  363   -2  363   -2   3  0  0 L3B CD
C36 FF 60302 021800  780 102  475     +807877   -344        -132   -191   15   2  444 +227  869 +124  869  124  12  0  0 L3B 78
C39 FF 60302 021800  780 733 3412      +63397     -5         973     -8    4   2   84   +0  212  +11  212   11   3  0  0 L3B 82
C42 FF 60302 021800  780 461 3116    +4761847    -23         -47    +36    7   2  112  -12  820   +1  820    1   6  0  0 L3B C3
C45 FF 60302 021800  780 629  535     +575471    +25        1310     -6    3   2   91   +5   11   +0   11    0   2  0  0 L3B 4E
C21 FF 60302 023400  780 701 1606    +9663942    -45         981    -31    4   2   86   +4  276  +30  276   30   3  0  0 L3B DB
C22 FF 60302 023400  780 182 1427    +1748989   -221         765    -75   13   2  257  +83  529 +148  529  148  10  0  0 L3B 76
C24 FF 60302 023400  780 136 2283    -7218063   -285         642    +78   22   2  340 -136  562  -66  562  -66  17  0  0 L3B 64
C26 FF 60302 023400  780 633 2289    +2246484    +73         753    +18    3   2   91   -5  357   -8  357   -8   3  0  0 L3B D9
C39 FF 60302 023400  780 729 3482      +63398     +1         971     -2    5   2   85   +0  221  +14  221   14   3  0  0 L3B 87
C42 FF 60302 023400  780 521 3089    +4761833    -22          -5    +37    3   2  102   -9  808   -8  808   -8   2  0  0 L3B C2
C45 FF 60302 023400  780 566  502     +575469    -15        1277    -46    5   2   97   +7   25  +15   25   15   5  0  0 L3B B1
C21 FF 60302 025000  780 626 1629    +9663901    -44         952    -30    3   2   91   +6  298  +23  298   23   2  0  0 L3B E3
C24 FF 60302 025000  780 191 2320    -7218359   -308         696    +56   13   2  246  -70  509  -67  509  -67  10  0  0 L3B 53
C26 FF 60302 025000  780 696 2381    +2246553    +70         769    +15    4   2   86   -4  351   -5  351   -5   4  0  0 L3B CA
C39 FF 60302 025000  780 726 3550      +63396    -12         966    -15    4   2   85   +0  226   +9  226    9   3  0  0 L3B 99
C42 FF 60302 025000  780 579 3036    +4761799    -42          19    +17    4   2   96   -6  804   -5  804   -5   2  0  0 L3B C4
C45 FF 60302 025000  780 503  492     +575470    +12        1248    -19   10   2  105  +10   38   -1   38   -1   6  0  0 L3B A9
C21 FF 60302 030600  780 551 1649    +9663860    -48         949    -32    5   3   98   +9  314  +16  314   16   4  0  0 L3B F1
C24 FF 60302 030600  780 246 2362    -7218659   -353         749    +11    6   3  194  -42  453  -47  453  -47   5  0  0 L3B 35
C26 FF 60302 030600  780 754 2527    +2246615    +70         779    +16    3   3   84   -2  340  -16  340  -16   1  0  0 L3B E3
C39 FF 60302 030600  780 725   17      +63399     +6         978     +4    3   3   85   +0  222  -12  222  -12   4  0  0 L3B 74
C42 FF 60302 030600  780 630 2945    +4761766    -25          48    +35    2   3   91   -4  796   -5  796   -5   2  0  0 L3B CB
C45 FF 60302 030600  780 442  497     +575458    -31        1212    -62    7   3  116  +13   54  +25   54   25   5  0  0 L3B C4
C21 FF 60302 032200  780 477 1667    +9663816    -62         921    -46    4   3  109  +13  333  +38  333   38   3  0  0 L3B 0A
C24 FF 60302 032200  780 300 2409    -7218961   -314         796    +50   10   3  162  -27  400  -56  400  -56   9  0  0 L3B 27
C26 FF 60302 032200  780 799 2792    +2246671    +55         782     +1    3   3   82   -1  335  -13  335  -13   3  0  0 L3B D8
C39 FF 60302 032200  780 726   84      +63399     +3         977     +1    4   3   85   +0  220  -14  220  -14   2  0  0 L3B 6F
C42 FF 60302 032200  780 666 2805    +4761722    -46          61    +13    3   3   88   -2  789   -5  789   -5   1  0  0 L3B C7
C45 FF 60302 032200  780 382  511     +575439     +5        1163    -26    8   3  130  +17   74   +1   74    1   5  0  0 L3B 84
C21 FF 60302 033800  780 404 1681    +9663752    -68         872    -51    6   3  124  +19  371  +43  371   43   4  0  0 L3B 0B
C24 FF 60302 033800  780 353 2461    -7219288   -327         819    +37    7   3  140  -19  365  -37  365  -37   4  0  0 L3B 3C
C26 FF 60302 033800  780 812 3220    +2246720    +58         779     +3    3   3   82   +0  328  -18  328  -18   2  0  0 L3B D4
C39 FF 60302 033800  780 728  152      +63398    +14         974    +13    3   3   85   +0  217  -17  217  -17   2  0  0 L3B B6
C42 FF 60302 033800  780 678 2623    +4761668    -58          65     +1    3   3   87   +0  794   -7  794   -7   3  0  0 L3B C5
C45 FF 60302 033800  780 325  533     +575428    -20        1123    -51    8   3  150  +24   89  +25   89   25   9  0  0 L3B CF
C21 FF 60302 035400  780 333 1692    +9663692    -56         828    -39    6   3  147  +28  419  +55  419   55   5  0  0 L3B 25
C24 FF 60302 035400  780 405 2520    -7219606   -303         851    +61    5   3  124  -14  326  -52  326  -52   4  0  0 L3B 10
C26 FF 60302 035400  780 784 3580    +2246764    +56         770     +1    2   3   83   +1  325   -6  325   -6   2  0  0 L3B B3
C39 FF 60302 035400  780 731  224      +63397     +3         972     +2    3   3   84   +0  219   +1  219    1   3  0  0 L3B 4E
C42 FF 60302 035400  780 662 2439    +4761607    -75          60    -16    3   3   88   +2  796  +18  796   18   3  0  0 L3B E8
C45 FF 60302 035400  780 270  559     +575406    -42        1071    -73    8   3  177  +33  130  +74  130   74   7  0  0 L3B EF
C21 FF 60302 041000  780 264 1700    +9663609    -69         733    -56    8   4  181  +44  515  +97  515   97   6  0  0 L3B 19
C24 FF 60302 041000  780 456 2585    -7219921   -333         884    +31    5   4  113  -10  293  -38  293  -38   4  0  0 L3B 29
C26 FF 60302 041000  780 737  183    +2246806    +40         768    -13    4   4   84   +2  323   +1  323    1   3  0  0 L3B 91
C39 FF 60302 041000  780 735  300      +63401     -4         971     -6    3   4   84   +0  218  +11  218   11   2  0  0 L3B 60
C42 FF 60302 041000  780 622 2295    +4761529    -72          32    -14    3   4   91   +4  808  +12  808   12   2  0  0 L3B BE
C45 FF 60302 041000  780 218  590     +575405    +63        1038    +32   14   4  216  +49  161   -5  161   -5  10  0  0 L3B E5
C21 FF 60302 042600  780 197 1705    +9663546    -63         683    -50   19   4  238  +77  624 +142  624  142  12  0  0 L3B 5A
C24 FF 60302 042600  780 505 2659    -7220248   -334         907    +31    5   4  105   -8  257  -13  257  -13   5  0  0 L3B 0F
C26 FF 60302 042600  780 685  309    +2246843    +41         754    -13    3   4   87   +3  316  -12  316  -12   3  0  0 L3B D1
C29 FF 60302 042600  780 112  569    -2186203    -27         454    +24   34   4  406  -22  508  -56  508  -56  32  0  0 L3B 25
C39 FF 60302 042600  780 741  382      +63410     +0         978     -2    5   4   84   +0  207  -17  207  -17   4  0  0 L3B 86
C42 FF 60302 042600  780 567 2195    +4761459    -69          18    -11    4   4   97   +7  811   -9  811   -9   3  0  0 L3B CF
C45 FF 60302 042600  780 168  624     +575398     -3        1001    -34   12   4  277  +79  180   +1  180    1   9  0  0 L3B CA
C24 FF 60302 044200  780 552 2744    -7220577   -356         928     +8    4   4   98   -6  239   -3  239   -3   5  0  0 L3B E0
C26 FF 60302 044200  780 632  401    +2246868    +12         727    -42    4   4   90   +4  321  +19  321   19   3  0  0 L3B BA
C29 FF 60302 044200  780 114  509    -2186215   -159         492   -108   44   4  400   +8  432  +83  432   83  36  0  0 L3B 29
C39 FF 60302 044200  780 746  472      +63414     +4         980     +2    3   4   84   +0  204   -6  204   -6   3  0  0 L3B 5B
C42 FF 60302 044200  780 504 2127    +4761367   -107         -18    -49    4   4  105  +10  829  +28  829   28   3  0  0 L3B 13
C45 FF 60302 044200  780 120  661     +575384     -2         958    -33   20   4  381 +146  190   +5  190    5  20  0  0 L3B D3
C24 FF 60302 045800  780 596 2841    -7220913   -339         942    +25    3   4   94   -4  227  -13  227  -13   2  0  0 L3B 05
C26 FF 60302 045800  780 580  478    +2246896    +17         702    -37    4   4   95   +6  329  +24  329   24   4  0  0 L3B E4
C29 FF 60302 045800  780 107  451    -2186277   -102         478    -51   30   4  424  +43  456  +49  456   49  27  0  0 L3B 3B
C35 FF 60302 045800  780 220 1017    -4735995    +78         407    -10   11   4  215  -36  514  -36  514  -36   8  0  0 L3B 26
C39 FF 60302 045800  780 751  572      +63417     +8         982     +6    3   4   84   +0  204   +4  204    4   3  0  0 L3B 59
C42 FF 60302 045800  780 438 2079    +4761278    -85         -51    -27    6   4  117  +15  847  +11  847   11   5  0  0 L3B 11
C24 FF 60302 051400  780 637 2956    -7221248   -360         961     +5    4   5   90   -3  215   -2  215   -2   3  0  0 L3B C0
C25 FF 60302 051400  780 128 2657    -2852217    -31         546    +58   17   5  361 -123  603  -77  603  -77  14  0  0 L3B 51
C26 FF 60302 051400  780 529  546    +2246924    +25         684    -28    4   5  101   +7  336  +11  336   11   3  0  0 L3B D5
C35 FF 60302 051400  780 255  954    -4735887    +58         448    -28   16   5  187  -23  464   +5  464    5  15  0  0 L3B 15
C39 FF 60302 051400  780 754  682      +63417     -1         982     -3    4   5   84   +0  212   +1  212    1   3  0  0 L3B 4B
C40 FF 60302 051400  780 416 1792     +491610    +15         711     +0   21   5  122   -9  405  +10  405   10  22  0  0 L3B C1
C42 FF 60302 051400  780 370 2044    +4761183   -110         -53    -48    7   5  134  +21  885  +51  885   51   7  0  0 L3B 0E
C24 FF 60302 053000  780 672 3094    -7221587   -361         972     +4    3   5   88   -2  205   +1  205    1   3  0  0 L3B B1
C25 FF 60302 053000  780 172 2706    -2852292    -70         557    +20   24   5  272  -70  566  -68  566  -68  17  0  0 L3B 49
C26 FF 60302 053000  780 480  609    +2246945    +44         654    -10    5   5  109   +9  350  -10  350  -10   3  0  0 L3B D7
C35 FF 60302 053000  780 283  886    -4735777   +113         476    +27   10   5  170  -14  444   -8  444   -8   8  0  0 L3B 11
C39 FF 60302 053000  780 755  801      +63418     -3         982     -4    4   5   84   +0  211  +10  211   10   3  0  0 L3B 65
C40 FF 60302 053000  780 453 1821     +491638    +66         724    +51    5   5  114   -7  399  -38  399  -38   3  0  0 L3B FE
C42 FF 60302 053000  780 304 2016    +4761069   -149        -108    -87    8   5  159  +32  962 +113  962  113   5  0  0 L3B 49
C44 FF 60302 053000  780 212 1390    -3322244    -71         367    +45   10   5  223  -57  674 -179  674 -179  11  0  0 L3B 5C
C24 FF 60302 054600  780 699 3259    -7221936   -362         974     +3    3   5   86   -1  202   -8  202   -8   2  0  0 L3B D7
C25 FF 60302 054600  780 216 2755    -2852342    -69         593    +20   27   5  219  -44  513  -32  513  -32  19  0  0 L3B 3C
C26 FF 60302 054600  780 431  669    +2246966     +4         624    -49    5   5  118  +11  356  +27  356   27   4  0  0 L3B EF
C35 FF 60302 054600  780 302  813    -4735688   +110         482    +23   16   5  160   -7  435  -21  435  -21  13  0  0 L3B 16
C39 FF 60302 054600  780 752  925      +63414     -3         977     -5    5   5   84   +0  214  +10  214   10   5  0  0 L3B 7A
C40 FF 60302 054600  780 489 1853     +491673    +14         745     +0    5   5  107   -6  388   +9  388    9   4  0  0 L3B C3
C42 FF 60302 054600  780 238 1991    +4760962   -113        -155    -51    8   5  199  +52 1051 +110 1051  110   6  0  0 L3B 5F
C44 FF 60302 054600  780 267 1348    -3322305   -106         418    +10    9   5  180  -36  565   +1  565    1   7  0  0 L3B ED
C24 FF 60302 060200  780 716 3452    -7222279   -358         982     +7    2   6   85   -1  198   +0  198    0   1  0  0 L3B C5
C25 FF 60302 060200  780 261 2805    -2852384    -81         619     +6   18   6  183  -31  460  -14  460  -14  12  0  0 L3B 1C
C26 FF 60302 060200  780 384  727    +2246982     +8         587    -45    9   6  130  +14  370  +25  370   25   6  0  0 L3B E8
C35 FF 60302 060200  780 310  737    -4735599    +83         519     -1   12   6  156   -1  423   -2  423   -2  11  0  0 L3B CE
C39 FF 60302 060200  780 745 1048      +63416    +27         978    +25    3   6   84   +0  217  -27  217  -27   4  0  0 L3B CC
C40 FF 60302 060200  780 524 1890     +491715    +77         774    +62   29   6  102   -5  362  -63  362  -63  28  0  0 L3B 19
C41 FF 60302 060200  780 221 3097    +8750902     -9        -101    -28   21   6  214  -22  949   +3  949    3  18  0  0 L3B FC
C42 FF 60302 060200  780 175 1968    +4760855   -151        -211    -90   15   6  265  +91 1191 +226 1191  226  14  0  0 L3B 90
C44 FF 60302 060200  780 322 1299    -3322381    -67         455    +50    9   6  152  -24  541  -43  541  -43   8  0  0 L3B 0F
C24 FF 60302 061800  780 720   63    -7222632   -365         980     +1    5   6   85   +0  193   -5  193   -5   4  0  0 L3B A3
C25 FF 60302 061800  780 307 2856    -2852439    -66         649    +21   10   6  158  -22  417  -17  417  -17   7  0  0 L3B 36
C26 FF 60302 061800  780 338  783    +2247001    +12         555    -41    7   6  145  +18  394  +36  394   36   6  0  0 L3B F9
C35 FF 60302 061800  780 307  662    -4735505   +124         534    +40   14   6  158   +4  419  -52  419  -52  12  0  0 L3B 1F
C39 FF 60302 061800  780 733 1166      +63414     -5         974     -6    8   6   84   +1  221   +3  221    3   6  0  0 L3B 6D
C40 FF 60302 061800  780 558 1933     +491730     +8         776     -6    5   6   98   -4  358   +2  358    2   4  0  0 L3B 9C
C41 FF 60302 061800  780 239 3034    +8750941    +20         -80     +2   10   6  199  -11  925   -4  925   -4   8  0  0 L3B E5
C42 FF 60302 061800  780 115 1945    +4760698   -289        -310   -227   26   6  395 +195 1493 +518 1493  518  28  0  0 L3B E1
C44 FF 60302 061800  780 374 1241    -3322462    -78         486    +38   10   6  133  -16  505  -25  505  -25   7  0  0 L3B 23
C24 FF 60302 063400  780 710  267    -7222985   -379         977    -14    3   6   86   +1  191   +7  191    7   2  0  0 L3B D1
C25 FF 60302 063400  780 354 2908    -2852495    -67         676    +20    9   6  139  -17  382  -22  382  -22   7  0  0 L3B 2B
C26 FF 60302 063400  780 292  838    +2247019    +94         521    +41   11   6  165  +24  405  -54  405  -54   7  0  0 L3B 0D
C35 FF 60302 063400  780 293  592    -4735427    +75         531     -9   11   6  165  +10  409   -7  409   -7  12  0  0 L3B F5
C39 FF 60302 063400  780 717 1273      +63420    +21         979    +20    5   6   85   +1  215  -13  215  -13   3  0  0 L3B B6
C40 FF 60302 063400  780 591 1982     +491750    +19         782     +4    4   6   94   -3  349  -11  349  -11   2  0  0 L3B CF
C41 FF 60302 063400  780 247 2967    +8750965    +35         -73    +16   11   6  192   -2  915   -6  915   -6   8  0  0 L3B FF
C44 FF 60302 063400  780 421 1172    -3322537    -69         523    +47    6   6  121  -11  478  -55  478  -55   5  0  0 L3B 1B
C24 FF 60302 065000  780 687  448    -7223347   -386         967    -21    3   6   87   +2  192   +4  192    4   3  0  0 L3B D0
C25 FF 60302 065000  780 403 2959    -2852550    -44         705    +43    8   6  125  -13  353  -43  353  -43   6  0  0 L3B 12
C26 FF 60302 065000  780 247  891    +2247033    +29         484    -24   12   6  192  +34  422   +4  422    4   9  0  0 L3B D8
C34 FF 60302 065000  780 226 1705    -3316523    -55         497    +30   12   6  210  -59  618 -140  618 -140  14  0  0 L3B 4E
C35 FF 60302 065000  780 268  529    -4735382    +61         496    -23   11   6  179  +19  424  -22  424  -22  11  0  0 L3B 27
C39 FF 60302 065000  780 696 1367      +63417    -10         975    -11    4   6   86   +1  217   +4  217    4   3  0  0 L3B 97
C40 FF 60302 065000  780 622 2039     +491787    +43         805    +29    3   6   91   -3  331  -20  331  -20   2  0  0 L3B C6
C41 FF 60302 065000  780 245 2897    +8750973    -53         -83    -71   16   6  194   +6  922  +56  922   56  11  0  0 L3B 2C
C44 FF 60302 065000  780 461 1088    -3322629    -95         543    +21    7   6  112   -7  455  -22  455  -22   5  0  0 L3B FE
C24 FF 60302 070600  780 655  599    -7223709   -372         955     -7    2   7   89   +3  186   -7  186   -7   1  0  0 L3B DE
C25 FF 60302 070600  780 453 3011    -2852603    -72         733    +14    7   7  114  -10  328  -15  328  -15   6  0  0 L3B 01
C26 FF 60302 070600  780 202  942    +2247057    +19         458    -35   16   7  232  +50  428   +0  428    0  14  0  0 L3B E4
C34 FF 60302 070600  780 292 1688    -3316545     -2         551    +82    7   7  166  -36  502 -115  502 -115   4  0  0 L3B 24
C35 FF 60302 070600  780 234  476    -4735315    +33         450    -54   13   7  202  +31  417  +15  417   15  13  0  0 L3B 03
C39 FF 60302 070600  780 672 1449      +63414    -16         968    -17    3   7   88   +2  215   +2  215    2   2  0  0 L3B 99
C40 FF 60302 070600  780 650 2105     +491810    +25         810    +10    4   7   89   -2  320  -11  320  -11   3  0  0 L3B AD
C41 FF 60302 070600  780 232 2828    +8750991     -8        -115    -30   17   7  204  +15  930  +39  930   39  13  0  0 L3B 27
C44 FF 60302 070600  780 488  991    -3322722   -104         554    +12    8   7  107   -4  428  -21  428  -21   5  0  0 L3B FF
C24 FF 60302 073400  780 586  806    -7224350   -388         927    -23    4   7   95   +5  182   +4  182    4   3  0  0 L3B CC
C25 FF 60302 073400  780 546 3105    -2852704    -69         779    +18    4   7   99   -7  288  -19  288  -19   3  0  0 L3B 1D
C34 FF 60302 073400  780 412 1654    -3316608    -48         629    +36    6   7  123  -18  394  -50  394  -50   5  0  0 L3B 1E
C35 FF 60302 073400  780 159  407    -4735253    +67         365    -21   27   7  291  +84  458  -26  458  -26  25  0  0 L3B 40
C40 FF 60302 073400  780 693 2247     +491851    +17         826     +2   17   7   86   -1  292  -12  292  -12  16  0  0 L3B F0
C41 FF 60302 073400  780 189 2713    +8750989    -29        -154    -51   11   7  248  +40  970  +53  970   53   6  0  0 L3B 3E
C44 FF 60302 073400  780 499  805    -3322919   -125         551     -9    5   7  106   +1  409  -15  409  -15   4  0  0 L3B F6
C23 FF 60302 075000  780 135 2956    +7993459    -44         865    +11   33   7  342 -120  391  -47  391  -47  26  0  0 L3B 60
C24 FF 60302 075000  780 540  899    -7224722   -403         905    -38    7   7  100   +6  183  +10  183   10   6  0  0 L3B EB
C25 FF 60302 075000  780 601 3163    -2852767    -70         798    +17    3   7   93   -6  269  -18  269  -18   3  0  0 L3B 0C
C34 FF 60302 075000  780 483 1627    -3316645    -40         673    +44    4   7  108  -12  349  -44  349  -44   2  0  0 L3B 19
C35 FF 60302 075000  780 111  381    -4735169    +28         365    -60   42   7  410 +179  429  +27  429   27  38  0  0 L3B 37
C41 FF 60302 075000  780 155 2654    +8750985    -26        -179    -48   25   7  299  +69  999  +45  999   45  17  0  0 L3B 7F
C44 FF 60302 075000  780 482  705    -3323037   -131         544    -16    7   7  108   +4  395   -9  395   -9   4  0  0 L3B E5
C23 FF 60302 080600  780 184 2991    +7993419    +11         873    +65   18   8  255  -68  334 -106  334 -106  12  0  0 L3B 70
C24 FF 60302 080600  780 492  981    -7225097   -404         875    -40    4   8  107   +8  181  +13  181   13   3  0  0 L3B F7
C25 FF 60302 080600  780 659 3226    -2852831    -78         822     +9    5   8   89   -4  255   -6  255   -6   4  0  0 L3B D7
C34 FF 60302 080600  780 552 1588    -3316693    -68         673    +12    4   8   99   -9  321  -11  321  -11   3  0  0 L3B F7
C40 FF 60302 080600  780 727 2453     +491884    +17         820     +1    3   8   85   -1  274  -10  274  -10   2  0  0 L3B BE
C41 FF 60302 080600  780 116 2599    +8750966    -18        -174    -34   18   8  390 +130 1042  +40 1042   40  11  0  0 L3B 64
C44 FF 60302 080600  780 451  621    -3323167   -131         519    -17    7   8  114   +8  386  -12  386  -12   5  0  0 L3B FE
C23 FF 60302 082200  780 235 3023    +7993412     -5         918    +49   16   8  202  -44  251  -86  251  -86  13  0  0 L3B 29
C24 FF 60302 082200  780 442 1052    -7225477   -408         845    -43    4   8  116  +11  184  +18  184   18   3  0  0 L3B 16
C25 FF 60302 082200  780 718 3303    -2852904    -76         832    +11    3   8   85   -3  248   -5  248   -5   2  0  0 L3B CF
C34 FF 60302 082200  780 619 1525    -3316747    -50         696    +30    4   8   92   -6  300  -23  300  -23   3  0  0 L3B E2
C40 FF 60302 082200  780 738 2571     +491899    +22         820     +6    4   8   84   +0  267   -9  267   -9   3  0  0 L3B B8
C43 FF 60302 082200  780 230 1968     -535236    +15         463    +30   16   8  207  -58  598 -143  598 -143  17  0  0 L3B 5B
C44 FF 60302 082200  780 409  556    -3323309   -167         487    -52    8   8  123  +12  391  +25  391   25   8  0  0 L3B 10
C23 FF 60302 083800  780 289 3051    +7993396    +10         954    +65   10   8  167  -30  200  -64  200  -64   6  0  0 L3B 2A
C24 FF 60302 083800  780 391 1115    -7225857   -414         816    -49    6   8  128  +15  191  +20  191   20   5  0  0 L3B 1C
C25 FF 60302 083800  780 778 3418    -2852977    -78         842     +9    5   8   83   -2  237  -16  237  -16   4  0  0 L3B 08
C34 FF 60302 083800  780 680 1420    -3316804    -64         715    +16    3   8   87   -3  283  -17  283  -17   2  0  0 L3B F5
C40 FF 60302 083800  780 743 2693     +491915    +17         821     +1    2   8   84   +0  259  -12  259  -12   1  0  0 L3B C7
C43 FF 60302 083800  780 297 1981     -535207    +37         507    +53    9   8  163  -35  492  -89  492  -89   7  0  0 L3B 31
C44 FF 60302 083800  780 361  508    -3323452   -149         454    -34    7   8  137  +17  383  -14  383  -14   7  0  0 L3B 1F
C23 FF 60302 085400  780 345 3074    +7993388    -43         999    +12    8   8  143  -21  151  -17  151  -17   8  0  0 L3B 29
C24 FF 60302 085400  780 338 1171    -7226239   -405         783    -40   11   8  145  +21  186   +6  186    6   9  0  0 L3B 0E
C25 FF 60302 085400  780 833   78    -2853060    -86         844     +1    2   8   81   -1  230  -10  230  -10   2  0  0 L3B A4
C34 FF 60302 085400  780 724 1244    -3316872    -78         725     +1    4   8   85   -2  265  -16  265  -16   3  0  0 L3B E8
C39 FF 60302 085400  780 453 1775      +63338     -4         880     -6    6   8  113   +7  198  -16  198  -16   4  0  0 L3B D2
C40 FF 60302 085400  780 744 2813     +491931    +14         821     -2    3   8   84   +0  247  -13  247  -13   3  0  0 L3B BD
C43 FF 60302 085400  780 365 1997     -535178     +9         551    +25    5   8  136  -23  441  -37  441  -37   4  0  0 L3B 02
C44 FF 60302 085400  780 308  477    -3323601   -165         416    -50   15   8  157  +26  374   -7  374   -7  11  0  0 L3B 19
C23 FF 60302 091000  780 403 3092    +7993377     -9        1042    +46    5   9  125  -16  113  -45  113  -45   3  0  0 L3B 0B
C24 FF 60302 091000  780 284 1221    -7226627   -377         743    -13    7   9  169  +31  190  -15  190  -15   6  0  0 L3B 27
C25 FF 60302 091000  780 848  790    -2853142    -84         846     +3    2   9   81   +0  216  -14  216  -14   2  0  0 L3B C5
C34 FF 60302 091000  780 738  997    -3316952    -80         742     +2    6   9   84   +0  249  -22  249  -22   4  0  0 L3B D9
C39 FF 60302 091000  780 417 1802      +63323    +22         863    +20   35   9  121   +9  191  -46  191  -46  33  0  0 L3B F3
C40 FF 60302 091000  780 742 2926     +491933    +12         819     -3    2   9   84   +0  239  -10  239  -10   2  0  0 L3B BC
C43 FF 60302 091000  780 435 2018     -535154    +33         591    +48    8   9  118  -16  401  -38  401  -38   6  0  0 L3B FC
C44 FF 60302 091000  780 252  458    -3323759   -191         381    -75   12   9  188  +40  369   +8  369    8   9  0  0 L3B 14
C23 FF 60302 092600  780 463 3101    +7993358    -39        1075    +16    3   9  112  -12   85   -7   85   -7   3  0  0 L3B E6
C24 FF 60302 092600  780 229 1265    -7227012   -372         707     -8    9   9  206  +48  193  -31  193  -31   8  0  0 L3B 1F
C25 FF 60302 092600  780 799 1209    -2853230    -95         841     -8    3   9   82   +2  205  -10  205  -10   2  0  0 L3B D7
C34 FF 60302 092600  780 716  767    -3317038    -91         735     -9    4   9   85   +2  233  -19  233  -19   3  0  0 L3B DE
C39 FF 60302 092600  780 380 1826      +63356    +68         894    +66   71   9  131  +11  138  -88  138  -88  72  0  0 L3B 38
C40 FF 60302 092600  780 738 3031     +491949    +24         820    +10    4   9   84   +0  223  -20  223  -20   3  0  0 L3B C1
C43 FF 60302 092600  780 506 2044     -535130    +19         630    +35    7   9  105  -11  369  -25  369  -25   5  0  0 L3B FC
C44 FF 60302 092600  780 196  450    -3323915   -202         336    -85   18   9  238  +66  365  +19  365   19  13  0  0 L3B 3F
C23 FF 60302 094200  780 525 3098    +7993341     -7        1111    +48    3   9  102   -9   58  -34   58  -34   3  0  0 L3B E6
C25 FF 60302 094200  780 734 1352    -2853331   -109         823    -22    3   9   84   +3  202   +3  202    3   2  0  0 L3B B5
C34 FF 60302 094200  780 670  621    -3317140    -95         712    -13    4   9   88   +4  225  -22  225  -22   4  0  0 L3B D0
C40 FF 60302 094200  780 732 3125     +491960    +24         817     +9    3   9   84   +0  212  -25  212  -25   3  0  0 L3B B9
C43 FF 60302 094200  780 577 2077     -535113     +0         663    +16    5   9   96   -8  343  -14  343  -14   5  0  0 L3B CD
C44 FF 60302 094200  780 141  450    -3324064   -128         299    -11   28   9  327 +126  351  -45  351  -45  21  0  0 L3B 42
C23 FF 60302 095800  780 588 3077    +7993311    -20        1133    +34    4   9   95   -6   46  -21   46  -21   3  0  0 L3B E5
C25 FF 60302 095800  780 665 1428    -2853434   -119         805    -32    3   9   88   +5  197   +4  197    4   3  0  0 L3B EC
C34 FF 60302 095800  780 613  542    -3317243   -107         688    -25    6   9   92   +6  217  -11  217  -11   5  0  0 L3B F1
C40 FF 60302 095800  780 727 3211     +491975    +14         818     -1    3   9   85   +0  197  -11  197  -11   2  0  0 L3B CE
C43 FF 60302 095800  780 649 2120     -535100    +10         691    +26    2   9   89   -5  322  -15  322  -15   2  0  0 L3B CD
C23 FF 60302 101400  780 648 3027    +7993293    -37        1156    +16    3  10   89   -5   26   -5   26   -5   2  0  0 L3B CB
C25 FF 60302 101400  780 595 1479    -2853548   -115         791    -26    6  10   94   +7  200   +0  200    0   4  0  0 L3B D2
C34 FF 60302 101400  780 551  504    -3317355   -112         661    -29    4  10   98   +8  212  -13  212  -13   4  0  0 L3B E2
C37 FF 60302 101400  780 123 3133    +9315968    -21         194    -10   25  10  377 -167  508   -7  508   -7  17  0  0 L3B 38
C40 FF 60302 101400  780 721 3290     +491981     +7         797     -9    4  10   85   +0  193   -9  193   -9   4  0  0 L3B AD
C43 FF 60302 101400  780 719 2180     -535101     -4         710    +12    2  10   85   -4  310  -10  310  -10   2  0  0 L3B 9D
C23 FF 60302 103000  780 703 2923    +7993255    -37        1168    +16    3  10   86   -3   21  -14   21  -14   3  0  0 L3B D8
C25 FF 60302 103000  780 525 1518    -2853661   -131         763    -42    4  10  102  +10  198   +8  198    8   3  0  0 L3B F7
C28 FF 60302 103000  780 177 2270    -1867769    -25         436    +18   26  10  264  -83  390  -52  390  -52  25  0  0 L3B 54
C34 FF 60302 103000  780 488  489    -3317464   -123         631    -40    7  10  107  +11  203   -4  203   -4   4  0  0 L3B E2
C37 FF 60302 103000  780 178 3139    +9316005    +15         240    +26   26  10  264  -82  454  -24  454  -24  15  0  0 L3B 37
C40 FF 60302 103000  780 716 3363     +491990    +14         789     -2    5  10   85   +0  189  -13  189  -13   3  0  0 L3B D8
C43 FF 60302 103000  780 788 2287     -535106    -20         720     -3    3  10   82   -2  301   +1  301    1   3  0  0 L3B 7D
C23 FF 60302 104600  780 742 2733    +7993217    -47        1181     +7    2  10   84   -1   12   -8   12   -8   2  0  0 L3B AB
C25 FF 60302 104600  780 455 1548    -2853784   -112         726    -23    6  10  113  +14  202  -10  202  -10   4  0  0 L3B 14
C28 FF 60302 104600  780 234 2309    -1867779     +7         468    +50   16  10  204  -48  348  -53  348  -53  12  0  0 L3B 46
C34 FF 60302 104600  780 427  490    -3317587   -113         588    -30    7  10  119  +14  204  -10  204  -10   5  0  0 L3B 0C
C37 FF 60302 104600  780 234 3137    +9316036    +33         282    +43   14  10  204  -48  425  -30  425  -30  11  0  0 L3B 29
C40 FF 60302 104600  780 712 3432     +492007    +25         791     +8    5  10   85   +0  178  -20  178  -20   3  0  0 L3B C5
C43 FF 60302 104600  780 848 2595     -535120    -23         723     -7    2  10   81   -1  293   -3  293   -3   2  0  0 L3B AC
C23 FF 60302 110200  780 749 2465    +7993162    -51        1181     +3    2  11   84   +1    8  -11    8  -11   1  0  0 L3B 9F
C25 FF 60302 110200  780 386 1573    -2853920   -135         670    -46    8  11  129  +20  212   +6  212    6   6  0  0 L3B F4
C28 FF 60302 110200  780 289 2354    -1867779    +23         525    +68    8  11  167  -30  310  -48  310  -48   7  0  0 L3B 31
C34 FF 60302 110200  780 367  502    -3317710   -121         545    -38    7  11  135  +19  203   -8  203   -8   5  0  0 L3B E6
C37 FF 60302 110200  780 290 3125    +9316086    +39         290    +42   11  11  167  -30  390  -26  390  -26   9  0  0 L3B 2A
C40 FF 60302 110200  780 710 3497     +492020    +20         799     +5    3  11   85   +0  170  -16  170  -16   2  0  0 L3B BA
C43 FF 60302 110200  780 848 3457     -535136    -27         699    -10    3  11   81   +1  282   -7  282   -7   3  0  0 L3B C9
C23 FF 60302 111800  780 718 2232    +7993104    -59        1174     -5    2  11   85   +2    6   -8    6   -8   1  0  0 L3B 8E
C25 FF 60302 111800  780 318 1593    -2854045   -142         630    -53    9  11  153  +30  215  +13  215   13   7  0  0 L3B 11
C28 FF 60302 111800  780 344 2404    -1867782    +38         565    +83    8  11  143  -21  281  -64  281  -64   6  0  0 L3B 30
C34 FF 60302 111800  780 309  521    -3317831    -92         505     -9    6  11  157  +26  200  -34  200  -34   5  0  0 L3B E8
C37 FF 60302 111800  780 344 3102    +9316108    +76         315    +79    8  11  143  -20  382  -53  382  -53   7  0  0 L3B 1F
C40 FF 60302 111800  780 710 3562     +492031    +18         796     +3    4  11   85   +0  165   -8  165   -8   3  0  0 L3B AA
C43 FF 60302 111800  780 792  169     -535163    -30         687    -13    4  11   82   +2  275   -4  275   -4   3  0  0 L3B B6
C23 FF 60302 113400  780 665 2090    +7993036    -75        1158    -21    2  11   88   +4    7   +2    7    2   1  0  0 L3B 8D
C25 FF 60302 113400  780 251 1608    -2854172    -84         588     +5    8  11  189  +47  221  -37  221  -37   7  0  0 L3B 1A
C28 FF 60302 113400  780 398 2462    -1867790    -19         600    +26    5  11  126  -15  259  -14  259  -14   5  0  0 L3B 2E
C34 FF 60302 113400  780 254  545    -3317959   -113         456    -30    9  11  187  +38  207  -19  207  -19   7  0  0 L3B 2E
C37 FF 60302 113400  780 396 3064    +9316153    +22         363    +25    7  11  127  -14  358   -8  358   -8   5  0  0 L3B 04
C40 FF 60302 113400  780 711   26     +492047    +22         797     +7    3  11   85   +0  160   -7  160   -7   2  0  0 L3B 7A
C43 FF 60302 113400  780 730  284     -535190    -39         676    -23    4  11   85   +3  266   -1  266   -1   3  0  0 L3B B0
C23 FF 60302 115000  780 600 2009    +7992960    -72        1133    -18    4  11   93   +7    8   -6    8   -6   3  0  0 L3B 9D
C25 FF 60302 115000  780 187 1619    -2854321   -112         524    -24   13  11  250  +84  256  +15  256   15  12  0  0 L3B 36
C28 FF 60302 115000  780 450 2526    -1867800    -14         632    +30    5  11  114  -11  238  -17  238  -17   4  0  0 L3B 0D
C34 FF 60302 115000  780 201  574    -3318081   -132         413    -49   14  11  233  +58  213  +22  213   22  13  0  0 L3B 0F
C37 FF 60302 115000  780 443 3009    +9316174    +20         387    +23    5  11  116   -9  351   -6  351   -6   3  0  0 L3B DB
C40 FF 60302 115000  780 714   91     +492061     +6         796     -9    3  11   85   +0  155   +3  155    3   2  0  0 L3B 5F
C43 FF 60302 115000  780 669  357     -535228    -41         654    -24    4  11   88   +4  264   -6  264   -6   3  0  0 L3B BC
C23 FF 60302 120600  780 531 1961    +7992883    -96        1116    -42    3  12  101  +10    9  +10    9   10   3  0  0 L3B C9
C28 FF 60302 120600  780 501 2601    -1867813    -17         648    +24    4  12  105   -8  222  -12  222  -12   3  0  0 L3B F4
C34 FF 60302 120600  780 151  607    -3318203   -129         369    -46   13  12  306  +98  226   +8  226    8  11  0  0 L3B 0E
C37 FF 60302 120600  780 481 2935    +9316193    +19         392    +20    4  12  109   -6  346   -1  346   -1   3  0  0 L3B E5
C38 FF 60302 120600  780 290 1720    -1260311    +79         663   +103   32  12  167  -21  177  -77  177  -77  31  0  0 L3B 55
C40 FF 60302 120600  780 718  159     +492072     +5         799    -10    4  12   85   +0  158   +7  158    7   3  0  0 L3B 97
C43 FF 60302 120600  780 610  417     -535267    -42         620    -26    5  12   92   +5  262   +0  262    0   4  0  0 L3B 8C
C23 FF 60302 122200  780 461 1930    +7992797    -83        1082    -29    5  12  112  +14   12   -3   12   -3   4  0  0 L3B DC
C28 FF 60302 122200  780 549 2686    -1867846    -16         655    +24    4  12   99   -6  225  -10  225  -10   3  0  0 L3B 0A
C37 FF 60302 122200  780 507 2841    +9316208    -28         408    -27    8  12  105   -3  340  +28  340   28   7  0  0 L3B FC
C40 FF 60302 122200  780 724  230     +492090     +1         803    -13    5  12   85   +0  155  +10  155   10   4  0  0 L3B 89
C43 FF 60302 122200  780 553  472     -535315    -69         587    -54    3  12   98   +7  268  +21  268   21   2  0  0 L3B D7
C23 FF 60302 123800  780 391 1909    +7992700   -110        1037    -55    5  12  128  +20   21  +13   21   13   3  0  0 L3B F7
C27 FF 60302 123800  780 147 2568    -2467184    -16         433    +37   13  12  316  -97  270  -25  270  -25   9  0  0 L3B 43
C28 FF 60302 123800  780 593 2785    -1867869    -39         671     +2    3  12   94   -4  217   +2  217    2   2  0  0 L3B D0
C37 FF 60302 123800  780 517 2734    +9316216    +11         417    +12    4  12  103   +0  337   -8  337   -8   3  0  0 L3B DA
C38 FF 60302 123800  780 366 1759    -1260284    -93         737    -69   53  12  136  -13  141  +96  141   96  50  0  0 L3B 52
C40 FF 60302 123800  780 731  307     +492102    +15         801     +1    2  12   84   +0  158   -1  158   -1   2  0  0 L3B 7A
C42 FF 60302 123800  780 174  859    +4759364    -71        -268    -10   14  12  268  -46  654  +18  654   18  13  0  0 L3B 4F
C43 FF 60302 123800  780 498  524     -535353    -45         564    -29    7  12  106   +9  265   +5  265    5   5  0  0 L3B CA
C46 FF 60302 123800  780 127 3208    +1100988    +56        1046    +25   29  12  364 -136 -152   +3 -152    3  21  0  0 L3B 42
C23 FF 60302 125400  780 322 1892    +7992614    -76        1004    -22    6  12  151  +29   18   -6   18   -6   5  0  0 L3B EA
C27 FF 60302 125400  780 192 2618    -2467197    +12         471    +65   17  12  244  -57  247  -50  247  -50  12  0  0 L3B 4C
C28 FF 60302 125400  780 633 2903    -1867895    -21         684    +19    2  12   90   -3  210  -14  210  -14   2  0  0 L3B F4
C37 FF 60302 125400  780 510 2623    +9316206     -2         409     -1    4  12  104   +2  342   -4  342   -4   3  0  0 L3B A3
C38 FF 60302 125400  780 404 1784    -1260297    +17         746    +41   19  12  125  -10  152  -18  152  -18  19  0  0 L3B 42
C40 FF 60302 125400  780 739  391     +492120     +9         806     -6    2  12   84   +0  154   +6  154    6   2  0  0 L3B 75
C42 FF 60302 125400  780 200  796    +4759330    -49        -244    +12   13  12  235  -26  650   +6  650    6  12  0  0 L3B 03
C43 FF 60302 125400  780 445  575     -535408    -52         524    -36    4  12  115  +11  275   +8  275    8   4  0  0 L3B CC
C46 FF 60302 125400  780 173 3177    +1101055    +51        1083    +20   15  12  271  -68 -163   +9 -163    9  12  0  0 L3B 2B
C23 FF 60302 131000  780 256 1877    +7992510   -108         948    -54    9  13  186  +46   29   +8   29    8   5  0  0 L3B FC
C27 FF 60302 131000  780 237 2670    -2467224    +15         519    +69   14  13  200  -37  231  -47  231  -47  10  0  0 L3B 34
C28 FF 60302 131000  780 667 3043    -1867926    -38         693     +2    4  13   88   -2  205   -2  205   -2   3  0  0 L3B C7
C37 FF 60302 131000  780 486 2520    +9316190    -22         418    -18    6  13  108   +5  345   +4  345    4   5  0  0 L3B D3
C38 FF 60302 131000  780 441 1812    -1260322     -2         736    +21    5  13  116   -8  165   -4  165   -4   4  0  0 L3B BD
C40 FF 60302 131000  780 746  486     +492133    +13         803     -1    4  13   84   +0  156   +1  156    1   3  0  0 L3B 76
C42 FF 60302 131000  780 218  729    +4759298    -24        -218    +37   19  13  216  -14  632  -30  632  -30  18  0  0 L3B 41
C43 FF 60302 131000  780 395  626     -535460    -65         489    -49    6  13  127  +14  283  +19  283   19   4  0  0 L3B 01
C46 FF 60302 131000  780 214 3136    +1101144    +65        1164    +37   17  13  221  -39 -187   -9 -187   -9  12  0  0 L3B 3E
C23 FF 60302 132600  780 192 1862    +7992411   -128         900    -74   11  13  244  +78   36  +33   36   33   8  0  0 L3B 18
C27 FF 60302 132600  780 282 2725    -2467248     -9         547    +45    8  13  171  -26  223  -13  223  -13   6  0  0 L3B 13
C28 FF 60302 132600  780 693 3210    -1867969    -43         690     -2    3  13   86   -1  207   -3  207   -3   2  0  0 L3B CC
C37 FF 60302 132600  780 450 2430    +9316157    -23         389    -18    3  13  114   +9  358   +6  358    6   3  0  0 L3B E4
C38 FF 60302 132600  780 478 1844    -1260315    -31         764     -8    6  13  109   -7  154  +19  154   19   5  0  0 L3B FB
C40 FF 60302 132600  780 753  592     +492151    +18         807     +4    3  13   84   +0  155   +0  155    0   2  0  0 L3B 7D
C42 FF 60302 132600  780 228  661    +4759247    -34        -210    +27   13  13  208   -4  630  -23  630  -23  10  0  0 L3B 18
C43 FF 60302 132600  780 346  676     -535513    -32         451    -17   10  13  142  +18  290  -12  290  -12   6  0  0 L3B FD
C46 FF 60302 132600  780 248 3086    +1101201    +66        1194    +38   12  13  192  -23 -193  -10 -193  -10   9  0  0 L3B 4A
C23 FF 60302 134200  780 131 1847    +7992311   -100         852    -46   17  13  352 +157   60  +26   60   26  15  0  0 L3B 2C
C27 FF 60302 134200  780 327 2781    -2467261    -50         586     +4   13  13  149  -19  207  +10  207   10  10  0  0 L3B 15
C28 FF 60302 134200  780 708 3400    -1868012    -43         686     -3    4  13   86   +0  205   +0  205    0   3  0  0 L3B A0
C37 FF 60302 134200  780 404 2356    +9316140    -59         376    -54   10  13  124  +13  354  +30  354   30   9  0  0 L3B 17
C38 FF 60302 134200  780 514 1881    -1260324    +12         778    +34    2  13  103   -5  155  -21  155  -21   2  0  0 L3B F4
C40 FF 60302 134200  780 757  710     +492164    +17         806     +2    3  13   83   +0  158   +1  158    1   2  0  0 L3B 7E
C42 FF 60302 134200  780 226  593    +4759173    -87        -225    -26   11  13  209   +6  644  +18  644   18  12  0  0 L3B 29
C43 FF 60302 134200  780 299  727     -535576   -101         402    -86   10  13  161  +23  303  +48  303   48   7  0  0 L3B 0E
C46 FF 60302 134200  780 275 3026    +1101246    +42        1212    +14   11  13  175  -13 -189   +9 -189    9   7  0  0 L3B 1E
C27 FF 60302 135800  780 373 2840    -2467294    -17         605    +37    9  13  133  -14  207   -9  207   -9   7  0  0 L3B 0E
C28 FF 60302 135800  780 709    2    -1868055    -50         682    -10    4  13   86   +0  205   +5  205    5   3  0  0 L3B 8C
C33 FF 60302 135800  780 340 1121    +9418281     -4        -891     -5   10  13  144  -17 1253  +19 1253   19   7  0  0 L3B 2A
C37 FF 60302 135800  780 352 2295    +9316099    -49         339    -45    6  13  140  +19  363  +20  363   20   5  0  0 L3B 20
C38 FF 60302 135800  780 549 1923    -1260333    -31         791     -9    4  13   99   -4  153  +16  153   16   3  0  0 L3B E7
C40 FF 60302 135800  780 758  839     +492176    +13         804     -2    4  13   83   +0  161   +4  161    4   3  0  0 L3B 8D
C42 FF 60302 135800  780 215  528    +4759093    -81        -247    -19   13  13  219  +16  655  +10  655   10  11  0  0 L3B 34
C43 FF 60302 135800  780 253  777     -535603    -22         390     -6   15  13  188  +32  296  -26  296  -26  13  0  0 L3B 1F
C46 FF 60302 135800  780 291 2959    +1101293    +19        1232     -9   20  13  166   -6 -190  +13 -190   13  13  0  0 L3B 34
C27 FF 60302 141400  780 419 2901    -2467326    -23         613    +30    6  14  121  -11  207  -15  207  -15   5  0  0 L3B 07
C28 FF 60302 141400  780 698  196    -1868103    -63         676    -22    2  14   86   +1  209  +13  209   13   2  0  0 L3B E3
C33 FF 60302 141400  780 381 1049    +9418300    +37        -897    +34    9  14  131  -11 1255  -17 1255  -17   7  0  0 L3B 51
C37 FF 60302 141400  780 297 2245    +9316052    -47         292    -43    6  14  162  +28  377  +11  377   11   4  0  0 L3B 19
C38 FF 60302 141400  780 583 1972    -1260351    -18         787     +4    2  14   95   -3  159   +4  159    4   2  0  0 L3B C4
C40 FF 60302 141400  780 755  973     +492189    +16         792     +0    3  14   84   +0  164   +2  164    2   2  0  0 L3B 8D
C41 FF 60302 141400  780 196 1594    +8751464   +106        -149    +87   12  14  240  -75  665  -35  665  -35   9  0  0 L3B 6D
C42 FF 60302 141400  780 194  469    +4759036   -150        -250    -89   19  14  241  +31  646  +48  646   48  14  0  0 L3B 5A
C43 FF 60302 141400  780 208  827     -535651    +10         359    +26   11  14  225  +47  302  -51  302  -51  11  0  0 L3B 04
C46 FF 60302 141400  780 296 2886    +1101318    +26        1206     -5    9  14  163   +0 -175  +17 -175   17   7  0  0 L3B 18
C27 FF 60302 143000  780 466 2965    -2467356    -36         634    +17    5  14  111   -9  203   +1  203    1   4  0  0 L3B D3
C28 FF 60302 143000  780 677  368    -1868151    -49         667     -8    2  14   87   +2  211   -3  211   -3   2  0  0 L3B BB
C33 FF 60302 143000  780 412  967    +9418321     -3        -880     -6    8  14  123   -7 1254  +13 1254   13   7  0  0 L3B F5
C37 FF 60302 143000  780 242 2201    +9316015    -94         258    -90   10  14  196  +44  378  +52  378   52   8  0  0 L3B 2A
C38 FF 60302 143000  780 614 2029    -1260355     +0         804    +22    2  14   92   -3  151  -13  151  -13   2  0  0 L3B C2
C40 FF 60302 143000  780 747 1104     +492203    +21         791     +5    4  14   84   +0  166   -2  166   -2   3  0  0 L3B 97
C41 FF 60302 143000  780 259 1568    +8751541    +63         -90    +43   12  14  185  -44  646   +0  646    0  10  0  0 L3B 08
C42 FF 60302 143000  780 164  418    +4758930    -54        -298     +6   25  14  283  +57  660  -40  660  -40  21  0  0 L3B 33
C43 FF 60302 143000  780 164  877     -535697    -24         328     -8   19  14  282  +74  295  -21  295  -21  17  0  0 L3B 28
C46 FF 60302 143000  780 291 2813    +1101352    +24        1211     -7   12  14  166   +6 -180   +6 -180    6   9  0  0 L3B EA
C27 FF 60302 144600  780 513 3032    -2467381    -37         661    +16    3  14  104   -7  197   +5  197    5   2  0  0 L3B DF
C28 FF 60302 144600  780 647  516    -1868209    -53         649    -12    3  14   89   +3  217   +1  217    1   3  0  0 L3B C2
C33 FF 60302 144600  780 431  875    +9418330     +5        -874     +2    7  14  118   -3 1253   -4 1253   -4   5  0  0 L3B E2
C37 FF 60302 144600  780 186 2162    +9315966    -11         213     -7   18  14  251  +72  386  -38  386  -38  13  0  0 L3B 48
C38 FF 60302 144600  780 644 2094    -1260354    -31         826     -9   22  14   90   -2  136  +17  136   17  22  0  0 L3B FE
C40 FF 60302 144600  780 733 1226     +492213    +32         786    +16    3  14   84   +1  170   -9  170   -9   2  0  0 L3B BA
C41 FF 60302 144600  780 324 1539    +8751602    +81         -48    +61   11  14  151  -28  642  -19  642  -19   9  0  0 L3B 34
C42 FF 60302 144600  780 127  374    +4758849    -98        -320    -38   27  14  360 +111  654  +23  654   23  23  0  0 L3B 54
C46 FF 60302 144600  780 274 2740    +1101365     -8        1194    -38    9  14  175  +13 -168  +30 -168   30   8  0  0 L3B 30
C27 FF 60302 150200  780 562 3105    -2467416    -32         681    +22    4  15   97   -6  197   -5  197   -5   3  0  0 L3B E2
C28 FF 60302 150200  780 611  640    -1868261    -62         656    -18    3  15   92   +4  215   +4  215    4   2  0  0 L3B AF
C33 FF 60302 150200  780 435  781    +9418329    -16        -873    -19    5  15  117   +1 1253  +15 1253   15   5  0  0 L3B 1F
C36 FF 60302 150200  780 113 3145     +800964   -157         -28     -1   21  15  403  -50  482  +24  482   24  16  0  0 L3B 0E
C37 FF 60302 150200  780 132 2126    +9315914    -63         166    -59   15  15  347 +136  403  +36  403   36  15  0  0 L3B 46
C38 FF 60302 150200  780 670 2171    -1260366    -18         849     +6   19  15   88   -2  138   +0  138    0  18  0  0 L3B E1
C40 FF 60302 150200  780 714 1334     +492232     +6         787    -10    4  15   85   +1  169   +6  169    6   2  0  0 L3B 9F
C41 FF 60302 150200  780 390 1505    +8751668    +75         -11    +54    6  15  128  -19  635   -4  635   -4   6  0  0 L3B FE
C46 FF 60302 150200  780 249 2672    +1101383     +0        1186    -30    9  15  191  +21 -163  +14 -163   14   8  0  0 L3B 16
C27 FF 60302 151800  780 611 3186    -2467445    -41         703    +12    3  15   92   -5  194   +3  194    3   2  0  0 L3B C8
C28 FF 60302 151800  780 571  747    -1868322    -75         637    -31    4  15   96   +5  220  +15  220   15   4  0  0 L3B E3
C30 FF 60302 151800  780 143 2924     +114285    +71         320    +58   35  15  325 -105  293  -18  293  -18  31  0  0 L3B 3C
C33 FF 60302 151800  780 425  690    +9418324     -1        -882     -4    5  15  119   +4 1258   -6 1258   -6   4  0  0 L3B F0
C36 FF 60302 151800  780 123 3088     +800836   -123          -7    +33   13  15  371  -17  479   -4  479   -4  10  0  0 L3B 0C
C38 FF 60302 151800  780 693 2259    -1260369   -154         869   -130   41  15   86   -1  121 +133  121  133  40  0  0 L3B 5B
C40 FF 60302 151800  780 691 1427     +492262    -54         801    -71   45  15   87   +1  153  +65  153   65  45  0  0 L3B 09
C41 FF 60302 151800  780 456 1461    +8751718    +64          19    +42    5  15  113  -13  636  -15  636  -15   4  0  0 L3B 12
C46 FF 60302 151800  780 217 2609    +1101383    +11        1157    -19   11  15  217  +35 -149   +2 -149    2   9  0  0 L3B 1F
C27 FF 60302 153400  780 660 3281    -2467486    -45         713     +9    3  15   89   -4  197   +3  197    3   2  0  0 L3B D1
C28 FF 60302 153400  780 528  841    -1868382    -61         619    -17    4  15  101   +6  224   +3  224    3   3  0  0 L3B C8
C30 FF 60302 153400  780 190 2964     +114331     +2         353    -12   26  15  247  -62  290  +24  290   24  19  0  0 L3B 00
C32 FF 60302 153400  780 138 1883    +5459869   +105         327    +65   15  15  338 -155  339  -38  339  -38  11  0  0 L3B 8A
C33 FF 60302 153400  780 401  608    +9418314    -21        -894    -24    6  15  125   +8 1255  +11 1255   11   4  0  0 L3B 12
C36 FF 60302 153400  780 124 3028     +800673   -203         -19    -47   19  15  367   +9  500  +38  500   38  14  0  0 L3B 1C
C38 FF 60302 153400  780 712 2360    -1260405    -15         856     +9    3  15   85   -1  139   -1  139   -1   2  0  0 L3B BC
C40 FF 60302 153400  780 664 1506     +492251    +11         775     -5    6  15   88   +2  174   -3  174   -3   5  0  0 L3B B1
C41 FF 60302 153400  780 519 1402    +8751775    +42          56    +21    5  15  103   -9  629   +6  629    6   4  0  0 L3B D1
C46 FF 60302 153400  780 179 2551    +1101377    -16        1121    -46   10  15  260  +57 -138  +20 -138   20   7  0  0 L3B 3C
C27 FF 60302 155000  780 708 3403    -2467524    -35         726    +18    4  15   86   -3  195   -4  195   -4   3  0  0 L3B E5
C28 FF 60302 155000  780 482  923    -1868447    -72         596    -28    4  15  108   +8  226   +4  226    4   3  0  0 L3B DF
C30 FF 60302 155000  780 240 3001     +114391    +16         399     +2   17  15  198  -41  276  +17  276   17  13  0  0 L3B 03
C32 FF 60302 155000  780 203 1884    +5459948   +162         368   +123   16  15  233  -75  329  -49  329  -49  11  0  0 L3B 81
C33 FF 60302 155000  780 366  541    +9418305    -46        -906    -49    8  15  135  +13 1248  +14 1248   14   6  0  0 L3B 39
C36 FF 60302 155000  780 117 2968     +800544   -165           2     -9   24  15  389  +37  492   +1  492    1  19  0  0 L3B EB
C38 FF 60302 155000  780 726 2472    -1260425    -10         858    +14    3  15   85   -1  139   -8  139   -8   3  0  0 L3B DD
C40 FF 60302 155000  780 635 1573     +492259    +13         767     -3    4  15   90   +3  174   -3  174   -3   3  0  0 L3B B0
C41 FF 60302 155000  780 576 1319    +8751815    +52          75    +31    4  15   96   -6  631   -8  631   -8   3  0  0 L3B D2
C46 FF 60302 155000  780 138 2498    +1101381    +10        1096    -21    8  15  333 +100 -135   -5 -135   -5   6  0  0 L3B 21
C27 FF 60302 160600  780 752 3578    -2467569    -42         731    +11    4  16   84   -2  198   +1  198    1   2  0  0 L3B DD
C28 FF 60302 160600  780 434  996    -1868523    -66         556    -23    5  16  117  +11  240   +0  240    0   4  0  0 L3B DA
C30 FF 60302 160600  780 292 3036     +114436    +76         400    +58   11  16  166  -28  272   -9  272   -9  10  0  0 L3B 05
C32 FF 60302 160600  780 270 1887    +5460039   +102         430    +63    6  16  178  -43  320  -12  320  -12   5  0  0 L3B 1C
C33 FF 60302 160600  780 322  489    +9418272    -44        -933    -46    9  16  151  +20 1255  +11 1255   11   8  0  0 L3B 32
C36 FF 60302 160600  780 102 2908     +800368   -177         -58    -25   16  16  443  +78  509   -7  509   -7  10  0  0 L3B 2C
C38 FF 60302 160600  780 735 2593    -1260445    -20         863     +4    3  16   84   +0  138   -5  138   -5   2  0  0 L3B C5
C40 FF 60302 160600  780 603 1630     +492267    +12         771     -3   28  16   93   +3  168  -14  168  -14  28  0  0 L3B FB
C41 FF 60302 160600  780 622 1202    +8751854    +48          84    +25    4  16   91   -3  627  -15  627  -15   3  0  0 L3B ED
C27 FF 60302 162200  780 783  246    -2467615    -59         736     -6    4  16   83   -1  198   +8  198    8   4  0  0 L3B CD
C28 FF 60302 162200  780 385 1062    -1868594    -98         527    -55   10  16  130  +15  243  +19  243   19   8  0  0 L3B 37
C30 FF 60302 162200  780 347 3066     +114482    +34         429    +16    8  16  142  -21  273   +3  273    3   6  0  0 L3B CC
C32 FF 60302 162200  780 339 1894    +5460131    +76         484    +37    8  16  145  -28  305   +3  305    3   6  0  0 L3B F2
C33 FF 60302 162200  780 272  452    +9418247    -41        -960    -43   10  16  176  +32 1250   -5 1250   -5   7  0  0 L3B 22
C38 FF 60302 162200  780 739 2715    -1260461    -11         870    +13    4  16   84   +0  133   -7  133   -7   2  0  0 L3B CA
C40 FF 60302 162200  780 569 1679     +492268    -11         759    -26   15  16   96   +4  174  +21  174   21  14  0  0 L3B 10
C41 FF 60302 162200  780 649 1048    +8751877    +38          86    +16    5  16   89   -1  626  -14  626  -14   3  0  0 L3B 04
C27 FF 60302 163800  780 787  599    -2467662    -60         740     -7    2  16   82   +0  197   +4  197    4   1  0  0 L3B C6
C28 FF 60302 163800  780 334 1121    -1868666    -87         496    -44    7  16  146  +21  242  +16  242   16   5  0  0 L3B 24
C30 FF 60302 163800  780 404 3093     +114530    +78         459    +60    6  16  125  -16  270  -25  270  -25   4  0  0 L3B 03
C32 FF 60302 163800  780 411 1903    +5460214    +97         529    +58    5  16  123  -19  297  -12  297  -12   4  0  0 L3B 29
C33 FF 60302 163800  780 219  426    +9418189    -49       -1020    -51   19  16  215  +51 1267   -2 1267   -2  14  0  0 L3B 57
C38 FF 60302 163800  780 739 2834    -1260484    -28         870     -4    5  16   84   +0  132   +2  132    2   4  0  0 L3B BA
C40 FF 60302 163800  780 534 1721     +492266    +23         742     +9    4  16  101   +5  178  -15  178  -15   3  0  0 L3B E6
C41 FF 60302 163800  780 651  876    +8751898    +18          86     -4    3  16   89   +1  620   -4  620   -4   2  0  0 L3B B9
C27 FF 60302 165400  780 758  897    -2467725    -65         729    -12    3  16   83   +2  202   +1  202    1   3  0  0 L3B C1
C28 FF 60302 165400  780 282 1175    -1868746    -67         457    -24   19  16  170  +30  245   +4  245    4  13  0  0 L3B 24
C30 FF 60302 165400  780 463 3113     +114575    +52         487    +34    8  16  112  -12  268   -8  268   -8   7  0  0 L3B EF
C32 FF 60302 165400  780 484 1915    +5460291    +65         569    +26    4  16  108  -13  295   +9  295    9   3  0  0 L3B 07
C33 FF 60302 165400  780 165  412    +9418153    -23       -1058    -25   15  16  282  +93 1268   -3 1268   -3  10  0  0 L3B 51
C38 FF 60302 165400  780 736 2946    -1260513    -27         864     -3    5  16   84   +0  135   -2  135   -2   4  0  0 L3B C8
C40 FF 60302 165400  780 497 1758     +492271    -10         733    -24    7  16  106   +6  175   +6  175    6   5  0  0 L3B D5
C41 FF 60302 165400  780 628  724    +8751913    +16          79     -7    4  16   91   +3  614   -9  614   -9   3  0  0 L3B B7
C27 FF 60302 171000  780 710 1088    -2467782    -75         735    -20    2  17   85   +3  201   +8  201    8   2  0  0 L3B C5
C28 FF 60302 171000  780 229 1223    -1868824    -92         418    -49   12  17  206  +46  246  +20  246   20   9  0  0 L3B 2B
C30 FF 60302 171000  780 525 3125     +114625    +66         544    +51    3  17  102   -9  263  -17  263  -17   2  0  0 L3B E6
C32 FF 60302 171000  780 558 1929    +5460356    +72         581    +32    3  17   98   -9  295   +0  295    0   3  0  0 L3B D9
C33 FF 60302 171000  780 109  406    +9418124     -1       -1088     -3   23  17  416 +204 1256  -44 1256  -44  17  0  0 L3B 58
C38 FF 60302 171000  780 730 3048    -1260532    -11         868    +13    4  17   85   +0  130   -9  130   -9   2  0  0 L3B C5
C40 FF 60302 171000  780 460 1790     +492281    +31         726    +16   22  17  112   +7  170  -28  170  -28  21  0  0 L3B 0A
C41 FF 60302 171000  780 586  613    +8751908     -8          62    -29    3  17   95   +5  615   +2  615    2   2  0  0 L3B 9D
C20 FF 60302 172600  780 102 2139       +8890   +342         623     -8   22  17  452 -258  152  +22  152   22  22  0  0 L3B 00
C27 FF 60302 172600  780 653 1210    -2467852    -73         717    -18    5  17   89   +4  208   +6  208    6   4  0  0 L3B DC
C30 FF 60302 172600  780 589 3124     +114670    +47         575    +32    2  17   95   -7  261   -3  261   -3   3  0  0 L3B C3
C32 FF 60302 172600  780 634 1944    +5460422    +63         609    +23    4  17   91   -6  291   -2  291   -2   3  0  0 L3B D5
C38 FF 60302 172600  780 724 3140    -1260554    -30         869     -6    4  17   85   +0  128   -2  128   -2   3  0  0 L3B C3
C40 FF 60302 172600  780 422 1817     +492292    +57         722    +42   63  17  120   +9  159  -52  159  -52  59  0  0 L3B 2D
C41 FF 60302 172600  780 534  541    +8751904     +5          38    -16    4  17  101   +8  612  -15  612  -15   4  0  0 L3B CE
C20 FF 60302 174200  780 161 2165       +9279   +393         676    +43   12  17  290 -107  146   +7  146    7  11  0  0 L3B 01
C27 FF 60302 174200  780 591 1296    -2467930    -92         692    -38    3  17   94   +6  216  +15  216   15   2  0  0 L3B 03
C30 FF 60302 174200  780 653 3101     +114714    +42         604    +27    3  17   89   -5  256   -2  256   -2   3  0  0 L3B B3
C32 FF 60302 174200  780 709 1960    +5460484    +58         632    +17    4  17   86   -4  286   -4  286   -4   3  0  0 L3B ED
C38 FF 60302 174200  780 717 3224    -1260582    -25         864     -1    2  17   85   +0  131   +1  131    1   1  0  0 L3B A0
C40 FF 60302 174200  780 384 1841     +492278    +81         693    +66   55  17  130  +11  165  -76  165  -76  53  0  0 L3B 48
C41 FF 60302 174200  780 476  499    +8751898    -26          11    -48    6  17  109  +11  610   +8  610    8   4  0  0 L3B DF
C20 FF 60302 175800  780 221 2196       +9655   +444         716    +94   12  17  215  -57  154  -38  154  -38   9  0  0 L3B 22
C27 FF 60302 175800  780 526 1360    -2468006    -91         668    -36    4  17  102   +9  216   +7  216    7   3  0  0 L3B E8
C29 FF 60302 175800  780 163 3131    -2188584    +55         553   +105   20  17  287  -98  131  -50  131  -50  16  0  0 L3B 5E
C30 FF 60302 175800  780 716 3035     +114747    +30         622    +15    4  17   85   -3  258   +0  258    0   3  0  0 L3B AC
C32 FF 60302 175800  780 784 1969    +5460536    +40         645     -1    3  17   83   -2  283   +7  283    7   3  0  0 L3B CF
C38 FF 60302 175800  780 711 3300    -1260608    -26         861     -2    2  17   85   +0  131   -2  131   -2   2  0  0 L3B AC
C40 FF 60302 175800  780 346 1862     +492280    -31         681    -46   46  17  142  +14  159  +15  159   15  46  0  0 L3B 34
C41 FF 60302 175800  780 416  477    +8751882     -3         -26    -24    5  17  121  +15  613   -7  613   -7   4  0  0 L3B DD
C20 FF 60302 181400  780 281 2233      +10038   +381         770    +32   14  18  172  -35  149  +15  149   15  10  0  0 L3B 0C
C27 FF 60302 181400  780 461 1411    -2468089   -101         632    -47    7  18  112  +13  215   +7  215    7   5  0  0 L3B F8
C29 FF 60302 181400  780 219 3137    -2188584     +5         611    +56   16  18  216  -55  128  -21  128  -21  12  0  0 L3B 35
C30 FF 60302 181400  780 771 2873     +114770    +22         626     +6    2  18   83   -2  262   +3  262    3   2  0  0 L3B 97
C32 FF 60302 181400  780 858 1931    +5460577    +38         649     -2    3  18   81   -1  282   -1  282   -1   3  0  0 L3B CF
C38 FF 60302 181400  780 705 3371    -1260628    -18         864     +6    3  18   86   +0  128   -3  128   -3   2  0  0 L3B C9
C40 FF 60302 181400  780 308 1880     +492266    -19         651    -34   73  18  157  +18  167  +17  167   17  64  0  0 L3B 3C
C41 FF 60302 181400  780 356  471    +8751845    -46         -74    -66    6  18  138  +21  627  +23  627   23   7  0  0 L3B 13
C20 FF 60302 183000  780 341 2277      +10421   +367         818    +18    9  18  144  -23  143  +20  143   20   7  0  0 L3B E8
C27 FF 60302 183000  780 395 1452    -2468196   -108         577    -54    7  18  127  +18  233  +15  233   15   6  0  0 L3B 37
C29 FF 60302 183000  780 276 3135    -2188582    -19         662    +32   10  18  174  -35  120   +2  120    2   9  0  0 L3B F9
C30 FF 60302 183000  780 797 2537     +114792    +23         633     +7    3  18   82   +0  261   -4  261   -4   2  0  0 L3B A9
C32 FF 60302 183000  780 867  388    +5460611    +27         644    -13    3  18   81   +1  282   +2  282    2   2  0  0 L3B B2
C38 FF 60302 183000  780 701 3438    -1260650    -34         865    -10    5  18   86   +0  126   +7  126    7   4  0  0 L3B C7
C41 FF 60302 183000  780 297  474    +8751844    -43         -95    -63    8  18  163  +30  615  +16  615   16   7  0  0 L3B 12
C20 FF 60302 184600  780 400 2328      +10787   +409         848    +60    6  18  126  -16  148  -22  148  -22   5  0  0 L3B 0E
C27 FF 60302 184600  780 329 1486    -2468274    -92         551    -38   10  18  148  +27  222   -1  222   -1   8  0  0 L3B 1B
C29 FF 60302 184600  780 333 3122    -2188588     -7         706    +45    8  18  147  -23  114   +0  114    0   7  0  0 L3B E0
C30 FF 60302 184600  780 772 2188     +114802    +10         627     -6    2  18   83   +2  266   +5  266    5   2  0  0 L3B A2
C32 FF 60302 184600  780 797  330    +5460642    +31         637     -9    2  18   82   +2  278   -3  278   -3   1  0  0 L3B BF
C38 FF 60302 184600  780 699 3502    -1260676    -17         861     +7    4  18   86   +0  130   -7  130   -7   3  0  0 L3B D2
C41 FF 60302 184600  780 239  487    +8751811    -26        -148    -46   12  18  198  +45  625  +14  625   14  11  0  0 L3B 46
C20 FF 60302 190200  780 459 2388      +11159   +367         870    +17    5  19  113  -11  140   +2  140    2   4  0  0 L3B C8
C27 FF 60302 190200  780 265 1513    -2468365   -124         510    -70   17  19  180  +42  225  +25  225   25  11  0  0 L3B 3C
C29 FF 60302 190200  780 390 3096    -2188601    -10         736    +41    5  19  129  -16  117   -1  117   -1   4  0  0 L3B F5
C30 FF 60302 190200  780 715 2009     +114809    +13         629     -2    4  19   85   +3  268   -9  268   -9   3  0  0 L3B BA
C32 FF 60302 190200  780 728  347    +5460663     +4         628    -35    2  19   85   +3  279   +7  279    7   2  0  0 L3B BD
C38 FF 60302 190200  780 698 3565    -1260703    -11         859    +13    4  19   86   +0  134   -8  134   -8   3  0  0 L3B E3
C41 FF 60302 190200  780 184  505    +8751792    -62        -187    -82   10  19  254  +74  631  +29  631   29   8  0  0 L3B 36
C20 FF 60302 191800  780 515 2459      +11527   +372         903    +22    4  19  103   -8  131   +0  131    0   3  0  0 L3B AA
C27 FF 60302 191800  780 201 1536    -2468467    -91         460    -37   16  19  234  +72  231   -1  231   -1  10  0  0 L3B 19
C29 FF 60302 191800  780 443 3054    -2188617    -22         769    +29    5  19  116  -11  117   +5  117    5   4  0  0 L3B FB
C30 FF 60302 191800  780 646 1928     +114799     -9         605    -23    3  19   89   +5  276   +0  276    0   3  0  0 L3B BB
C32 FF 60302 191800  780 661  375    +5460685    +11         612    -28    3  19   88   +5  274   +0  274    0   2  0  0 L3B BC
C38 FF 60302 191800  780 699   27    -1260716    -25         869     -1    4  19   86   +0  126   +5  126    5   2  0  0 L3B A6
C20 FF 60302 193400  780 568 2544      +11882   +377         922    +27    3  19   97   -6  131   -6  131   -6   2  0  0 L3B CD
C29 FF 60302 193400  780 490 2991    -2188633     -1         801    +49    4  19  107   -7  114  -21  114  -21   3  0  0 L3B FC
C30 FF 60302 193400  780 574 1887     +114786    -11         578    -26    4  19   96   +8  280   +5  280    5   3  0  0 L3B D0
C32 FF 60302 193400  780 597  408    +5460697    +12         586    -28    5  19   94   +6  274   -3  274   -3   4  0  0 L3B E4
C38 FF 60302 193400  780 702   90    -1260741     -3         868    +21    4  19   86   +0  128  -16  128  -16   3  0  0 L3B C6
C19 FF 60302 195000  780 143 2463    +9473865     -3         555    +52   12  19  324 -108  228  -10  228  -10   9  0  0 L3B 39
C20 FF 60302 195000  780 617 2649      +12234   +368         938    +18    4  19   92   -4  130   -5  130   -5   3  0  0 L3B C2
C29 FF 60302 195000  780 527 2905    -2188664    -49         819     +2    4  19  102   -4  120  +13  120   13   3  0  0 L3B E9
C30 FF 60302 195000  780 501 1865     +114764    -28         543    -43    4  19  105  +12  286  +11  286   11   4  0  0 L3B F4
C32 FF 60302 195000  780 536  445    +5460702    +30         553    -10    4  19  100   +8  281  -14  281  -14   3  0  0 L3B E4
C38 FF 60302 195000  780 706  156    -1260762    -36         869    -12    3  19   86   +0  128  +12  128   12   2  0  0 L3B DE
C19 FF 60302 200600  780 191 2512    +9473847    -11         594    +45   12  20  246  -61  227  -10  227  -10   8  0  0 L3B 2A
C20 FF 60302 200600  780 660 2780      +12585   +353         950     +2    3  20   89   -3  124   +3  124    3   3  0  0 L3B 8A
C29 FF 60302 200600  780 549 2796    -2188704    -45         831     +6    4  20   99   -2  126   +5  126    5   3  0  0 L3B C6
C30 FF 60302 200600  780 429 1851     +114742    -24         511    -38    4  20  119  +17  288   +2  288    2   3  0  0 L3B CD
C32 FF 60302 200600  780 478  484    +5460708    +27         526    -12    7  20  109  +10  285  -17  285  -17   4  0  0 L3B 0F
C38 FF 60302 200600  780 712  224    -1260791    -24         862     +0    3  20   85   +0  135   +5  135    5   2  0  0 L3B 8A
C39 FF 60302 200600  780 311 1717      +63356    +55         832    +55   50  20  156  -17   79  -33   79  -33  48  0  0 L3B 06
C19 FF 60302 202200  780 238 2564    +9473837     -9         636    +47   14  20  200  -38  220  -22  220  -22   9  0  0 L3B 1B
C20 FF 60302 202200  780 694 2944      +12925   +364         953    +13    4  20   86   -2  124   -7  124   -7   3  0  0 L3B BA
C23 FF 60302 202200  780 125  731    +7990972    -50         807     +4   21  20  367  -58    5  +20    5   20  19  0  0 L3B C0
C29 FF 60302 202200  780 554 2674    -2188744    -47         840     +4    4  20   98   +1  128   +1  128    1   4  0  0 L3B B8
C30 FF 60302 202200  780 358 1841     +114719    -21         474    -35    9  20  138  +24  287   +0  287    0   6  0  0 L3B D2
C32 FF 60302 202200  780 422  525    +5460708     +7         489    -32    7  20  120  +13  285  -11  285  -11   6  0  0 L3B E8
C35 FF 60302 202200  780 138 3206    -4731215   +158         399    +73   23  20  336 -118  216  -12  216  -12  19  0  0 L3B 5C
C38 FF 60302 202200  780 719  298    -1260812    -22         864     +2    3  20   85   +0  135   -3  135   -3   2  0  0 L3B A1
C39 FF 60302 202200  780 348 1734      +63379    +15         855    +15   46  20  141  -14   77   +4   77    4  46  0  0 L3B D2
C19 FF 60302 203800  780 284 2620    +9473808     +6         661    +61    9  20  170  -26  218  -35  218  -35   7  0  0 L3B 1A
C20 FF 60302 203800  780 715 3143      +13267   +356         959     +5    2  20   85   -1  119   -8  119   -8   2  0  0 L3B B0
C23 FF 60302 203800  780 141  670    +7990930    -42         817    +13   21  20  327  -29   11   -2   11   -2  19  0  0 L3B D6
C29 FF 60302 203800  780 539 2553    -2188797    -65         836    -14    4  20  100   +3  129   +9  129    9   3  0  0 L3B F1
C30 FF 60302 203800  780 289 1832     +114674    -43         415    -57    9  20  167  +37  302  +15  302   15   7  0  0 L3B FA
C32 FF 60302 203800  780 369  568    +5460720    +14         463    -25    6  20  134  +17  280   -8  280   -8   5  0  0 L3B EB
C35 FF 60302 203800  780 185 3175    -4731078   +113         454    +28   20  20  253  -61  208  +18  208   18  15  0  0 L3B 43
C38 FF 60302 203800  780 727  379    -1260833    -14         866     +9    3  20   85   +0  134   -3  134   -3   2  0  0 L3B B2
C39 FF 60302 203800  780 386 1754      +63414    +31         890    +31   55  20  130  -11   68   +0   68    0  53  0  0 L3B BF
C19 FF 60302 205400  780 330 2680    +9473784    -53         690     +3    6  20  148  -19  209  +17  209   17   5  0  0 L3B 0E
C20 FF 60302 205400  780 720 3361      +13599   +346         955     -5    3  20   85   +0  117   +0  117    0   2  0  0 L3B 8C
C23 FF 60302 205400  780 149  608    +7990882    +13         821    +68   16  20  309   -8   14  -53   14  -53  15  0  0 L3B 03
C29 FF 60302 205400  780 508 2447    -2188861    -73         820    -22    4  20  104   +6  134   +6  134    6   3  0  0 L3B D5
C30 FF 60302 205400  780 222 1824     +114637    -26         365    -40    8  20  213  +61  312   +1  312    1   6  0  0 L3B B3
C32 FF 60302 205400  780 319  613    +5460722    +20         428    -19    9  20  153  +22  281  -11  281  -11   7  0  0 L3B F6
C35 FF 60302 205400  780 227 3135    -4730972   +124         478    +39   12  20  208  -35  216   -3  216   -3   9  0  0 L3B 1C
C38 FF 60302 205400  780 735  468    -1260855    -19         867     +5    3  20   84   +0  136   -1  136   -1   2  0  0 L3B B3
C39 FF 60302 205400  780 423 1777      +63441    +67         917    +67   43  20  120   -9   67  -37   67  -37  42  0  0 L3B FE
C19 FF 60302 211000  780 375 2743    +9473756    -10         730    +47    7  21  133  -14  204  -19  204  -19   5  0  0 L3B 1B
C20 FF 60302 211000  780 710 3572      +13935   +342         942    -10    3  21   85   +1  117   +7  117    7   2  0  0 L3B 96
C23 FF 60302 211000  780 149  547    +7990808    -67         794    -13   12  21  310  +10   33  +22   33   22  13  0  0 L3B ED
C29 FF 60302 211000  780 464 2360    -2188928    -87         787    -38    6  21  112   +9  137  +18  137   18   4  0  0 L3B 17
C30 FF 60302 211000  780 158 1814     +114601    -31         311    -45   14  21  293 +114  311   -4  311   -4   9  0  0 L3B DD
C32 FF 60302 211000  780 270  659    +5460722    +22         378    -18   13  21  177  +30  287  -17  287  -17  11  0  0 L3B 2E
C35 FF 60302 211000  780 263 3084    -4730855   +105         531    +21   14  21  182  -21  216   +1  216    1  11  0  0 L3B F9
C37 FF 60302 211000  780 232 1082    +9315854     +5         203     +9   13  21  205  -35  363   +6  363    6  13  0  0 L3B D7
C38 FF 60302 211000  780 743  569    -1260874    -24         865     -1    2  21   84   +0  132   +0  132    0   1  0  0 L3B 8C
C39 FF 60302 211000  780 460 1803      +63473    +71         928    +68   38  21  112   -7   62  -46   62  -46  39  0  0 L3B F1
C19 FF 60302 212600  780 420 2810    +9473725    -26         754    +31    6  21  121  -11  201   -9  201   -9   6  0  0 L3B E8
C20 FF 60302 212600  780 687  154      +14260   +333         931    -19    2  21   87   +2  119   +5  119    5   2  0  0 L3B 94
C23 FF 60302 212600  780 139  488    +7990754    +12         792    +66   20  21  330  +32   26  -43   26  -43  19  0  0 L3B 13
C29 FF 60302 212600  780 412 2290    -2189008    -88         754    -39    6  21  123  +14  145   +7  145    7   5  0  0 L3B F4
C32 FF 60302 212600  780 223  706    +5460734    +79         351    +38   11  21  211  +42  279  -64  279  -64  10  0  0 L3B 2D
C35 FF 60302 212600  780 291 3023    -4730740   +104         565    +20   14  21  166  -12  213  +21  213   21  11  0  0 L3B 18
C37 FF 60302 212600  780 270 1021    +9315879    +70         231    +74   15  21  178  -22  355  -45  355  -45  11  0  0 L3B 41
C38 FF 60302 212600  780 749  681    -1260902    -15         860     +8    3  21   84   +0  138   -4  138   -4   2  0  0 L3B B1
C39 FF 60302 212600  780 496 1834      +63496    +32         948    +29   53  21  106   -6   58  -12   58  -12  54  0  0 L3B FE
C19 FF 60302 214200  780 464 2881    +9473692    -28         775    +29    5  21  112   -8  198   -6  198   -6   4  0  0 L3B 10
C20 FF 60302 214200  780 656  306      +14580   +323         913    -28    3  21   89   +2  122   +7  122    7   3  0  0 L3B 8D
C29 FF 60302 214200  780 355 2235    -2189094   -136         716    -86    8  21  139  +20  151  +46  151   46   6  0  0 L3B 2D
C32 FF 60302 214200  780 178  753    +5460698    -36         276    -77   15  21  261  +64  318  +25  318   25  12  0  0 L3B 33
C35 FF 60302 214200  780 308 2954    -4730634   +150         590    +65    9  21  157   -6  212  -37  212  -37   8  0  0 L3B 23
C37 FF 60302 214200  780 302  953    +9315891     +1         247     +5    9  21  160  -14  357   +3  357    3   8  0  0 L3B B7
C38 FF 60302 214200  780 752  805    -1260919    -35         865    -12    3  21   84   +0  133   +9  133    9   2  0  0 L3B B4
C39 FF 60302 214200  780 531 1868      +63492    +23         940    +20    6  21  101   -5   79   -5   79   -5   4  0  0 L3B A1
C19 FF 60302 215800  780 508 2958    +9473668    -34         807    +24    5  21  104   -7  183   -7  183   -7   4  0  0 L3B 08
C20 FF 60302 215800  780 620  432      +14903   +339         898    -13    3  21   91   +3  122   -3  122   -3   2  0  0 L3B 97
C29 FF 60302 215800  780 296 2189    -2189186   -106         671    -57   10  21  163  +30  162  +19  162   19   7  0  0 L3B 49
C32 FF 60302 215800  780 135  802    +5460703    -38         241    -79   21  21  341 +107  328  +54  328   54  16  0  0 L3B 31
C35 FF 60302 215800  780 315 2880    -4730558   +140         585    +56   13  21  154   +0  228  -36  228  -36   9  0  0 L3B 3B
C37 FF 60302 215800  780 326  879    +9315909    -31         269    -27   12  21  150   -8  348  +31  348   31  10  0  0 L3B 21
C38 FF 60302 215800  780 750  937    -1260945    -42         861    -19    3  21   84   +0  136  +15  136   15   2  0  0 L3B DF
C39 FF 60302 215800  780 566 1908      +63509    +42         954    +39   15  21   97   -4   79  -26   79  -26  15  0  0 L3B FF
C46 FF 60302 215800  780 222 1492    +1102093   +113        1133    +83   15  21  213  -55 -146  -36 -146  -36  12  0  0 L3B 68
C19 FF 60302 221400  780 551 3042    +9473626    -30         793    +23    5  22   99   -5  185  -11  185  -11   4  0  0 L3B FF
C20 FF 60302 221400  780 581  539      +15221   +332         889    -18    5  22   95   +4  121   -1  121   -1   4  0  0 L3B 9A
C29 FF 60302 221400  780 237 2150    -2189261   -159         662   -107    8  22  199  +47  154  +57  154   57   8  0  0 L3B 4F
C35 FF 60302 221400  780 309 2804    -4730465    +88         575     +2   11  22  157   +5  222   -4  222   -4   8  0  0 L3B E1
C37 FF 60302 221400  780 339  801    +9315907     -6         295     +0    7  22  145   -3  353   -2  353   -2   6  0  0 L3B AF
C38 FF 60302 221400  780 744 1069    -1260970    -18         860     +5    4  22   84   +0  138   -2  138   -2   3  0  0 L3B BF
C39 FF 60302 221400  780 599 1954      +63534    -15         979    -18   42  22   93   -3   65  +33   65   33  41  0  0 L3B E3
C46 FF 60302 221400  780 282 1456    +1102166    +58        1181    +28   10  22  171  -35 -151  +16 -151   16   8  0  0 L3B 39
C19 FF 60302 223000  780 593 3135    +9473589    -33         808    +21    4  22   94   -4  182  -10  182  -10   3  0  0 L3B FC
C20 FF 60302 223000  780 541  634      +15535   +328         867    -22    6  22  100   +5  126   +3  126    3   4  0  0 L3B 98
C29 FF 60302 223000  780 180 2115    -2189378    -84         594    -32   24  22  259  +81  187  -12  187  -12  21  0  0 L3B 4F
C35 FF 60302 223000  780 293 2730    -4730391   +106         567    +19    9  22  165  +11  227  -15  227  -15   7  0  0 L3B 2D
C37 FF 60302 223000  780 341  722    +9315899     +1         293     +8   13  22  144   +2  358  -11  358  -11  11  0  0 L3B F0
C38 FF 60302 223000  780 732 1194    -1260997    -19         856     +4    5  22   84   +1  142   -4  142   -4   4  0  0 L3B C4
C39 FF 60302 223000  780 631 2008      +63544    +11         985     +8    4  22   91   -3   70   +3   70    3   2  0  0 L3B 5B
C44 FF 60302 223000  780 119 3177    -3329386    -98         306    +18   16  22  383  -72  281   +5  281    5  16  0  0 L3B 21
C46 FF 60302 223000  780 341 1415    +1102240    +53        1226    +23    8  22  144  -23 -157   +7 -157    7   7  0  0 L3B FC
C19 FF 60302 224600  780 634 3243    +9473547    -60         818     -6    4  22   90   -3  180  +11  180   11   3  0  0 L3B D9
C20 FF 60302 224600  780 498  720      +15850   +349         845     -1    4  22  106   +7  131  -11  131  -11   3  0  0 L3B BC
C22 FF 60302 224600  780 165 2868    +1738405   -121         835    +28   17  22  282  -76   56  +14   56   14  12  0  0 L3B 2D
C35 FF 60302 224600  780 267 2660    -4730319    +93         556     +6    9  22  179  +19  231   -2  231   -2   8  0  0 L3B F2
C37 FF 60302 224600  780 330  647    +9315884    -26         285    -19    6  22  148   +7  365  +17  365   17   6  0  0 L3B 0B
C38 FF 60302 224600  780 715 1306    -1261018    -46         858    -23    3  22   85   +1  143  +22  143   22   2  0  0 L3B DD
C39 FF 60302 224600  780 660 2070      +63551    +16         989    +13    2  22   88   -2   74   +0   74    0   2  0  0 L3B 7B
C44 FF 60302 224600  780 137 3122    -3329488    -95         316    +21   24  22  334  -34  290   +8  290    8  17  0  0 L3B 19
C46 FF 60302 224600  780 400 1365    +1102298    +76        1255    +46    7  22  126  -16 -153  -10 -153  -10   6  0  0 L3B 37
C19 FF 60302 230200  780 673 3371    +9473503    -46         839    +10    3  23   88   -2  183   +7  183    7   2  0  0 L3B D4
C20 FF 60302 230200  780 455  797      +16162   +318         816    -33    3  23  113   +9  144  +18  144   18   2  0  0 L3B CE
C22 FF 60302 230200  780 211 2914    +1738281   -167         819    -23   14  23  224  -48   55  +28   55   28  10  0  0 L3B 20
C35 FF 60302 230200  780 233 2595    -4730255    +60         532    -27    7  23  203  +31  238  +18  238   18   4  0  0 L3B 09
C36 FF 60302 230200  780 175 1784     +796637    -82           1    +71   10  23  269  -96  589  -14  589  -14   8  0  0 L3B 22
C37 FF 60302 230200  780 309  578    +9315876    -28         257    -25    8  23  157  +13  362  +15  362   15   8  0  0 L3B 14
C38 FF 60302 230200  780 693 1404    -1261045    -22         857     +2    4  23   86   +1  151   -2  151   -2   3  0  0 L3B AB
C39 FF 60302 230200  780 687 2143      +63562    +10         983     +6    4  23   87   -2   74   +0   74    0   2  0  0 L3B 68
C44 FF 60302 230200  780 147 3063    -3329573    -87         358    +29   23  23  314  -11  282  -29  282  -29  19  0  0 L3B 53
C46 FF 60302 230200  780 456 1302    +1102361    +59        1297    +30    7  23  113  -11 -150   +3 -150    3   6  0  0 L3B F0
C19 FF 60302 231800  780 706 3532    +9473455    -47         844     +8    4  23   86   -2  193   +8  193    8   3  0  0 L3B D5
C20 FF 60302 231800  780 410  869      +16472   +307         789    -44    7  23  123  +11  167  +36  167   36   6  0  0 L3B F5
C22 FF 60302 231800  780 258 2959    +1738190   -120         865    +23    7  23  185  -33   35   +9   35    9   7  0  0 L3B F0
C35 FF 60302 231800  780 194 2537    -4730211    +25         493    -62   13  23  241  +50  259  +46  259   46  11  0  0 L3B 36
C36 FF 60302 231800  780 239 1773     +796548    -89          59    +64    9  23  200  -53  585  -20  585  -20   7  0  0 L3B 22
C37 FF 60302 231800  780 277  520    +9315851    -35         235    -32   11  23  173  +21  383  +18  383   18  10  0  0 L3B 1F
C38 FF 60302 231800  780 667 1488    -1261077    -32         848     -8    3  23   88   +2  163  +12  163   12   2  0  0 L3B E7
C39 FF 60302 231800  780 711 2229      +63568     +1         984     -3    3  23   85   -1   81  +12   81   12   2  0  0 L3B 7C
C46 FF 60302 231800  780 505 1223    +1102421    +56        1329    +27    6  23  105   -7 -149   +9 -149    9   4  0  0 L3B FF
C19 FF 60302 233400  780 730  134    +9473405    -52         848     +4    4  23   85   -1  205  +14  205   14   3  0  0 L3B BE
C20 FF 60302 233400  780 365  936      +16775   +338         756    -13    9  23  136  +15  198  +12  198   12   7  0  0 L3B FE
C22 FF 60302 233400  780 308 3003    +1738073    -92         887    +52    8  23  158  -24   49   -9   49   -9   6  0  0 L3B EE
C35 FF 60302 233400  780 152 2483    -4730162    +74         458    -13   14  23  304  +85  285  +19  285   19  13  0  0 L3B 3D
C36 FF 60302 233400  780 306 1764     +796444    -84         103    +70    7  23  159  -33  587  -16  587  -16   6  0  0 L3B 2A
C37 FF 60302 233400  780 238  472    +9315818    -65         205    -62   13  23  199  +34  413  +60  413   60  12  0  0 L3B 24
C38 FF 60302 233400  780 638 1559    -1261107    -46         841    -22    4  23   90   +2  177  +24  177   24   3  0  0 L3B F1
C39 FF 60302 233400  780 731 2330      +63578     +8         990     +3    3  23   84   -1   87   +9   87    9   2  0  0 L3B 6F
C44 FF 60302 233400  780 139 2940    -3329803   -136         350    -20   23  23  330  +29  298  +13  298   13  21  0  0 L3B 43
C46 FF 60302 233400  780 544 1122    +1102466    +34        1346     +5    4  23   99   -4 -141  +20 -141   20   3  0  0 L3B E6
