CGGTTS     GENERIC DATA FORMAT VERSION = 2E
REV DATE = 2023-12-15                    
RCVR = TRIMBLE NETR9 5049K72188      R2CGGTTS v8.6    
CH = 12 
IMS = TRIMBLE NETR9 5049K72188      
LAB = CEPNT                         
X = -2154293.56 m 
Y = +4373452.74 m 
Z = +4098891.74 m 
FRAME = ITRF
COMMENTS = NO TGD applied: USE ONLY in COMMON VIEW
TOT DLY =    0.0 ns (BDS B1C),    0.0 ns (BDS B2a)
REF = ITRF10                        
CKSUM = B1

SAT CL  MJD  STTIME TRKL ELV AZTH   REFSV      SRSV     REFSYS    SRSYS  DSG IOE MDTR SMDT MDIO SMDI MSIO SMSI ISG FR HC FRC CK
             hhmmss  s  .1dg .1dg    .1ns     .1ps/s     .1ns    .1ps/s .1ns     .1ns.1ps/s.1ns.1ps/s.1ns.1ps/s.1ns
C21 FF 60302 001000  780 489 3121    +9663938     +9         870    +24    5   0  107  -10  121  +22  121   22   4  0  0 L3B CF
C22 FF 60302 001000  780 673  773    +1750503   -166        1023    -19    3   0   88   +2   43  +27   43   27   3  0  0 L3B B5
C34 FF 60302 001000  780 103 2764    -3314653   -117         343    -36   30   0  440 +125  241  +53  241   53  27  0  0 L3B 25
C36 FF 60302 001000  780 503  714     +809323   -184         132    -34    4   0  105   +4  513  +36  513   36   4  0  0 L3B BC
C39 FF 60302 001000  780 757 2569      +63364     -9         976     -8    4   0   83   +0   74  +21   74   21   3  0  0 L3B 76
C45 FF 60302 001000  780 492 1673     +575162    +79        1243    +47    5   0  107  -12 -104   -4 -104   -4   4  0  0 L3B EB
C46 FF 60302 001000  780 106  387    +1099547    -30         962    -60   20   0  429 +200  -18  +73  -18   73  15  0  0 L3B 0F
C21 FF 60302 002600  780 548 3163    +9663960    +27         906    +41    3   0   99   -8  127   +0  127    0   2  0  0 L3B B3
C22 FF 60302 002600  780 633  914    +1750354   -151        1014     -4    3   0   90   +4   55  +11   55   11   2  0  0 L3B 8F
C26 FF 60302 002600  780 110 2025    +2245677   +146         372    +92   30   0  419 -229  467  -71  467  -71  24  0  0 L3B 56
C36 FF 60302 002600  780 471  629     +809157   -179         111    -28    4   0  110   +7  526  +18  526   18   3  0  0 L3B DB
C39 FF 60302 002600  780 763 2701      +63368     +9         980    +10    2   0   83   +0   82   -3   82   -3   2  0  0 L3B 5C
C45 FF 60302 002600  780 563 1639     +575221    +46        1272    +14    3   0   97   -8  -99  +16  -99   16   3  0  0 L3B E0
C21 FF 60302 004200  780 609 3203    +9663970    +14         930    +28    4   0   93   -6  135   +4  135    4   3  0  0 L3B A9
C22 FF 60302 004200  780 585 1026    +1750189   -180         990    -33    5   0   95   +5   80  +28   80   28   3  0  0 L3B C9
C26 FF 60302 004200  780 172 2037    +2245782    +71         425    +17   11   0  273  -99  432  -16  432  -16   7  0  0 L3B 16
C36 FF 60302 004200  780 428  563     +808980   -175          78    -24    6   0  119  +11  546  +15  546   15   5  0  0 L3B E5
C39 FF 60302 004200  780 764 2831      +63368     +2         981     +2    4   0   83   +0   91   +7   91    7   3  0  0 L3B 46
C42 FF 60302 004200  780 119 3044    +4761898    +22        -303    +86   17   0  388 -164  739  +20  739   20  14  0  0 L3B 4A
C45 FF 60302 004200  780 632 1583     +575277    +47        1298    +16    4   0   91   -6 -100   +7 -100    7   3  0  0 L3B C6
C21 FF 60302 005800  780 672 3242    +9663974    +10         948    +25    2   0   88   -4  146   +6  146    6   2  0  0 L3B C0
C22 FF 60302 005800  780 533 1117    +1750024   -164         967    -17    5   0  101   +7  101  +18  101   18   4  0  0 L3B DF
C26 FF 60302 005800  780 235 2053    +2245907   +117         499    +63   11   0  203  -54  369  -56  369  -56   8  0  0 L3B 42
C36 FF 60302 005800  780 378  517     +808795   -173          38    -23    6   0  132  +16  582  +15  582   15   5  0  0 L3B EC
C39 FF 60302 005800  780 762 2954      +63367     +5         980     +5    2   0   83   +0  102   +6  102    6   1  0  0 L3B 61
C42 FF 60302 005800  780 171 3072    +4761872    +82        -267   +147   23   0  274  -85  767  -52  767  -52  16  0  0 L3B 6B
C45 FF 60302 005800  780 695 1483     +575327    +63        1317    +32    3   0   86   -3  -99  -12  -99  -12   2  0  0 L3B ED
C21 FF 60302 011400  780 738 3280    +9663976     +1         947    +14    3   1   84   -3  155  +10  155   10   3  0  0 L3B C1
C22 FF 60302 011400  780 478 1192    +1749861   -152         938     -6    4   1  109  +10  126  +16  126   16   3  0  0 L3B F8
C26 FF 60302 011400  780 300 2074    +2246003   +105         547    +52    8   1  162  -33  348  -30  348  -30   5  0  0 L3B FF
C36 FF 60302 011400  780 324  487     +808614   -204           3    -53    7   1  150  +23  616  +55  616   55   6  0  0 L3B C3
C39 FF 60302 011400  780 757 3065      +63365    +16         953    +14    3   1   83   +0  113   -7  113   -7   2  0  0 L3B 90
C42 FF 60302 011400  780 225 3096    +4761879     -8        -247    +50   19   1  211  -51  764   +8  764    8  12  0  0 L3B 07
C45 FF 60302 011400  780 743 1301     +575363    +36        1321     +4    3   1   84   -2  -90  +10  -90   10   3  0  0 L3B 99
C21 FF 60302 013000  780 807 3320    +9663972     -1         956    +11    2   1   82   -2  169   +9  169    9   2  0  0 L3B A7
C22 FF 60302 013000  780 420 1255    +1749687   -197         905    -51    5   1  121  +14  165  +59  165   59   4  0  0 L3B 16
C26 FF 60302 013000  780 366 2101    +2246098   +105         591    +51    7   1  136  -22  338  -14  338  -14   6  0  0 L3B 0D
C36 FF 60302 013000  780 268  470     +808425   -205         -41    -54    9   1  178  +35  667  +62  667   62   7  0  0 L3B F9
C39 FF 60302 013000  780 751 3166      +63360     -7         946     -9    4   1   84   +0  129  +13  129   13   3  0  0 L3B 8B
C42 FF 60302 013000  780 281 3114    +4761862    -21        -209    +36   10   1  171  -33  769   +1  769    1   8  0  0 L3B F0
C45 FF 60302 013000  780 760 1023     +575395    +15        1322    -17    3   1   83   +0  -80  +24  -80   24   3  0  0 L3B B3
C21 FF 60302 014600  780 878 3403    +9663964    -20         960     -7    2   1   81   +0  181  +21  181   21   2  0  0 L3B BF
C22 FF 60302 014600  780 361 1309    +1749516   -173         874    -27    8   1  137  +20  213  +61  213   61   6  0  0 L3B 09
C26 FF 60302 014600  780 433 2133    +2246192    +86         634    +32    6   1  118  -15  329   -4  329   -4   6  0  0 L3B E3
C36 FF 60302 014600  780 212  464     +808234   -215         -87    -64   13   1  222  +57  728  +71  728   71   9  0  0 L3B 05
C39 FF 60302 014600  780 744 3255      +63359     -2         942     -5    3   1   84   +0  137   +9  137    9   3  0  0 L3B 75
C42 FF 60302 014600  780 340 3125    +4761852    -39        -164    +18    7   1  145  -23  761  +19  761   19   6  0  0 L3B 13
C45 FF 60302 014600  780 737  764     +575415    +20        1311    -12    4   1   84   +2  -69   +9  -69    9   3  0  0 L3B 9F
C21 FF 60302 020200  780 849 1533    +9663947    -11         959     +3    2   2   81   +1  191  +10  191   10   2  0  0 L3B BB
C22 FF 60302 020200  780 301 1355    +1749329   -214         825    -68   15   2  160  +30  284  +89  284   89  12  0  0 L3B 39
C26 FF 60302 020200  780 500 2173    +2246282    +81         656    +26    4   2  106  -11  319  -10  319  -10   4  0  0 L3B EB
C36 FF 60302 020200  780 156  466     +808043   -110        -114    +44   28   2  296 +102  777  -16  777  -16  17  0  0 L3B 3F
C39 FF 60302 020200  780 738 3337      +63357    +18         936    +15    3   2   84   +0  146   -8  146   -8   3  0  0 L3B A5
C42 FF 60302 020200  780 400 3127    +4761837    -19        -113    +39    4   2  126  -17  756   -5  756   -5   4  0  0 L3B F4
C45 FF 60302 020200  780 688  611     +575424     -3        1293    -34    4   2   87   +3  -55  +22  -55   22   3  0  0 L3B A5
C21 FF 60302 021800  780 775 1577    +9663930    -19         955     -6    2   2   83   +2  203  +12  203   12   1  0  0 L3B C3
C22 FF 60302 021800  780 241 1394    +1749144   -199         780    -53    9   2  196  +47  367 +107  367  107   7  0  0 L3B 51
C26 FF 60302 021800  780 567 2224    +2246367    +80         688    +25    5   2   97   -8  307   -2  307   -2   4  0  0 L3B CF
C36 FF 60302 021800  780 102  475     +807834   -342        -176   -189   21   2  444 +227  817 +120  817  120  16  0  0 L3B 69
C39 FF 60302 021800  780 733 3412      +63357     -4         933     -7    4   2   84   +0  157   +9  157    9   3  0  0 L3B 76
C42 FF 60302 021800  780 461 3116    +4761806    -21         -88    +38    7   2  112  -12  765   +0  765    0   6  0  0 L3B D1
C45 FF 60302 021800  780 629  535     +575431    +27        1270     -4    4   2   91   +5  -44   -2  -44   -2   2  0  0 L3B 89
C21 FF 60302 023400  780 701 1606    +9663901    -45         940    -31    4   2   86   +4  221  +30  221   30   3  0  0 L3B BD
C22 FF 60302 023400  780 182 1427    +1748948   -210         724    -64   14   2  257  +83  474 +136  474  136  11  0  0 L3B 62
C24 FF 60302 023400  780 136 2283    -7218104   -287         601    +77   19   2  340 -136  507  -65  507  -65  14  0  0 L3B 5B
C26 FF 60302 023400  780 633 2289    +2246443    +69         712    +14    4   2   91   -5  302   -5  302   -5   3  0  0 L3B B7
C39 FF 60302 023400  780 729 3482      +63356     -1         929     -4    4   2   85   +0  167  +16  167   16   2  0  0 L3B 9C
C42 FF 60302 023400  780 521 3089    +4761791    -23         -46    +35    2   2  102   -9  754   -7  754   -7   2  0  0 L3B D6
C45 FF 60302 023400  780 566  502     +575428    -15        1237    -46    5   2   97   +7  -30  +15  -30   15   4  0  0 L3B B9
C21 FF 60302 025000  780 626 1629    +9663860    -42         911    -29    3   2   91   +6  244  +21  244   21   2  0  0 L3B D2
C24 FF 60302 025000  780 191 2320    -7218401   -306         654    +58   13   2  246  -70  456  -67  456  -67  10  0  0 L3B 43
C26 FF 60302 025000  780 696 2381    +2246513    +69         729    +14    3   2   86   -4  296   -4  296   -4   3  0  0 L3B D5
C39 FF 60302 025000  780 726 3550      +63355     -9         926    -12    5   2   85   +0  172   +6  172    6   3  0  0 L3B 7E
C42 FF 60302 025000  780 579 3036    +4761759    -43         -22    +16    3   2   96   -6  749   -5  749   -5   2  0  0 L3B D6
C45 FF 60302 025000  780 503  492     +575429    +10        1207    -22    9   2  105  +10  -16   +1  -16    1   6  0  0 L3B 9B
C21 FF 60302 030600  780 551 1649    +9663819    -48         908    -32    4   3   98   +9  259  +17  259   17   3  0  0 L3B 00
C24 FF 60302 030600  780 246 2362    -7218702   -353         706    +11    7   3  194  -42  400  -46  400  -46   5  0  0 L3B 12
C26 FF 60302 030600  780 754 2527    +2246574    +72         738    +17    3   3   84   -2  285  -17  285  -17   1  0  0 L3B F7
C39 FF 60302 030600  780 725   17      +63358     +3         937     +2    4   3   85   +0  167   -8  167   -8   4  0  0 L3B 60
C42 FF 60302 030600  780 630 2945    +4761725    -25           7    +35    2   3   91   -4  741   -5  741   -5   2  0  0 L3B 9D
C45 FF 60302 030600  780 442  497     +575417    -33        1171    -64    6   3  116  +13    0  +27    0   27   5  0  0 L3B 98
C21 FF 60302 032200  780 477 1667    +9663774    -62         879    -46    4   3  109  +13  279  +37  279   37   3  0  0 L3B 29
C24 FF 60302 032200  780 300 2409    -7219002   -315         755    +49   10   3  162  -27  345  -56  345  -56   9  0  0 L3B 2E
C26 FF 60302 032200  780 799 2792    +2246630    +56         742     +1    3   3   82   -1  281  -13  281  -13   3  0  0 L3B D0
C39 FF 60302 032200  780 726   84      +63359     +5         937     +3    4   3   85   +0  165  -16  165  -16   2  0  0 L3B 7F
C42 FF 60302 032200  780 666 2805    +4761681    -47          20    +12    3   3   88   -2  735   -4  735   -4   2  0  0 L3B B3
C45 FF 60302 032200  780 382  511     +575398     +3        1122    -27    8   3  130  +17   19   +3   19    3   5  0  0 L3B 84
C21 FF 60302 033800  780 404 1681    +9663710    -71         831    -54    6   3  124  +19  317  +45  317   45   4  0  0 L3B 01
C24 FF 60302 033800  780 353 2461    -7219328   -330         779    +35    7   3  140  -19  310  -37  310  -37   4  0  0 L3B 20
C26 FF 60302 033800  780 812 3220    +2246680    +57         738     +2    3   3   82   +0  273  -17  273  -17   2  0  0 L3B CE
C39 FF 60302 033800  780 728  152      +63356    +14         933    +12    3   3   85   +0  163  -16  163  -16   2  0  0 L3B A8
C42 FF 60302 033800  780 678 2623    +4761628    -59          24     +0    3   3   87   +0  739   -6  739   -6   3  0  0 L3B B8
C45 FF 60302 033800  780 325  533     +575388    -22        1082    -53    8   3  150  +24   34  +26   34   26   9  0  0 L3B CA
C21 FF 60302 035400  780 333 1692    +9663650    -53         786    -37    6   3  147  +28  365  +54  365   54   5  0  0 L3B 1B
C24 FF 60302 035400  780 405 2520    -7219647   -299         810    +65    5   3  124  -14  271  -56  271  -56   4  0  0 L3B 28
C26 FF 60302 035400  780 784 3580    +2246723    +55         729     +0    2   3   83   +1  270   -5  270   -5   2  0  0 L3B AC
C39 FF 60302 035400  780 731  224      +63356     +0         930     -2    3   3   84   +0  165   +4  165    4   3  0  0 L3B 48
C42 FF 60302 035400  780 662 2439    +4761566    -74          19    -14    3   3   88   +2  742  +18  742   18   3  0  0 L3B DB
C45 FF 60302 035400  780 270  559     +575366    -40        1031    -71    8   3  177  +33   74  +73   74   73   7  0  0 L3B D8
C21 FF 60302 041000  780 264 1700    +9663568    -73         692    -59    9   4  181  +44  461 +100  461  100   6  0  0 L3B 22
C24 FF 60302 041000  780 456 2585    -7219962   -331         843    +33    5   4  113  -10  238  -40  238  -40   4  0  0 L3B 19
C26 FF 60302 041000  780 737  183    +2246765    +42         727    -12    4   4   84   +2  269   -1  269   -1   3  0  0 L3B B2
C29 FF 60302 041000  780 101  629    -2186188    -30         421    +21   31   4  445  -61  425  +46  425   46  31  0  0 L3B 03
C39 FF 60302 041000  780 735  300      +63360     -6         930     -8    4   4   84   +0  163  +13  163   13   2  0  0 L3B 66
C42 FF 60302 041000  780 622 2295    +4761488    -72          -9    -14    3   4   91   +4  753  +12  753   12   2  0  0 L3B C1
C45 FF 60302 041000  780 218  590     +575365    +61         998    +30   13   4  216  +49  106   -4  106   -4   9  0  0 L3B D7
C21 FF 60302 042600  780 197 1705    +9663505    -68         642    -54   19   4  238  +77  569 +147  569  147  12  0  0 L3B 73
C24 FF 60302 042600  780 505 2659    -7220290   -335         865    +30    5   4  105   -8  204  -13  204  -13   4  0  0 L3B FE
C26 FF 60302 042600  780 685  309    +2246802    +40         713    -14    3   4   87   +3  261  -11  261  -11   3  0  0 L3B C3
C29 FF 60302 042600  780 112  569    -2186236    -25         422    +26   34   4  406  -22  445  -58  445  -58  32  0  0 L3B 2A
C39 FF 60302 042600  780 741  382      +63369     +0         937     -2    4   4   84   +0  152  -17  152  -17   3  0  0 L3B 8A
C42 FF 60302 042600  780 567 2195    +4761418    -69         -23    -11    4   4   97   +7  757   -9  757   -9   4  0  0 L3B E6
C45 FF 60302 042600  780 168  624     +575357     +1         960    -30   12   4  277  +79  126   -3  126   -3   9  0  0 L3B CD
C24 FF 60302 044200  780 552 2744    -7220617   -356         887     +8    4   4   98   -6  184   -2  184   -2   4  0  0 L3B DA
C26 FF 60302 044200  780 632  401    +2246828    +14         686    -40    4   4   90   +4  267  +17  267   17   3  0  0 L3B C8
C29 FF 60302 044200  780 114  509    -2186261   -161         446   -110   42   4  400   +8  382  +85  382   85  35  0  0 L3B 24
C39 FF 60302 044200  780 746  472      +63373     +4         940     +2    3   4   84   +0  150   -6  150   -6   2  0  0 L3B 5A
C42 FF 60302 044200  780 504 2127    +4761326   -108         -59    -50    4   4  105  +10  775  +29  775   29   3  0  0 L3B 0E
C45 FF 60302 044200  780 120  661     +575345    +10         919    -21   14   4  381 +146  134   -8  134   -8  12  0  0 L3B EC
C24 FF 60302 045800  780 596 2841    -7220954   -336         901    +28    3   4   94   -4  172  -14  172  -14   2  0  0 L3B 05
C26 FF 60302 045800  780 580  478    +2246855    +26         661    -28    4   4   95   +6  274  +17  274   17   4  0  0 L3B E5
C29 FF 60302 045800  780 107  451    -2186324    -98         431    -47   37   4  424  +43  407  +46  407   46  34  0  0 L3B 23
C35 FF 60302 045800  780 220 1017    -4736037    +92         365     +4   15   4  215  -36  460  -48  460  -48  12  0  0 L3B 1F
C39 FF 60302 045800  780 751  572      +63376    +10         940     +8    3   4   84   +0  150   +3  150    3   3  0  0 L3B 60
C42 FF 60302 045800  780 438 2079    +4761237    -82         -92    -24    6   4  117  +15  793   +9  793    9   5  0  0 L3B F9
C24 FF 60302 051400  780 637 2956    -7221288   -359         920     +6    4   5   90   -3  160   -2  160   -2   3  0  0 L3B C6
C25 FF 60302 051400  780 128 2657    -2852265    -15         498    +74   18   5  361 -123  555  -93  555  -93  15  0  0 L3B 64
C26 FF 60302 051400  780 529  546    +2246882    +25         642    -29    4   5  101   +7  282  +11  282   11   3  0  0 L3B D3
C35 FF 60302 051400  780 255  954    -4735926    +54         410    -33   15   5  187  -23  408   +9  408    9  14  0  0 L3B FE
C39 FF 60302 051400  780 754  682      +63376     +2         942     +1    4   5   84   +0  157   -3  157   -3   3  0  0 L3B 69
C40 FF 60302 051400  780 416 1792     +491576     +0         676    -15   41   5  122   -9  343  +25  343   25  42  0  0 L3B EA
C42 FF 60302 051400  780 370 2044    +4761141   -110         -95    -47    6   5  134  +21  831  +51  831   51   6  0  0 L3B F9
C24 FF 60302 053000  780 672 3094    -7221628   -363         931     +2    4   5   88   -2  150   +3  150    3   3  0  0 L3B AB
C25 FF 60302 053000  780 172 2706    -2852335    -74         513    +15   28   5  272  -70  514  -65  514  -65  20  0  0 L3B 31
C26 FF 60302 053000  780 480  609    +2246904    +45         612     -8    4   5  109   +9  296  -12  296  -12   4  0  0 L3B DA
C35 FF 60302 053000  780 283  886    -4735818   +110         435    +24    9   5  170  -14  390   -4  390   -4   7  0  0 L3B F1
C39 FF 60302 053000  780 755  801      +63377     +2         941     +0    4   5   84   +0  156   +6  156    6   3  0  0 L3B 55
C40 FF 60302 053000  780 453 1821     +491597    +64         683    +50    4   5  114   -7  345  -36  345  -36   3  0  0 L3B EC
C42 FF 60302 053000  780 304 2016    +4761028   -146        -149    -83    9   5  159  +32  907 +110  907  110   5  0  0 L3B 3B
C44 FF 60302 053000  780 212 1390    -3322286    -71         325    +46   10   5  223  -57  620 -179  620 -179  11  0  0 L3B 4B
C24 FF 60302 054600  780 699 3259    -7221976   -362         933     +3    3   5   86   -1  147   -8  147   -8   2  0  0 L3B E6
C25 FF 60302 054600  780 216 2755    -2852384    -66         551    +23   26   5  219  -44  459  -36  459  -36  18  0  0 L3B 54
C26 FF 60302 054600  780 431  669    +2246924     +6         582    -48    4   5  118  +11  302  +25  302   25   4  0  0 L3B D6
C35 FF 60302 054600  780 302  813    -4735728   +114         443    +27   15   5  160   -7  379  -24  379  -24  13  0  0 L3B 29
C39 FF 60302 054600  780 752  925      +63374     -1         937     -2    5   5   84   +0  159   +7  159    7   5  0  0 L3B 72
C40 FF 60302 054600  780 489 1853     +491632    +17         704     +2    5   5  107   -6  333   +6  333    6   4  0  0 L3B A4
C41 FF 60302 054600  780 193 3152    +8750818    +75        -175    +56   17   5  243  -40  935  -73  935  -73  15  0  0 L3B 5A
C42 FF 60302 054600  780 238 1991    +4760921   -112        -196    -49    7   5  199  +52  997 +108  997  108   6  0  0 L3B 76
C44 FF 60302 054600  780 267 1348    -3322349   -108         374     +8   10   5  180  -36  513   +1  513    1   7  0  0 L3B E9
C24 FF 60302 060200  780 716 3452    -7222320   -358         941     +7    3   6   85   -1  144   +0  144    0   2  0  0 L3B A3
C25 FF 60302 060200  780 261 2805    -2852425    -89         579     -2   19   6  183  -31  405   -9  405   -9  13  0  0 L3B 0B
C26 FF 60302 060200  780 384  727    +2246940     +5         545    -49    9   6  130  +14  317  +28  317   28   6  0  0 L3B E5
C35 FF 60302 060200  780 310  737    -4735641    +88         478     +4   12   6  156   -1  369   -5  369   -5  11  0  0 L3B E4
C39 FF 60302 060200  780 745 1048      +63375    +27         937    +26    3   6   84   +0  162  -28  162  -28   4  0  0 L3B CC
C40 FF 60302 060200  780 524 1890     +491680   +111         740    +97   40   6  102   -5  301  -96  301  -96  39  0  0 L3B 19
C41 FF 60302 060200  780 221 3097    +8750859     +0        -144    -19   22   6  214  -22  896   -5  896   -5  18  0  0 L3B 19
C42 FF 60302 060200  780 175 1968    +4760815   -139        -252    -78   13   6  265  +91 1136 +213 1136  213   9  0  0 L3B 85
C44 FF 60302 060200  780 322 1299    -3322424    -63         412    +54    8   6  152  -24  488  -48  488  -48   7  0  0 L3B 22
C24 FF 60302 061800  780 720   63    -7222673   -365         939     +1    4   6   85   +0  138   -5  138   -5   3  0  0 L3B A8
C25 FF 60302 061800  780 307 2856    -2852480    -68         607    +19   10   6  158  -22  363  -16  363  -16   7  0  0 L3B 33
C26 FF 60302 061800  780 338  783    +2246960    +14         514    -39    7   6  145  +18  339  +35  339   35   6  0  0 L3B 06
C35 FF 60302 061800  780 307  662    -4735546   +115         492    +32   12   6  158   +4  365  -45  365  -45  10  0  0 L3B 28
C39 FF 60302 061800  780 733 1166      +63372     -2         933     -4    8   6   84   +1  167   +1  167    1   6  0  0 L3B 74
C40 FF 60302 061800  780 558 1933     +491690    +10         736     -4    5   6   98   -4  302   +0  302    0   4  0  0 L3B 8A
C41 FF 60302 061800  780 239 3034    +8750900    +23        -121     +5   10   6  199  -11  870   -6  870   -6   8  0  0 L3B F4
C44 FF 60302 061800  780 374 1241    -3322505    -82         443    +35   10   6  133  -16  452  -22  452  -22   6  0  0 L3B 0D
C24 FF 60302 063400  780 710  267    -7223026   -378         937    -13    3   6   86   +1  136   +6  136    6   2  0  0 L3B BA
C25 FF 60302 063400  780 354 2908    -2852536    -66         634    +21    9   6  139  -17  328  -23  328  -23   8  0  0 L3B 24
C26 FF 60302 063400  780 292  838    +2246977    +90         480    +36   11   6  165  +24  351  -49  351  -49   7  0  0 L3B 25
C35 FF 60302 063400  780 293  592    -4735469    +70         489    -13    9   6  165  +10  356   -3  356   -3  10  0  0 L3B FC
C39 FF 60302 063400  780 717 1273      +63379    +18         938    +17    4   6   85   +1  160  -11  160  -11   3  0  0 L3B C3
C40 FF 60302 063400  780 591 1982     +491709    +18         741     +3    4   6   94   -3  295  -10  295  -10   2  0  0 L3B CA
C41 FF 60302 063400  780 247 2967    +8750922    +33        -116    +14   12   6  192   -2  862   -5  862   -5   8  0  0 L3B 03
C44 FF 60302 063400  780 421 1172    -3322579    -70         481    +46    7   6  121  -11  424  -55  424  -55   5  0  0 L3B 0A
C24 FF 60302 065000  780 687  448    -7223387   -388         926    -23    2   6   87   +2  137   +5  137    5   3  0  0 L3B D2
C25 FF 60302 065000  780 403 2959    -2852591    -42         663    +45    8   6  125  -13  299  -45  299  -45   6  0  0 L3B 30
C26 FF 60302 065000  780 247  891    +2246991    +25         443    -28   11   6  192  +34  368   +8  368    8   9  0  0 L3B F8
C34 FF 60302 065000  780 226 1705    -3316563    -66         457    +18    9   6  210  -59  562 -129  562 -129  11  0  0 L3B 53
C35 FF 60302 065000  780 268  529    -4735423    +56         455    -27   12   6  179  +19  369  -20  369  -20  11  0  0 L3B 33
C39 FF 60302 065000  780 696 1367      +63375     -9         933    -11    3   6   86   +1  163   +4  163    4   2  0  0 L3B 8A
C40 FF 60302 065000  780 622 2039     +491745    +44         763    +29    3   6   91   -3  276  -22  276  -22   2  0  0 L3B D8
C41 FF 60302 065000  780 245 2897    +8750931    -51        -125    -69   16   6  194   +6  868  +54  868   54  11  0  0 L3B 46
C44 FF 60302 065000  780 461 1088    -3322670    -96         501    +21    6   6  112   -7  400  -21  400  -21   4  0  0 L3B DD
C24 FF 60302 070600  780 655  599    -7223749   -371         914     -6    2   7   89   +3  131   -8  131   -8   1  0  0 L3B C9
C25 FF 60302 070600  780 453 3011    -2852645    -68         691    +19    7   7  114  -10  274  -20  274  -20   6  0  0 L3B 0C
C26 FF 60302 070600  780 202  942    +2247014    +20         415    -33   15   7  232  +50  375   +0  375    0  13  0  0 L3B CC
C34 FF 60302 070600  780 292 1688    -3316586     +3         510    +87    7   7  166  -36  448 -119  448 -119   5  0  0 L3B 43
C35 FF 60302 070600  780 234  476    -4735356    +33         408    -55   12   7  202  +31  362  +15  362   15  11  0  0 L3B 07
C39 FF 60302 070600  780 672 1449      +63373    -13         928    -15    3   7   88   +2  161   +0  161    0   2  0  0 L3B 90
C40 FF 60302 070600  780 650 2105     +491768    +26         769    +11    3   7   89   -2  265  -12  265  -12   3  0  0 L3B D9
C41 FF 60302 070600  780 232 2828    +8750949     -8        -157    -30   16   7  204  +15  876  +40  876   40  12  0  0 L3B 30
C44 FF 60302 070600  780 488  991    -3322764   -104         511    +11    8   7  107   -4  375  -21  375  -21   6  0  0 L3B 00
C24 FF 60302 073400  780 586  806    -7224391   -390         886    -25    4   7   95   +5  127   +6  127    6   3  0  0 L3B D2
C25 FF 60302 073400  780 546 3105    -2852745    -73         737    +13    4   7   99   -7  234  -14  234  -14   3  0  0 L3B F6
C34 FF 60302 073400  780 412 1654    -3316650    -50         588    +34    7   7  123  -18  340  -48  340  -48   5  0  0 L3B 13
C35 FF 60302 073400  780 159  407    -4735294    +83         323     -5   20   7  291  +84  404  -40  404  -40  18  0  0 L3B 10
C40 FF 60302 073400  780 693 2247     +491811    +20         786     +5   18   7   86   -1  237  -14  237  -14  17  0  0 L3B F2
C41 FF 60302 073400  780 189 2713    +8750946    -31        -196    -53   12   7  248  +40  916  +56  916   56   7  0  0 L3B 40
C44 FF 60302 073400  780 499  805    -3322961   -120         509     -5    5   7  106   +1  355  -17  355  -17   4  0  0 L3B F1
C23 FF 60302 075000  780 135 2956    +7993415    -38         821    +17   32   7  342 -120  339  -54  339  -54  25  0  0 L3B 57
C24 FF 60302 075000  780 540  899    -7224764   -405         863    -40    7   7  100   +6  128  +12  128   12   5  0  0 L3B F0
C25 FF 60302 075000  780 601 3163    -2852808    -68         757    +19    4   7   93   -6  215  -19  215  -19   3  0  0 L3B FD
C34 FF 60302 075000  780 483 1627    -3316686    -41         632    +43    4   7  108  -12  295  -42  295  -42   2  0  0 L3B 15
C41 FF 60302 075000  780 155 2654    +8750944    -20        -220    -42   23   7  299  +69  945  +40  945   40  15  0  0 L3B 41
C44 FF 60302 075000  780 482  705    -3323078   -133         503    -18    7   7  108   +4  340   -7  340   -7   4  0  0 L3B D1
C23 FF 60302 080600  780 184 2991    +7993378    +10         832    +64   19   8  255  -68  280 -108  280 -108  12  0  0 L3B 72
C24 FF 60302 080600  780 492  981    -7225138   -401         834    -36    4   8  107   +8  127   +9  127    9   3  0  0 L3B DA
C25 FF 60302 080600  780 659 3226    -2852872    -76         780    +12    5   8   89   -4  201   -8  201   -8   4  0  0 L3B D9
C34 FF 60302 080600  780 552 1588    -3316734    -69         632    +11    4   8   99   -9  267  -11  267  -11   3  0  0 L3B 00
C40 FF 60302 080600  780 727 2453     +491843    +17         780     +1    4   8   85   -1  219  -10  219  -10   3  0  0 L3B BE
C41 FF 60302 080600  780 116 2599    +8750924     -1        -217    -17   14   8  390 +130  989  +23  989   23  12  0  0 L3B 4A
C44 FF 60302 080600  780 451  621    -3323208   -134         478    -19    5   8  114   +8  331  -11  331  -11   4  0  0 L3B EA
C23 FF 60302 082200  780 235 3023    +7993370     -5         876    +50   15   8  202  -44  197  -87  197  -87  12  0  0 L3B 39
C24 FF 60302 082200  780 442 1052    -7225518   -409         804    -44    4   8  116  +11  129  +18  129   18   3  0  0 L3B 0D
C25 FF 60302 082200  780 718 3303    -2852944    -75         791    +12    3   8   85   -3  193   -6  193   -6   2  0  0 L3B D7
C34 FF 60302 082200  780 619 1525    -3316787    -54         655    +26    4   8   92   -6  245  -20  245  -20   3  0  0 L3B F4
C40 FF 60302 082200  780 738 2571     +491858    +21         779     +5    5   8   84   +0  212   -9  212   -9   3  0  0 L3B AB
C43 FF 60302 082200  780 230 1968     -535279    +13         420    +29   15   8  207  -58  545 -142  545 -142  15  0  0 L3B 4C
C44 FF 60302 082200  780 409  556    -3323350   -173         446    -58    7   8  123  +12  337  +29  337   29   8  0  0 L3B 11
C23 FF 60302 083800  780 289 3051    +7993354     +5         912    +60   11   8  167  -30  146  -60  146  -60   7  0  0 L3B 19
C24 FF 60302 083800  780 391 1115    -7225897   -411         775    -47    6   8  128  +15  136  +17  136   17   5  0  0 L3B 29
C25 FF 60302 083800  780 778 3418    -2853018    -77         802    +10    4   8   83   -2  183  -17  183  -17   3  0  0 L3B FE
C34 FF 60302 083800  780 680 1420    -3316845    -63         675    +17    3   8   87   -3  228  -18  228  -18   2  0  0 L3B FF
C40 FF 60302 083800  780 743 2693     +491875    +17         780     +1    2   8   84   +0  204  -12  204  -12   1  0  0 L3B BC
C43 FF 60302 083800  780 297 1981     -535249    +41         465    +56    8   8  163  -35  438  -93  438  -93   6  0  0 L3B 2C
C44 FF 60302 083800  780 361  508    -3323494   -149         413    -35    7   8  137  +17  328  -15  328  -15   7  0  0 L3B 21
C23 FF 60302 085400  780 345 3074    +7993346    -41         956    +13    8   8  143  -21   98  -20   98  -20   8  0  0 L3B 03
C24 FF 60302 085400  780 338 1171    -7226280   -403         742    -39   11   8  145  +21  132   +4  132    4   9  0  0 L3B F5
C25 FF 60302 085400  780 833   78    -2853100    -87         803     +0    2   8   81   -1  175  -10  175  -10   2  0  0 L3B AA
C34 FF 60302 085400  780 724 1244    -3316912    -79         684     +1    4   8   85   -2  210  -16  210  -16   3  0  0 L3B D4
C39 FF 60302 085400  780 453 1775      +63297     -7         840     -9    4   8  113   +7  144  -16  144  -16   3  0  0 L3B C3
C40 FF 60302 085400  780 744 2813     +491890    +13         780     -3    3   8   84   +0  193  -14  193  -14   2  0  0 L3B C6
C43 FF 60302 085400  780 365 1997     -535219    +10         510    +26    5   8  136  -23  387  -38  387  -38   4  0  0 L3B 16
C44 FF 60302 085400  780 308  477    -3323643   -161         374    -46   14   8  157  +26  320  -12  320  -12  11  0  0 L3B 28
C23 FF 60302 091000  780 403 3092    +7993335    -11        1000    +43    5   9  125  -16   59  -43   59  -43   3  0  0 L3B F3
C24 FF 60302 091000  780 284 1221    -7226669   -380         700    -15    8   9  169  +31  136  -12  136  -12   7  0  0 L3B 1E
C25 FF 60302 091000  780 848  790    -2853182    -86         805     +1    2   9   81   +0  161  -12  161  -12   1  0  0 L3B BD
C34 FF 60302 091000  780 738  997    -3316993    -80         701     +3    6   9   84   +0  195  -23  195  -23   4  0  0 L3B DC
C39 FF 60302 091000  780 417 1802      +63282    +30         822    +28   34   9  121   +9  136  -54  136  -54  32  0  0 L3B F3
C40 FF 60302 091000  780 742 2926     +491893    +10         779     -5    2   9   84   +0  184   -9  184   -9   1  0  0 L3B B3
C43 FF 60302 091000  780 435 2018     -535195    +30         550    +46    7   9  118  -16  346  -35  346  -35   6  0  0 L3B 00
C44 FF 60302 091000  780 252  458    -3323800   -192         340    -76   15   9  188  +40  314  +10  314   10  11  0  0 L3B 0E
C23 FF 60302 092600  780 463 3101    +7993316    -37        1033    +18    3   9  112  -12   30   -9   30   -9   3  0  0 L3B CA
C24 FF 60302 092600  780 229 1265    -7227054   -375         665    -11    9   9  206  +48  139  -28  139  -28   8  0  0 L3B 41
C25 FF 60302 092600  780 799 1209    -2853272    -97         799    -10    3   9   82   +2  151   -9  151   -9   2  0  0 L3B E4
C34 FF 60302 092600  780 716  767    -3317079    -93         694    -11    5   9   85   +2  178  -17  178  -17   3  0  0 L3B FF
C39 FF 60302 092600  780 380 1826      +63320    +71         858    +69   76   9  131  +11   79  -94   79  -94  76  0  0 L3B 17
C40 FF 60302 092600  780 738 3031     +491908    +25         780    +10    3   9   84   +0  168  -20  168  -20   3  0  0 L3B D1
C43 FF 60302 092600  780 506 2044     -535172    +22         588    +38    7   9  105  -11  315  -28  315  -28   5  0  0 L3B FF
C44 FF 60302 092600  780 196  450    -3323959   -193         293    -77   19   9  238  +66  311  +10  311   10  14  0  0 L3B 31
C23 FF 60302 094200  780 525 3098    +7993299    -10        1069    +45    3   9  102   -9    4  -32    4  -32   2  0  0 L3B CE
C25 FF 60302 094200  780 734 1352    -2853373   -109         782    -22    3   9   84   +3  148   +3  148    3   2  0  0 L3B D1
C34 FF 60302 094200  780 670  621    -3317181    -96         671    -14    4   9   88   +4  171  -21  171  -21   4  0  0 L3B D9
C40 FF 60302 094200  780 732 3125     +491919    +24         777     +9    3   9   84   +0  157  -25  157  -25   3  0  0 L3B D2
C43 FF 60302 094200  780 577 2077     -535152     -1         623    +15    6   9   96   -8  287  -13  287  -13   5  0  0 L3B DB
C23 FF 60302 095800  780 588 3077    +7993269    -23        1092    +31    4   9   95   -6   -9  -19   -9  -19   3  0  0 L3B FB
C25 FF 60302 095800  780 665 1428    -2853475   -118         764    -31    3   9   88   +5  143   +4  143    4   3  0  0 L3B E1
C34 FF 60302 095800  780 613  542    -3317284   -107         647    -24    6   9   92   +6  162  -12  162  -12   5  0  0 L3B F0
C40 FF 60302 095800  780 727 3211     +491934    +13         778     -2    3   9   85   +0  142  -11  142  -11   2  0  0 L3B BA
C43 FF 60302 095800  780 649 2120     -535142     +8         649    +24    2   9   89   -5  268  -15  268  -15   1  0  0 L3B DC
C23 FF 60302 101400  780 648 3027    +7993252    -37        1114    +16    2  10   89   -5  -29   -4  -29   -4   2  0  0 L3B DD
C25 FF 60302 101400  780 595 1479    -2853588   -115         751    -26    6  10   94   +7  145   +0  145    0   4  0  0 L3B E2
C34 FF 60302 101400  780 551  504    -3317395   -113         621    -30    4  10   98   +8  157  -13  157  -13   4  0  0 L3B EB
C37 FF 60302 101400  780 123 3133    +9315924    -27         150    -17   21  10  377 -167  456   +0  456    0  13  0  0 L3B 14
C40 FF 60302 101400  780 721 3290     +491940     +7         756     -9    3  10   85   +0  138   -8  138   -8   3  0  0 L3B 9D
C43 FF 60302 101400  780 719 2180     -535142     -2         668    +15    2  10   85   -4  255  -11  255  -11   2  0  0 L3B C1
C23 FF 60302 103000  780 703 2923    +7993214    -34        1127    +19    3  10   86   -3  -34  -16  -34  -16   2  0  0 L3B F3
C25 FF 60302 103000  780 525 1518    -2853702   -132         722    -43    4  10  102  +10  144   +9  144    9   2  0  0 L3B DF
C28 FF 60302 103000  780 177 2270    -1867809    -37         396     +6   22  10  264  -83  334  -38  334  -38  21  0  0 L3B 40
C34 FF 60302 103000  780 488  489    -3317505   -122         590    -39    7  10  107  +11  148   -4  148   -4   4  0  0 L3B F9
C37 FF 60302 103000  780 178 3139    +9315965    +26         201    +36   26  10  264  -82  398  -32  398  -32  15  0  0 L3B 51
C40 FF 60302 103000  780 716 3363     +491949    +14         749     -2    5  10   85   +0  134  -11  134  -11   3  0  0 L3B C0
C43 FF 60302 103000  780 788 2287     -535148    -18         678     -2    4  10   82   -2  247   +0  247    0   3  0  0 L3B A6
C23 FF 60302 104600  780 742 2733    +7993175    -45        1140     +8    2  10   84   -1  -42   -9  -42   -9   2  0  0 L3B CA
C25 FF 60302 104600  780 455 1548    -2853824   -114         686    -25    6  10  113  +14  147   -9  147   -9   4  0  0 L3B 18
C28 FF 60302 104600  780 234 2309    -1867820     +7         426    +50   16  10  204  -48  294  -52  294  -52  12  0  0 L3B 31
C34 FF 60302 104600  780 427  490    -3317628   -109         547    -27    7  10  119  +14  149  -15  149  -15   5  0  0 L3B 28
C37 FF 60302 104600  780 234 3137    +9315994    +29         240    +39   14  10  204  -48  371  -28  371  -28  11  0  0 L3B 47
C40 FF 60302 104600  780 712 3432     +491965    +24         749     +7    3  10   85   +0  124  -20  124  -20   2  0  0 L3B BD
C43 FF 60302 104600  780 848 2595     -535161    -24         682     -7    3  10   81   -1  239   -4  239   -4   3  0  0 L3B BA
C23 FF 60302 110200  780 749 2465    +7993121    -51        1140     +3    3  11   84   +1  -46  -11  -46  -11   2  0  0 L3B D5
C25 FF 60302 110200  780 386 1573    -2853960   -131         630    -43    8  11  129  +20  157   +3  157    3   6  0  0 L3B F7
C28 FF 60302 110200  780 289 2354    -1867823    +25         480    +69    7  11  167  -30  258  -49  258  -49   6  0  0 L3B 40
C34 FF 60302 110200  780 367  502    -3317751   -117         504    -34    6  11  135  +19  149  -13  149  -13   5  0  0 L3B 10
C37 FF 60302 110200  780 290 3125    +9316044    +37         249    +40   11  11  167  -30  335  -25  335  -25   9  0  0 L3B 20
C40 FF 60302 110200  780 710 3497     +491979    +21         758     +6    4  11   85   +0  115  -17  115  -17   2  0  0 L3B CE
C43 FF 60302 110200  780 848 3457     -535177    -24         657     -8    3  11   81   +1  228   -9  228   -9   3  0  0 L3B C0
C23 FF 60302 111800  780 718 2232    +7993062    -64        1132    -10    2  11   85   +2  -48   -5  -48   -5   1  0  0 L3B D3
C25 FF 60302 111800  780 318 1593    -2854086   -145         589    -56    9  11  153  +30  161  +16  161   16   7  0  0 L3B 2F
C28 FF 60302 111800  780 344 2404    -1867823    +41         524    +86    8  11  143  -21  226  -67  226  -67   5  0  0 L3B 27
C34 FF 60302 111800  780 309  521    -3317872    -98         463    -14    6  11  157  +26  145  -30  145  -30   5  0  0 L3B 0A
C37 FF 60302 111800  780 344 3102    +9316067    +70         274    +73    8  11  143  -20  327  -50  327  -50   6  0  0 L3B 12
C40 FF 60302 111800  780 710 3562     +491990    +18         755     +3    4  11   85   +0  111   -9  111   -9   3  0  0 L3B A2
C43 FF 60302 111800  780 792  169     -535204    -31         646    -15    4  11   82   +2  220   -4  220   -4   2  0  0 L3B 9B
C23 FF 60302 113400  780 665 2090    +7992994    -74        1116    -20    2  11   88   +4  -48   +2  -48    2   1  0  0 L3B D5
C25 FF 60302 113400  780 251 1608    -2854215    -89         544     +0    8  11  189  +47  168  -31  168  -31   7  0  0 L3B 18
C28 FF 60302 113400  780 398 2462    -1867832    -19         558    +26    6  11  126  -15  204  -14  204  -14   5  0  0 L3B 24
C34 FF 60302 113400  780 254  545    -3317999   -111         416    -28    9  11  187  +38  151  -20  151  -20   8  0  0 L3B 20
C37 FF 60302 113400  780 396 3064    +9316113    +23         323    +26    6  11  127  -14  302   -8  302   -8   5  0  0 L3B E7
C40 FF 60302 113400  780 711   26     +492006    +21         756     +6    2  11   85   +0  105   -6  105   -6   1  0  0 L3B 68
C43 FF 60302 113400  780 730  284     -535232    -39         634    -23    5  11   85   +3  212   -1  212   -1   4  0  0 L3B 97
C23 FF 60302 115000  780 600 2009    +7992918    -72        1091    -19    4  11   93   +7  -46   -6  -46   -6   3  0  0 L3B E2
C25 FF 60302 115000  780 187 1619    -2854361   -112         484    -23   11  11  250  +84  200  +15  200   15  11  0  0 L3B 25
C28 FF 60302 115000  780 450 2526    -1867841    -19         591    +26    6  11  114  -11  183  -12  183  -12   5  0  0 L3B 16
C34 FF 60302 115000  780 201  574    -3318124   -127         371    -44   11  11  233  +58  159  +17  159   17  11  0  0 L3B 24
C37 FF 60302 115000  780 443 3009    +9316132    +18         345    +21    5  11  116   -9  297   -3  297   -3   3  0  0 L3B E0
C40 FF 60302 115000  780 714   91     +492020     +7         756     -8    3  11   85   +0  100   +3  100    3   2  0  0 L3B 42
C43 FF 60302 115000  780 669  357     -535269    -40         613    -24    5  11   88   +4  209   -5  209   -5   3  0  0 L3B B8
C23 FF 60302 120600  780 531 1961    +7992842    -99        1075    -45    4  12  101  +10  -46  +12  -46   12   3  0  0 L3B 0F
C28 FF 60302 120600  780 501 2601    -1867855    -13         607    +27    4  12  105   -8  168  -15  168  -15   3  0  0 L3B 0C
C34 FF 60302 120600  780 151  607    -3318242   -136         330    -53   13  12  306  +98  169  +16  169   16  12  0  0 L3B 2C
C37 FF 60302 120600  780 481 2935    +9316153    +18         352    +19    4  12  109   -6  290   -1  290   -1   3  0  0 L3B E0
C38 FF 60302 120600  780 290 1720    -1260352    +74         622    +98   35  12  167  -21  122  -75  122  -75  33  0  0 L3B 3A
C40 FF 60302 120600  780 718  159     +492031     +3         758    -11    4  12   85   +0  103   +8  103    8   3  0  0 L3B 7A
C43 FF 60302 120600  780 610  417     -535308    -41         580    -26    4  12   92   +5  208   -1  208   -1   4  0  0 L3B 9C
C23 FF 60302 122200  780 461 1930    +7992755    -86        1040    -32    5  12  112  +14  -42   -1  -42   -1   4  0  0 L3B E9
C28 FF 60302 122200  780 549 2686    -1867886    -14         615    +27    4  12   99   -6  170  -11  170  -11   3  0  0 L3B 0B
C37 FF 60302 122200  780 507 2841    +9316168    -28         368    -27    8  12  105   -3  285  +29  285   29   6  0  0 L3B 17
C40 FF 60302 122200  780 724  230     +492049     +6         762     -9    6  12   85   +0  100   +8  100    8   4  0  0 L3B 66
C43 FF 60302 122200  780 553  472     -535356    -66         546    -51    3  12   98   +7  214  +20  214   20   2  0  0 L3B BD
C23 FF 60302 123800  780 391 1909    +7992658   -111         995    -56    5  12  128  +20  -33  +15  -33   15   3  0  0 L3B 25
C27 FF 60302 123800  780 147 2568    -2467223    -13         394    +40   16  12  316  -97  213  -27  213  -27  14  0  0 L3B 47
C28 FF 60302 123800  780 593 2785    -1867911    -34         629     +7    3  12   94   -4  164   -1  164   -1   1  0  0 L3B D5
C37 FF 60302 123800  780 517 2734    +9316174     +6         376     +8    4  12  103   +0  283   -4  283   -4   3  0  0 L3B C2
C38 FF 60302 123800  780 366 1759    -1260323    -67         697    -43   58  12  136  -13   85  +70   85   70  56  0  0 L3B 33
C40 FF 60302 123800  780 731  307     +492061    +15         760     +1    2  12   84   +0  103   -1  103   -1   2  0  0 L3B 6E
C42 FF 60302 123800  780 174  859    +4759321    -66        -312     -5   14  12  268  -46  602  +14  602   14  14  0  0 L3B 21
C43 FF 60302 123800  780 498  524     -535395    -46         522    -30    6  12  106   +9  211   +6  211    6   4  0  0 L3B B1
C46 FF 60302 123800  780 127 3208    +1100948    +57        1006    +26   27  12  364 -136 -207   -1 -207   -1  19  0  0 L3B 4E
C23 FF 60302 125400  780 322 1892    +7992571    -79         961    -25    6  12  151  +29  -35   -2  -35   -2   5  0  0 L3B FD
C27 FF 60302 125400  780 192 2618    -2467239    +11         429    +64   18  12  244  -57  192  -48  192  -48  13  0  0 L3B 58
C28 FF 60302 125400  780 633 2903    -1867936    -18         643    +23    2  12   90   -3  156  -17  156  -17   2  0  0 L3B 04
C37 FF 60302 125400  780 510 2623    +9316166     -1         368     +0    4  12  104   +2  286   -4  286   -4   3  0  0 L3B B6
C38 FF 60302 125400  780 404 1784    -1260337    +24         706    +48   31  12  125  -10   96  -24   96  -24  30  0  0 L3B 19
C40 FF 60302 125400  780 739  391     +492079     +7         765     -7    3  12   84   +0   99   +8   99    8   2  0  0 L3B 7A
C42 FF 60302 125400  780 200  796    +4759289    -51        -284    +10   15  12  235  -26  595   +8  595    8  13  0  0 L3B 22
C43 FF 60302 125400  780 445  575     -535450    -55         482    -39    5  12  115  +11  221  +10  221   10   4  0  0 L3B D3
C46 FF 60302 125400  780 173 3177    +1101013    +48        1042    +18   15  12  271  -68 -217  +12 -217   12  12  0  0 L3B 41
C23 FF 60302 131000  780 256 1877    +7992467   -107         904    -53    8  13  186  +46  -24   +8  -24    8   5  0  0 L3B 0C
C27 FF 60302 131000  780 237 2670    -2467266    +17         477    +71   13  13  200  -37  177  -47  177  -47   9  0  0 L3B 41
C28 FF 60302 131000  780 667 3043    -1867967    -35         652     +6    4  13   88   -2  150   -3  150   -3   3  0  0 L3B C8
C37 FF 60302 131000  780 486 2520    +9316148    -23         376    -18    6  13  108   +5  292   +6  292    6   4  0  0 L3B DF
C38 FF 60302 131000  780 441 1812    -1260364     +4         694    +26    5  13  116   -8  111   -8  111   -8   4  0  0 L3B C1
C40 FF 60302 131000  780 746  486     +492093    +13         763     -2    4  13   84   +0  101   +2  101    2   3  0  0 L3B 6F
C42 FF 60302 131000  780 218  729    +4759258    -18        -258    +43   17  13  216  -14  577  -34  577  -34  16  0  0 L3B 55
C43 FF 60302 131000  780 395  626     -535501    -66         448    -50    6  13  127  +14  229  +19  229   19   5  0  0 L3B F2
C46 FF 60302 131000  780 214 3136    +1101102    +68        1122    +40   17  13  221  -39 -241  -12 -241  -12  13  0  0 L3B 32
C23 FF 60302 132600  780 192 1862    +7992368   -122         857    -68   11  13  244  +78  -17  +25  -17   25   9  0  0 L3B 46
C27 FF 60302 132600  780 282 2725    -2467289    -19         506    +35    9  13  171  -26  168   -4  168   -4   6  0  0 L3B 14
C28 FF 60302 132600  780 693 3210    -1868009    -44         650     -3    2  13   86   -1  152   -2  152   -2   2  0  0 L3B B7
C37 FF 60302 132600  780 450 2430    +9316116    -21         348    -17    3  13  114   +9  303   +4  303    4   3  0  0 L3B BF
C38 FF 60302 132600  780 478 1844    -1260357    -31         723     -8    5  13  109   -7   99  +19   99   19   5  0  0 L3B EB
C40 FF 60302 132600  780 753  592     +492111    +16         767     +2    2  13   84   +0  100   +1  100    1   2  0  0 L3B 67
C42 FF 60302 132600  780 228  661    +4759207    -33        -250    +28   12  13  208   -4  574  -25  574  -25  10  0  0 L3B 29
C43 FF 60302 132600  780 346  676     -535555    -32         408    -17    9  13  142  +18  236  -11  236  -11   5  0  0 L3B FA
C46 FF 60302 132600  780 248 3086    +1101160    +70        1153    +42   12  13  192  -23 -248  -14 -248  -14   9  0  0 L3B 49
C23 FF 60302 134200  780 131 1847    +7992270    -93         811    -39   17  13  352 +157    6  +20    6   20  16  0  0 L3B FD
C27 FF 60302 134200  780 327 2781    -2467303    -55         544     -1   13  13  149  -19  153  +13  153   13  10  0  0 L3B 16
C28 FF 60302 134200  780 708 3400    -1868053    -43         645     -3    4  13   86   +0  150   +0  150    0   3  0  0 L3B 9E
C37 FF 60302 134200  780 404 2356    +9316100    -55         336    -50   10  13  124  +13  299  +27  299   27   9  0  0 L3B 23
C38 FF 60302 134200  780 514 1881    -1260365    +14         736    +37    3  13  103   -5  100  -23  100  -23   2  0  0 L3B E9
C40 FF 60302 134200  780 757  710     +492124    +18         766     +4    3  13   83   +0  103   +0  103    0   2  0  0 L3B 6C
C42 FF 60302 134200  780 226  593    +4759132    -85        -267    -24   10  13  209   +6  590  +17  590   17  11  0  0 L3B 22
C43 FF 60302 134200  780 299  727     -535619    -97         360    -82   10  13  161  +23  250  +44  250   44   7  0  0 L3B 03
C46 FF 60302 134200  780 275 3026    +1101205    +39        1171    +11   12  13  175  -13 -244  +11 -244   11   8  0  0 L3B 24
C27 FF 60302 135800  780 373 2840    -2467337    -20         562    +34   10  13  133  -14  153   -6  153   -6   8  0  0 L3B 08
C28 FF 60302 135800  780 709    2    -1868097    -49         640     -8    4  13   86   +0  151   +4  151    4   3  0  0 L3B 89
C37 FF 60302 135800  780 352 2295    +9316059    -47         299    -43    6  13  140  +19  308  +19  308   19   6  0  0 L3B 2C
C38 FF 60302 135800  780 549 1923    -1260374    -29         749     -6    4  13   99   -4   99  +15   99   15   3  0  0 L3B E3
C40 FF 60302 135800  780 758  839     +492135    +10         763     -4    4  13   83   +0  107   +6  107    6   3  0  0 L3B 8F
C42 FF 60302 135800  780 215  528    +4759052    -79        -288    -18   11  13  219  +16  600   +9  600    9  10  0  0 L3B 13
C43 FF 60302 135800  780 253  777     -535645    -26         349    -10   15  13  188  +32  242  -22  242  -22  12  0  0 L3B 1D
C46 FF 60302 135800  780 291 2959    +1101251    +20        1191     -7   18  13  166   -6 -244  +13 -244   13  12  0  0 L3B 2E
C27 FF 60302 141400  780 419 2901    -2467367    -23         573    +30    6  14  121  -11  152  -15  152  -15   5  0  0 L3B 0F
C28 FF 60302 141400  780 698  196    -1868144    -65         635    -24    2  14   86   +1  155  +16  155   16   2  0  0 L3B ED
C33 FF 60302 141400  780 381 1049    +9418260    +37        -938    +33    9  14  131  -11 1201  -16 1201  -16   6  0  0 L3B 3C
C37 FF 60302 141400  780 297 2245    +9316013    -44         253    -40    6  14  162  +28  321  +10  321   10   4  0  0 L3B F5
C38 FF 60302 141400  780 583 1972    -1260392    -19         746     +3    2  14   95   -3  105   +6  105    6   2  0  0 L3B B6
C40 FF 60302 141400  780 755  973     +492149    +14         752     -2    3  14   84   +0  108   +5  108    5   2  0  0 L3B 89
C41 FF 60302 141400  780 196 1594    +8751423   +102        -189    +83   11  14  240  -75  609  -32  609  -32   9  0  0 L3B 59
C42 FF 60302 141400  780 194  469    +4758993   -151        -292    -90   18  14  241  +31  593  +49  593   49  14  0  0 L3B 67
C43 FF 60302 141400  780 208  827     -535695    -18         315     -2   12  14  225  +47  250  -26  250  -26  12  0  0 L3B 04
C46 FF 60302 141400  780 296 2886    +1101277    +25        1166     -6    9  14  163   +0 -230  +18 -230   18   7  0  0 L3B 13
C27 FF 60302 143000  780 466 2965    -2467397    -34         593    +19    5  14  111   -9  148   -2  148   -2   4  0  0 L3B FD
C28 FF 60302 143000  780 677  368    -1868192    -50         627     -9    3  14   87   +2  156   -4  156   -4   2  0  0 L3B C8
C33 FF 60302 143000  780 412  967    +9418280     -4        -921     -8    7  14  123   -7 1199  +14 1199   14   6  0  0 L3B 08
C37 FF 60302 143000  780 242 2201    +9315975    -93         219    -89   11  14  196  +44  323  +51  323   51   8  0  0 L3B 27
C38 FF 60302 143000  780 614 2029    -1260395     -2         764    +20    2  14   92   -3   96  -11   96  -11   2  0  0 L3B B9
C40 FF 60302 143000  780 747 1104     +492162    +23         750     +7    4  14   84   +0  111   -4  111   -4   3  0  0 L3B 8A
C41 FF 60302 143000  780 259 1568    +8751498    +63        -133    +43   11  14  185  -44  593   +0  593    0  10  0  0 L3B 22
C42 FF 60302 143000  780 164  418    +4758889    -61        -339     +0   23  14  283  +57  605  -35  605  -35  21  0  0 L3B 38
C43 FF 60302 143000  780 164  877     -535742    -41         282    -25   22  14  282  +74  244   -4  244   -4  21  0  0 L3B F7
C46 FF 60302 143000  780 291 2813    +1101313    +23        1172     -8   12  14  166   +6 -236   +5 -236    5   9  0  0 L3B EF
C27 FF 60302 144600  780 513 3032    -2467423    -39         618    +14    4  14  104   -7  144   +7  144    7   2  0  0 L3B D3
C28 FF 60302 144600  780 647  516    -1868250    -53         607    -11    4  14   89   +3  163   +1  163    1   4  0  0 L3B B9
C33 FF 60302 144600  780 431  875    +9418290     +5        -915     +1    7  14  118   -3 1199   -3 1199   -3   5  0  0 L3B F2
C37 FF 60302 144600  780 186 2162    +9315924    -17         171    -14   18  14  251  +72  332  -32  332  -32  13  0  0 L3B 3B
C38 FF 60302 144600  780 644 2094    -1260395    -30         785     -8   24  14   90   -2   82  +17   82   17  23  0  0 L3B E8
C40 FF 60302 144600  780 733 1226     +492172    +33         745    +17    3  14   84   +1  116   -9  116   -9   2  0  0 L3B BB
C41 FF 60302 144600  780 324 1539    +8751560    +85         -89    +65   11  14  151  -28  588  -22  588  -22   9  0  0 L3B 4A
C42 FF 60302 144600  780 127  374    +4758810    -95        -360    -35   28  14  360 +111  598  +20  598   20  24  0  0 L3B 50
C46 FF 60302 144600  780 274 2740    +1101325     -6        1155    -36    9  14  175  +13 -224  +28 -224   28   8  0  0 L3B 25
C27 FF 60302 150200  780 562 3105    -2467458    -32         639    +21    4  15   97   -6  143   -5  143   -5   3  0  0 L3B D8
C28 FF 60302 150200  780 611  640    -1868302    -64         615    -21    3  15   92   +4  160   +5  160    5   3  0  0 L3B A3
C33 FF 60302 150200  780 435  781    +9418289    -17        -913    -20    5  15  117   +1 1197  +15 1197   15   5  0  0 L3B 26
C36 FF 60302 150200  780 113 3145     +800918   -151         -74     +5   21  15  403  -50  431  +19  431   19  16  0  0 L3B 06
C37 FF 60302 150200  780 132 2126    +9315874    -66         125    -63   12  15  347 +136  347  +36  347   36  10  0  0 L3B 4A
C38 FF 60302 150200  780 670 2171    -1260404    -21         811     +2   34  15   88   -2   80   +2   80    2  32  0  0 L3B 9A
C40 FF 60302 150200  780 714 1334     +492192     +5         747    -11    4  15   85   +1  114   +8  114    8   2  0  0 L3B 90
C41 FF 60302 150200  780 390 1505    +8751626    +75         -53    +54    5  15  128  -19  581   -5  581   -5   5  0  0 L3B FE
C46 FF 60302 150200  780 249 2672    +1101344     -1        1146    -31    9  15  191  +21 -219  +14 -219   14   7  0  0 L3B 16
C27 FF 60302 151800  780 611 3186    -2467487    -42         661    +11    3  15   92   -5  139   +4  139    4   2  0  0 L3B D1
C28 FF 60302 151800  780 571  747    -1868364    -74         595    -31    4  15   96   +5  167  +14  167   14   3  0  0 L3B FC
C30 FF 60302 151800  780 143 2924     +114241   +117         275   +103   36  15  325 -105  242  -60  242  -60  30  0  0 L3B 43
C33 FF 60302 151800  780 425  690    +9418282     +0        -923     -3    4  15  119   +4 1203   -7 1203   -7   3  0  0 L3B D7
C36 FF 60302 151800  780 123 3088     +800794   -122         -48    +34   13  15  371  -17  424   -5  424   -5   9  0  0 L3B 0A
C38 FF 60302 151800  780 693 2259    -1260409   -162         829   -139   42  15   86   -1   66 +141   66  141  41  0  0 L3B 4A
C40 FF 60302 151800  780 691 1427     +492219    -87         758   -103   39  15   87   +1  100  +97  100   97  38  0  0 L3B 27
C41 FF 60302 151800  780 456 1461    +8751677    +66         -22    +45    5  15  113  -13  581  -16  581  -16   5  0  0 L3B 23
C46 FF 60302 151800  780 217 2609    +1101341    +12        1115    -19   11  15  217  +35 -203   +2 -203    2   9  0  0 L3B 02
C27 FF 60302 153400  780 660 3281    -2467529    -44         671    +10    3  15   89   -4  143   +1  143    1   2  0  0 L3B C3
C28 FF 60302 153400  780 528  841    -1868424    -64         576    -20    4  15  101   +6  170   +4  170    4   3  0  0 L3B C6
C30 FF 60302 153400  780 190 2964     +114290     +4         311    -10   27  15  247  -62  235  +20  235   20  20  0  0 L3B ED
C32 FF 60302 153400  780 138 1883    +5459824   +116         282    +77   18  15  338 -155  288  -51  288  -51  15  0  0 L3B 89
C33 FF 60302 153400  780 401  608    +9418273    -23        -935    -26    6  15  125   +8 1200  +12 1200   12   5  0  0 L3B 05
C36 FF 60302 153400  780 124 3028     +800630   -207         -62    -51   19  15  367   +9  447  +40  447   40  14  0  0 L3B 18
C38 FF 60302 153400  780 712 2360    -1260446    -15         815     +8    3  15   85   -1   85   -2   85   -2   2  0  0 L3B 9D
C40 FF 60302 153400  780 664 1506     +492211    +12         735     -4    6  15   88   +2  119   -5  119   -5   4  0  0 L3B AA
C41 FF 60302 153400  780 519 1402    +8751734    +42          15    +21    5  15  103   -9  574   +5  574    5   4  0  0 L3B C3
C46 FF 60302 153400  780 179 2551    +1101336    -27        1080    -57   10  15  260  +57 -193  +27 -193   27   7  0  0 L3B 4F
C27 FF 60302 155000  780 708 3403    -2467566    -36         685    +17    4  15   86   -3  140   -4  140   -4   3  0  0 L3B DB
C28 FF 60302 155000  780 482  923    -1868488    -70         555    -27    3  15  108   +8  171   +3  171    3   3  0  0 L3B D7
C30 FF 60302 155000  780 240 3001     +114350    +14         358     +0   17  15  198  -41  221  +17  221   17  13  0  0 L3B E1
C32 FF 60302 155000  780 203 1884    +5459907   +164         327   +124   16  15  233  -75  274  -52  274  -52  11  0  0 L3B 6C
C33 FF 60302 155000  780 366  541    +9418264    -50        -948    -53    9  15  135  +13 1193  +17 1193   17   6  0  0 L3B 3E
C36 FF 60302 155000  780 117 2968     +800500   -179         -43    -23   24  15  389  +37  441  +16  441   16  19  0  0 L3B 36
C38 FF 60302 155000  780 726 2472    -1260467    -11         817    +13    3  15   85   -1   85   -8   85   -8   3  0  0 L3B BE
C40 FF 60302 155000  780 635 1573     +492218    +11         726     -6    4  15   90   +3  119   -1  119   -1   3  0  0 L3B A1
C41 FF 60302 155000  780 576 1319    +8751774    +50          34    +29    4  15   96   -6  576   -6  576   -6   3  0  0 L3B E2
C46 FF 60302 155000  780 138 2498    +1101337     +2        1052    -29   10  15  333 +100 -188   -1 -188   -1   9  0  0 L3B 27
C27 FF 60302 160600  780 752 3578    -2467610    -42         690    +12    4  16   84   -2  143   +0  143    0   3  0  0 L3B C0
C28 FF 60302 160600  780 434  996    -1868564    -64         515    -21    5  16  117  +11  186   -1  186   -1   4  0  0 L3B F9
C30 FF 60302 160600  780 292 3036     +114396    +76         359    +59   11  16  166  -28  217   -8  217   -8  10  0  0 L3B 14
C32 FF 60302 160600  780 270 1887    +5459999    +98         389    +59    6  16  178  -43  264   -8  264   -8   5  0  0 L3B 3B
C33 FF 60302 160600  780 322  489    +9418231    -39        -974    -41    9  16  151  +20 1200   +8 1200    8   8  0  0 L3B 09
C36 FF 60302 160600  780 102 2908     +800329   -176         -97    -25   19  16  443  +78  453   -8  453   -8  12  0  0 L3B 2E
C38 FF 60302 160600  780 735 2593    -1260487    -20         821     +4    3  16   84   +0   84   -4   84   -4   2  0  0 L3B A3
C40 FF 60302 160600  780 603 1630     +492223     -2         728    -17   16  16   93   +3  116   +0  116    0  17  0  0 L3B AF
C41 FF 60302 160600  780 622 1202    +8751812    +49          43    +26    4  16   91   -3  573  -16  573  -16   3  0  0 L3B E6
C27 FF 60302 162200  780 783  246    -2467656    -60         695     -7    4  16   83   -1  144   +9  144    9   3  0  0 L3B BE
C28 FF 60302 162200  780 385 1062    -1868635    -99         485    -56   10  16  130  +15  188  +20  188   20   8  0  0 L3B 38
C30 FF 60302 162200  780 347 3066     +114442    +28         389    +10    8  16  142  -21  218   +9  218    9   6  0  0 L3B D4
C32 FF 60302 162200  780 339 1894    +5460091    +73         443    +35    8  16  145  -28  250   +6  250    6   7  0  0 L3B F2
C33 FF 60302 162200  780 272  452    +9418205    -40       -1002    -42    9  16  176  +32 1196   -6 1196   -6   7  0  0 L3B 2A
C38 FF 60302 162200  780 739 2715    -1260502    -14         829    +10    3  16   84   +0   79   -5   79   -5   2  0  0 L3B B7
C40 FF 60302 162200  780 569 1679     +492230    -23         720    -38   27  16   96   +4  117  +33  117   33  28  0  0 L3B 07
C41 FF 60302 162200  780 649 1048    +8751837    +40          46    +17    4  16   89   -1  571  -15  571  -15   3  0  0 L3B F5
C27 FF 60302 163800  780 787  599    -2467703    -61         699     -7    2  16   82   +0  143   +5  143    5   1  0  0 L3B C0
C28 FF 60302 163800  780 334 1121    -1868707    -87         455    -44    7  16  146  +21  187  +15  187   15   5  0  0 L3B 29
C30 FF 60302 163800  780 404 3093     +114489    +73         418    +55    6  16  125  -16  216  -20  216  -20   4  0  0 L3B 00
C32 FF 60302 163800  780 411 1903    +5460173    +93         488    +54    5  16  123  -19  242   -9  242   -9   4  0  0 L3B 01
C33 FF 60302 163800  780 219  426    +9418149    -55       -1060    -57   18  16  215  +51 1212   +3 1212    3  14  0  0 L3B 38
C38 FF 60302 163800  780 739 2834    -1260526    -25         828     -1    4  16   84   +0   78   +0   78    0   3  0  0 L3B A0
C40 FF 60302 163800  780 534 1721     +492226    +23         702     +8    5  16  101   +5  123  -16  123  -16   3  0  0 L3B CC
C41 FF 60302 163800  780 651  876    +8751858    +15          45     -7    3  16   89   +1  566   -3  566   -3   2  0  0 L3B C0
C27 FF 60302 165400  780 758  897    -2467765    -64         688    -11    3  16   83   +2  147   -1  147   -1   2  0  0 L3B E5
C28 FF 60302 165400  780 282 1175    -1868788    -77         415    -34   18  16  170  +30  191  +10  191   10  12  0  0 L3B 3E
C30 FF 60302 165400  780 463 3113     +114534    +51         446    +33    8  16  112  -12  213   -8  213   -8   7  0  0 L3B CF
C32 FF 60302 165400  780 484 1915    +5460249    +65         528    +26    4  16  108  -13  240   +8  240    8   3  0  0 L3B EF
C33 FF 60302 165400  780 165  412    +9418114    -22       -1097    -24   16  16  282  +93 1211   -5 1211   -5  11  0  0 L3B 3D
C38 FF 60302 165400  780 736 2946    -1260554    -29         823     -5    5  16   84   +0   81   +0   81    0   4  0  0 L3B 99
C40 FF 60302 165400  780 497 1758     +492230     -6         692    -21    7  16  106   +6  121   +2  121    2   5  0  0 L3B AC
C41 FF 60302 165400  780 628  724    +8751872    +13          38    -10    4  16   91   +3  559   -8  559   -8   3  0  0 L3B CB
C27 FF 60302 171000  780 710 1088    -2467824    -74         693    -19    3  17   85   +3  147   +7  147    7   2  0  0 L3B DD
C28 FF 60302 171000  780 229 1223    -1868867    -94         375    -52   12  17  206  +46  192  +20  192   20  10  0  0 L3B 38
C30 FF 60302 171000  780 525 3125     +114584    +63         503    +48    3  17  102   -9  209  -15  209  -15   2  0  0 L3B E4
C32 FF 60302 171000  780 558 1929    +5460315    +75         541    +34    3  17   98   -9  240   -1  240   -1   2  0  0 L3B D1
C33 FF 60302 171000  780 109  406    +9418077     +7       -1135     +5   27  17  416 +204 1208  -52 1208  -52  24  0  0 L3B 56
C38 FF 60302 171000  780 730 3048    -1260574    -13         826    +11    3  17   85   +0   76   -8   76   -8   2  0  0 L3B B4
C40 FF 60302 171000  780 460 1790     +492240    +34         684    +19   20  17  112   +7  115  -30  115  -30  21  0  0 L3B FC
C41 FF 60302 171000  780 586  613    +8751867    -10          21    -31    3  17   95   +5  560   +4  560    4   3  0  0 L3B A1
C20 FF 60302 172600  780 102 2139       +8855   +314         587    -36   24  17  452 -258   92  +50   92   50  22  0  0 L3B 04
C27 FF 60302 172600  780 653 1210    -2467894    -71         675    -17    5  17   89   +4  154   +5  154    5   4  0  0 L3B E0
C30 FF 60302 172600  780 589 3124     +114630    +50         534    +35    3  17   95   -7  206   -5  206   -5   3  0  0 L3B BA
C32 FF 60302 172600  780 634 1944    +5460381    +66         568    +26    4  17   91   -6  236   -4  236   -4   3  0  0 L3B E5
C38 FF 60302 172600  780 724 3140    -1260596    -27         827     -3    4  17   85   +0   74   -4   74   -4   3  0  0 L3B AA
C40 FF 60302 172600  780 422 1817     +492252    +62         681    +47   61  17  120   +9  102  -54  102  -54  60  0  0 L3B 10
C41 FF 60302 172600  780 534  541    +8751863     +6          -3    -16    4  17  101   +8  557  -14  557  -14   3  0  0 L3B D5
C20 FF 60302 174200  780 161 2165       +9237   +389         634    +39   14  17  290 -107   91  +11   91   11  14  0  0 L3B F8
C27 FF 60302 174200  780 591 1296    -2467970    -89         651    -34    2  17   94   +6  161  +12  161   12   2  0  0 L3B FB
C29 FF 60302 174200  780 108 3118    -2188617    -97         472    -47   30  17  426 -210   75  +82   75   82  27  0  0 L3B 40
C30 FF 60302 174200  780 653 3101     +114674    +40         564    +25    3  17   89   -5  201   +0  201    0   2  0  0 L3B 91
C32 FF 60302 174200  780 709 1960    +5460443    +56         591    +16    5  17   86   -4  231   -3  231   -3   3  0  0 L3B D4
C38 FF 60302 174200  780 717 3224    -1260623    -24         823     +0    3  17   85   +0   76   +0   76    0   2  0  0 L3B 83
C40 FF 60302 174200  780 384 1841     +492236    +71         652    +56   53  17  130  +11  110  -74  110  -74  52  0  0 L3B 20
C41 FF 60302 174200  780 476  499    +8751858    -28         -29    -49    6  17  109  +11  555   +9  555    9   4  0  0 L3B 06
C20 FF 60302 175800  780 221 2196       +9613   +446         674    +96   11  17  215  -57  100  -40  100  -40   8  0  0 L3B 01
C27 FF 60302 175800  780 526 1360    -2468048    -89         626    -34    3  17  102   +9  162   +6  162    6   2  0  0 L3B E9
C29 FF 60302 175800  780 163 3131    -2188625    +54         512   +105   19  17  287  -98   76  -47   76  -47  13  0  0 L3B 55
C30 FF 60302 175800  780 716 3035     +114706    +32         582    +17    4  17   85   -3  203   -1  203   -1   3  0  0 L3B AD
C32 FF 60302 175800  780 784 1969    +5460495    +40         603     +0    3  17   83   -2  228   +7  228    7   2  0  0 L3B C7
C38 FF 60302 175800  780 711 3300    -1260649    -28         819     -4    2  17   85   +0   76   +0   76    0   1  0  0 L3B 94
C40 FF 60302 175800  780 346 1862     +492240    -29         641    -44   49  17  142  +14  103  +14  103   14  48  0  0 L3B 1E
C41 FF 60302 175800  780 416  477    +8751840     -1         -68    -23    7  17  121  +15  559   -8  559   -8   5  0  0 L3B F1
C20 FF 60302 181400  780 281 2233       +9998   +384         730    +35   15  18  172  -35   93  +12   93   12  11  0  0 L3B ED
C27 FF 60302 181400  780 461 1411    -2468132   -101         589    -47    7  18  112  +13  162   +7  162    7   5  0  0 L3B FA
C29 FF 60302 181400  780 219 3137    -2188625     +4         570    +55   16  18  216  -55   74  -19   74  -19  13  0  0 L3B 22
C30 FF 60302 181400  780 771 2873     +114730    +24         586     +8    2  18   83   -2  206   +2  206    2   2  0  0 L3B 96
C32 FF 60302 181400  780 858 1931    +5460537    +39         609     -2    3  18   81   -1  227   -1  227   -1   3  0  0 L3B C6
C38 FF 60302 181400  780 705 3371    -1260669    -17         823     +7    3  18   86   +0   73   -4   73   -4   2  0  0 L3B A9
C41 FF 60302 181400  780 356  471    +8751805    -44        -115    -64    7  18  138  +21  572  +22  572   22   8  0  0 L3B 15
C20 FF 60302 183000  780 341 2277      +10379   +371         776    +21    9  18  144  -23   89  +17   89   17   6  0  0 L3B E9
C27 FF 60302 183000  780 395 1452    -2468236   -110         537    -56    7  18  127  +18  177  +18  177   18   5  0  0 L3B 3C
C29 FF 60302 183000  780 276 3135    -2188623    -13         622    +38    9  18  174  -35   64   -4   64   -4   8  0  0 L3B E9
C30 FF 60302 183000  780 797 2537     +114752    +23         592     +7    2  18   82   +0  207   -4  207   -4   2  0  0 L3B A8
C32 FF 60302 183000  780 867  388    +5460571    +26         604    -14    3  18   81   +1  227   +3  227    3   2  0  0 L3B B3
C38 FF 60302 183000  780 701 3438    -1260692    -34         823    -10    4  18   86   +0   72   +7   72    7   3  0  0 L3B A5
C41 FF 60302 183000  780 297  474    +8751802    -42        -137    -62    7  18  163  +30  561  +15  561   15   6  0  0 L3B 13
C20 FF 60302 184600  780 400 2328      +10747   +407         808    +58    6  18  126  -16   93  -20   93  -20   5  0  0 L3B E5
C27 FF 60302 184600  780 329 1486    -2468314    -91         510    -37   10  18  148  +27  167   -3  167   -3   8  0  0 L3B 23
C29 FF 60302 184600  780 333 3122    -2188628     -8         665    +43    8  18  147  -23   59   +1   59    1   7  0  0 L3B D0
C30 FF 60302 184600  780 772 2188     +114761    +11         586     -5    2  18   83   +2  211   +3  211    3   2  0  0 L3B 92
C32 FF 60302 184600  780 797  330    +5460603    +32         597     -9    2  18   82   +2  223   -4  223   -4   1  0  0 L3B B0
C38 FF 60302 184600  780 699 3502    -1260717    -17         821     +7    3  18   86   +0   75   -7   75   -7   2  0  0 L3B B8
C41 FF 60302 184600  780 239  487    +8751771    -22        -188    -43   12  18  198  +45  570  +12  570   12  10  0  0 L3B 41
C20 FF 60302 190200  780 459 2388      +11118   +368         830    +18    5  19  113  -11   85   +2   85    2   3  0  0 L3B B0
C27 FF 60302 190200  780 265 1513    -2468405   -119         470    -66   17  19  180  +42  169  +23  169   23  12  0  0 L3B 50
C29 FF 60302 190200  780 390 3096    -2188641    -12         696    +39    5  19  129  -16   62   +1   62    1   4  0  0 L3B D6
C30 FF 60302 190200  780 715 2009     +114768    +12         589     -2    4  19   85   +3  213   -7  213   -7   3  0  0 L3B AA
C32 FF 60302 190200  780 728  347    +5460624     +5         589    -34    2  19   85   +3  224   +6  224    6   2  0  0 L3B AA
C38 FF 60302 190200  780 698 3565    -1260744    -11         819    +13    4  19   86   +0   79   -8   79   -8   4  0  0 L3B D5
C41 FF 60302 190200  780 184  505    +8751750    -69        -228    -90    8  19  254  +74  576  +35  576   35   7  0  0 L3B 32
C20 FF 60302 191800  780 515 2459      +11487   +372         862    +22    3  19  103   -8   76   +0   76    0   3  0  0 L3B A2
C27 FF 60302 191800  780 201 1536    -2468508    -91         419    -37   17  19  234  +72  177   -1  177   -1  10  0  0 L3B 2C
C29 FF 60302 191800  780 443 3054    -2188658    -19         728    +31    5  19  116  -11   62   +4   62    4   5  0  0 L3B D7
C30 FF 60302 191800  780 646 1928     +114758     -8         565    -23    4  19   89   +5  221   +1  221    1   3  0  0 L3B A9
C32 FF 60302 191800  780 661  375    +5460645    +12         573    -27    2  19   88   +5  218   -1  218   -1   2  0  0 L3B CA
C38 FF 60302 191800  780 699   27    -1260757    -25         828     -1    4  19   86   +0   72   +5   72    5   2  0  0 L3B 86
C41 FF 60302 191800  780 130  529    +8751739    -10        -259    -30   11  19  351 +137  564  -20  564  -20   9  0  0 L3B 44
C20 FF 60302 193400  780 568 2544      +11843   +380         882    +30    3  19   97   -6   75   -7   75   -7   2  0  0 L3B B3
C29 FF 60302 193400  780 490 2991    -2188673     +1         762    +52    4  19  107   -7   59  -20   59  -20   3  0  0 L3B EC
C30 FF 60302 193400  780 574 1887     +114745    -12         538    -26    5  19   96   +8  225   +7  225    7   4  0  0 L3B CC
C32 FF 60302 193400  780 597  408    +5460657    +15         546    -25    5  19   94   +6  219   -4  219   -4   4  0  0 L3B DC
C38 FF 60302 193400  780 702   90    -1260781     +0         827    +24    4  19   86   +0   73  -18   73  -18   3  0  0 L3B A5
C19 FF 60302 195000  780 143 2463    +9473823     -4         513    +51   13  19  324 -108  173   -8  173   -8   9  0  0 L3B 1A
C20 FF 60302 195000  780 617 2649      +12194   +372         898    +22    4  19   92   -4   75   -8   75   -8   3  0  0 L3B B8
C29 FF 60302 195000  780 527 2905    -2188704    -48         779     +3    4  19  102   -4   65  +13   65   13   3  0  0 L3B D9
C30 FF 60302 195000  780 501 1865     +114723    -29         502    -44    4  19  105  +12  231  +12  231   12   3  0  0 L3B D9
C32 FF 60302 195000  780 536  445    +5460661    +29         513    -10    4  19  100   +8  226  -13  226  -13   3  0  0 L3B E8
C38 FF 60302 195000  780 706  156    -1260803    -38         828    -14    2  19   86   +0   74  +13   74   13   2  0  0 L3B BA
C19 FF 60302 200600  780 191 2512    +9473809     -8         555    +47   12  20  246  -61  170  -12  170  -12   8  0  0 L3B 1B
C20 FF 60302 200600  780 660 2780      +12545   +352         909     +2    3  20   89   -3   68   +4   68    4   2  0  0 L3B 78
C29 FF 60302 200600  780 549 2796    -2188744    -45         791     +6    4  20   99   -2   70   +5   70    5   4  0  0 L3B AC
C30 FF 60302 200600  780 429 1851     +114701    -24         469    -38    5  20  119  +17  234   +2  234    2   3  0  0 L3B C3
C32 FF 60302 200600  780 478  484    +5460667    +25         485    -14    7  20  109  +10  231  -14  231  -14   4  0  0 L3B FF
C38 FF 60302 200600  780 712  224    -1260832    -23         821     +1    3  20   85   +0   79   +4   79    4   2  0  0 L3B 6D
C39 FF 60302 200600  780 311 1717      +63309    +71         785    +71   46  20  156  -17   29  -46   29  -46  45  0  0 L3B 07
C19 FF 60302 202200  780 238 2564    +9473796     -4         596    +51   14  20  200  -38  165  -26  165  -26   9  0  0 L3B 32
C20 FF 60302 202200  780 694 2944      +12885   +363         913    +13    4  20   86   -2   68   -7   68   -7   3  0  0 L3B A8
C23 FF 60302 202200  780 125  731    +7990931    -52         767     +3   33  20  367  -58  -51  +22  -51   22  32  0  0 L3B FF
C29 FF 60302 202200  780 554 2674    -2188784    -47         800     +4    4  20   98   +1   72   +1   72    1   3  0  0 L3B 93
C30 FF 60302 202200  780 358 1841     +114677    -20         433    -34    9  20  138  +24  232   -1  232   -1   6  0  0 L3B CB
C32 FF 60302 202200  780 422  525    +5460668    +10         449    -29    7  20  120  +13  230  -14  230  -14   6  0  0 L3B EB
C35 FF 60302 202200  780 138 3206    -4731258   +175         356    +89   22  20  336 -118  163  -29  163  -29  20  0  0 L3B 6B
C38 FF 60302 202200  780 719  298    -1260852    -20         823     +4    3  20   85   +0   80   -3   80   -3   2  0  0 L3B 7E
C39 FF 60302 202200  780 348 1734      +63335    +24         811    +24   35  20  141  -14   26  -10   26  -10  34  0  0 L3B DA
C19 FF 60302 203800  780 284 2620    +9473767     +8         620    +63   10  20  170  -26  163  -35  163  -35   7  0  0 L3B 23
C20 FF 60302 203800  780 715 3143      +13227   +356         919     +6    3  20   85   -1   64   -8   64   -8   2  0  0 L3B 88
C23 FF 60302 203800  780 141  670    +7990888    -30         775    +24   19  20  327  -29  -42  -13  -42  -13  17  0  0 L3B 2F
C29 FF 60302 203800  780 539 2553    -2188837    -61         795    -10    3  20  100   +3   74   +6   74    6   3  0  0 L3B BF
C30 FF 60302 203800  780 289 1832     +114632    -37         374    -51    9  20  167  +37  247  +11  247   11   8  0  0 L3B FE
C32 FF 60302 203800  780 369  568    +5460678    +12         422    -27    6  20  134  +17  226   -6  226   -6   5  0  0 L3B EE
C35 FF 60302 203800  780 185 3175    -4731120   +116         412    +30   20  20  253  -61  154  +16  154   16  15  0  0 L3B 29
C38 FF 60302 203800  780 727  379    -1260874    -16         825     +8    3  20   85   +0   79   -1   79   -1   2  0  0 L3B 9F
C39 FF 60302 203800  780 386 1754      +63367    +32         843    +32   43  20  130  -11   19   -1   19   -1  42  0  0 L3B CA
C19 FF 60302 205400  780 330 2680    +9473742    -55         648     +1    6  20  148  -19  155  +20  155   20   5  0  0 L3B FF
C20 FF 60302 205400  780 720 3361      +13560   +345         916     -5    3  20   85   +0   61   +1   61    1   3  0  0 L3B 5B
C23 FF 60302 205400  780 149  608    +7990841    +14         781    +68   15  20  309   -8  -42  -54  -42  -54  14  0  0 L3B 20
C29 FF 60302 205400  780 508 2447    -2188901    -71         780    -20    4  20  104   +6   79   +6   79    6   3  0  0 L3B C1
C30 FF 60302 205400  780 222 1824     +114596    -25         324    -39    8  20  213  +61  256   +0  256    0   6  0  0 L3B C5
C32 FF 60302 205400  780 319  613    +5460682    +22         388    -17    8  20  153  +22  226  -13  226  -13   6  0  0 L3B 00
C35 FF 60302 205400  780 227 3135    -4731014   +123         435    +37   13  20  208  -35  163   +0  163    0  10  0  0 L3B FC
C38 FF 60302 205400  780 735  468    -1260896    -20         826     +4    3  20   84   +0   81   +0   81    0   3  0  0 L3B 78
C39 FF 60302 205400  780 423 1777      +63413    +25         889    +26   80  20  120   -9    2   -7    2   -7  68  0  0 L3B A7
C19 FF 60302 211000  780 375 2743    +9473716     -6         690    +51    7  21  133  -14  149  -22  149  -22   5  0  0 L3B 10
C20 FF 60302 211000  780 710 3572      +13895   +342         903    -10    2  21   85   +1   61   +8   61    8   1  0  0 L3B 74
C23 FF 60302 211000  780 149  547    +7990767    -80         753    -26   11  21  310  +10  -22  +34  -22   34  13  0  0 L3B 06
C29 FF 60302 211000  780 464 2360    -2188968    -85         747    -35    5  21  112   +9   81  +17   81   17   4  0  0 L3B EB
C30 FF 60302 211000  780 158 1814     +114560    -43         270    -58   16  21  293 +114  256   +6  256    6  11  0  0 L3B FC
C32 FF 60302 211000  780 270  659    +5460681    +15         337    -26   12  21  177  +30  232  -10  232  -10  10  0  0 L3B 0A
C35 FF 60302 211000  780 263 3084    -4730895   +107         490    +23   13  21  182  -21  161   +0  161    0   9  0  0 L3B F7
C37 FF 60302 211000  780 232 1082    +9315815     +8         163    +11   12  21  205  -35  306   +4  306    4  13  0  0 L3B DA
C38 FF 60302 211000  780 743  569    -1260915    -25         824     -1    2  21   84   +0   78   +0   78    0   2  0  0 L3B 77
C39 FF 60302 211000  780 460 1803      +63434    +68         889    +65   42  21  112   -7    5  -43    5  -43  43  0  0 L3B C1
C19 FF 60302 212600  780 420 2810    +9473683    -25         712    +32    7  21  121  -11  147   -9  147   -9   6  0  0 L3B F8
C20 FF 60302 212600  780 687  154      +14219   +335         889    -17    2  21   87   +2   65   +4   65    4   2  0  0 L3B 82
C23 FF 60302 212600  780 139  488    +7990714    +14         752    +67   20  21  330  +32  -30  -46  -30  -46  20  0  0 L3B 1C
C29 FF 60302 212600  780 412 2290    -2189050    -88         713    -39    6  21  123  +14   91   +7   91    7   4  0  0 L3B CB
C32 FF 60302 212600  780 223  706    +5460695    +80         312    +40   12  21  211  +42  223  -66  223  -66  11  0  0 L3B 11
C35 FF 60302 212600  780 291 3023    -4730781   +108         523    +23   16  21  166  -12  158  +18  158   18  12  0  0 L3B 3D
C37 FF 60302 212600  780 270 1021    +9315838    +70         190    +73   14  21  178  -22  301  -46  301  -46  10  0  0 L3B 2D
C38 FF 60302 212600  780 749  681    -1260943    -16         818     +7    2  21   84   +0   83   -2   83   -2   2  0  0 L3B 92
C39 FF 60302 212600  780 496 1834      +63456    +59         907    +56   51  21  106   -6    4  -39    4  -39  51  0  0 L3B D9
C19 FF 60302 214200  780 464 2881    +9473650    -28         734    +29    5  21  112   -8  144   -6  144   -6   4  0  0 L3B F3
C20 FF 60302 214200  780 656  306      +14540   +323         873    -28    3  21   89   +2   67   +7   67    7   2  0  0 L3B 7D
C23 FF 60302 214200  780 121  433    +7990641   -106         730    -52   19  21  376  +67  -23  +39  -23   39  17  0  0 L3B 2B
C29 FF 60302 214200  780 355 2235    -2189135   -136         674    -87    8  21  139  +20   97  +47   97   47   6  0  0 L3B 21
C32 FF 60302 214200  780 178  753    +5460657    -30         235    -71   15  21  261  +64  263  +21  263   21  12  0  0 L3B 13
C35 FF 60302 214200  780 308 2954    -4730677   +152         546    +68   10  21  157   -6  159  -38  159  -38   8  0  0 L3B 4E
C37 FF 60302 214200  780 302  953    +9315849     +3         205     +7    9  21  160  -14  303   +1  303    1   9  0  0 L3B A3
C38 FF 60302 214200  780 752  805    -1260961    -32         823     -9    3  21   84   +0   79   +7   79    7   2  0  0 L3B 8C
C39 FF 60302 214200  780 531 1868      +63450    +23         899    +20    5  21  101   -5   25   -5   25   -5   4  0  0 L3B 95
C19 FF 60302 215800  780 508 2958    +9473627    -38         765    +19    5  21  104   -7  129   -3  129   -3   4  0  0 L3B 06
C20 FF 60302 215800  780 620  432      +14862   +338         857    -14    3  21   91   +3   67   -2   67   -2   3  0  0 L3B 85
C29 FF 60302 215800  780 296 2189    -2189226   -100         631    -51    9  21  163  +30  107  +14  107   14   6  0  0 L3B 1F
C32 FF 60302 215800  780 135  802    +5460663    -14         202    -54   18  21  341 +107  273  +32  273   32  12  0  0 L3B 1E
C35 FF 60302 215800  780 315 2880    -4730600   +139         543    +55   13  21  154   +0  174  -34  174  -34   9  0  0 L3B 2C
C37 FF 60302 215800  780 326  879    +9315867    -28         227    -24   12  21  150   -8  294  +28  294   28  10  0  0 L3B 2D
C38 FF 60302 215800  780 750  937    -1260987    -39         820    -16    3  21   84   +0   82  +13   82   13   2  0  0 L3B BF
C39 FF 60302 215800  780 566 1908      +63470    +66         916    +63   29  21   97   -4   22  -50   22  -50  29  0  0 L3B E9
C46 FF 60302 215800  780 222 1492    +1102053   +113        1093    +83   15  21  213  -55 -201  -37 -201  -37  12  0  0 L3B 5B
C19 FF 60302 221400  780 551 3042    +9473584    -27         752    +27    6  22   99   -5  130  -12  130  -12   5  0  0 L3B F7
C20 FF 60302 221400  780 581  539      +15180   +332         848    -19    4  22   95   +4   66   +1   66    1   3  0  0 L3B 79
C29 FF 60302 221400  780 237 2150    -2189303   -164         619   -113    8  22  199  +47  101  +64  101   64   9  0  0 L3B 34
C35 FF 60302 221400  780 309 2804    -4730509    +91         532     +4   11  22  157   +5  169   -5  169   -5   8  0  0 L3B EB
C37 FF 60302 221400  780 339  801    +9315866     -1         254     +6    6  22  145   -3  298   -5  298   -5   5  0  0 L3B C3
C38 FF 60302 221400  780 744 1069    -1261012    -15         818     +8    5  22   84   +0   84   -3   84   -3   4  0  0 L3B 9A
C39 FF 60302 221400  780 599 1954      +63497    -29         941    -32   45  22   93   -3    7  +50    7   50  44  0  0 L3B BD
C46 FF 60302 221400  780 282 1456    +1102125    +60        1140    +29    9  22  171  -35 -206  +15 -206   15   8  0  0 L3B 21
C19 FF 60302 223000  780 593 3135    +9473547    -34         767    +20    3  22   94   -4  128  -10  128  -10   3  0  0 L3B F9
C20 FF 60302 223000  780 541  634      +15494   +329         826    -21    6  22  100   +5   71   +1   71    1   5  0  0 L3B 72
C29 FF 60302 223000  780 180 2115    -2189421    -87         551    -36   24  22  259  +81  134   -8  134   -8  22  0  0 L3B 1F
C35 FF 60302 223000  780 293 2730    -4730432   +104         526    +18    9  22  165  +11  172  -14  172  -14   6  0  0 L3B 1C
C37 FF 60302 223000  780 341  722    +9315858     +4         252    +10   13  22  144   +2  304  -12  304  -12  10  0  0 L3B E1
C38 FF 60302 223000  780 732 1194    -1261038    -19         815     +5    5  22   84   +1   87   -4   87   -4   4  0  0 L3B A3
C39 FF 60302 223000  780 631 2008      +63502    +10         943     +7    3  22   91   -3   16   +4   16    4   2  0  0 L3B 4E
C44 FF 60302 223000  780 119 3177    -3329422   -118         270     -2   16  22  383  -72  221  +22  221   22  17  0  0 L3B 1F
C46 FF 60302 223000  780 341 1415    +1102199    +55        1185    +25    8  22  144  -23 -212   +6 -212    6   7  0  0 L3B FF
C19 FF 60302 224600  780 634 3243    +9473505    -61         777     -8    4  22   90   -3  126  +13  126   13   3  0  0 L3B DE
C20 FF 60302 224600  780 498  720      +15809   +346         804     -4    4  22  106   +7   77   -8   77   -8   3  0  0 L3B 99
C22 FF 60302 224600  780 165 2868    +1738363   -116         793    +33   16  22  282  -76    1   +9    1    9  12  0  0 L3B E6
C35 FF 60302 224600  780 267 2660    -4730361    +93         513     +6    9  22  179  +19  178   -1  178   -1   8  0  0 L3B FA
C37 FF 60302 224600  780 330  647    +9315845    -23         246    -16    6  22  148   +7  309  +14  309   14   6  0  0 L3B F5
C38 FF 60302 224600  780 715 1306    -1261059    -45         816    -22    3  22   85   +1   88  +21   88   21   2  0  0 L3B C8
C39 FF 60302 224600  780 660 2070      +63509    +14         948    +12    3  22   88   -2   20   +1   20    1   2  0  0 L3B 67
C44 FF 60302 224600  780 137 3122    -3329532   -108         271     +8   24  22  334  -34  239  +18  239   18  17  0  0 L3B 37
C46 FF 60302 224600  780 400 1365    +1102256    +77        1213    +46    7  22  126  -16 -207  -10 -207  -10   6  0  0 L3B 2C
C19 FF 60302 230200  780 673 3371    +9473461    -46         797    +10    3  23   88   -2  129   +6  129    6   2  0  0 L3B D8
C20 FF 60302 230200  780 455  797      +16121   +318         775    -33    4  23  113   +9   89  +17   89   17   3  0  0 L3B BD
C22 FF 60302 230200  780 211 2914    +1738240   -163         778    -19   14  23  224  -48    1  +23    1   23  10  0  0 L3B E4
C35 FF 60302 230200  780 233 2595    -4730296    +61         491    -26    7  23  203  +31  183  +19  183   19   4  0  0 L3B 12
C36 FF 60302 230200  780 175 1784     +796595    -84         -41    +69   11  23  269  -96  535  -11  535  -11   9  0  0 L3B 39
C37 FF 60302 230200  780 309  578    +9315835    -29         217    -26    9  23  157  +13  308  +15  308   15   8  0  0 L3B 0E
C38 FF 60302 230200  780 693 1404    -1261088    -23         814     +1    3  23   86   +1   98   +0   98    0   2  0  0 L3B 8A
C39 FF 60302 230200  780 687 2143      +63521    +11         942     +6    3  23   87   -2   19   -1   19   -1   2  0  0 L3B 6D
C44 FF 60302 230200  780 147 3063    -3329617    -79         315    +37   19  23  314  -11  230  -36  230  -36  15  0  0 L3B 3A
C46 FF 60302 230200  780 456 1302    +1102320    +56        1256    +26    7  23  113  -11 -204   +6 -204    6   6  0  0 L3B EE
C19 FF 60302 231800  780 706 3532    +9473413    -43         802    +12    4  23   86   -2  139   +6  139    6   3  0  0 L3B CC
C20 FF 60302 231800  780 410  869      +16430   +311         748    -40    6  23  123  +11  113  +32  113   32   5  0  0 L3B C5
C22 FF 60302 231800  780 258 2959    +1738149   -117         825    +27    7  23  185  -33  -20   +6  -20    6   6  0  0 L3B 01
C35 FF 60302 231800  780 194 2537    -4730251    +43         453    -44   15  23  241  +50  204  +29  204   29  12  0  0 L3B 27
C36 FF 60302 231800  780 239 1773     +796505    -85          17    +68    9  23  200  -53  531  -22  531  -22   8  0  0 L3B 08
C37 FF 60302 231800  780 277  520    +9315809    -34         193    -31   11  23  173  +21  329  +18  329   18   9  0  0 L3B 1B
C38 FF 60302 231800  780 667 1488    -1261120    -31         805     -7    3  23   88   +2  110  +11  110   11   2  0  0 L3B C1
C39 FF 60302 231800  780 711 2229      +63526     +3         942     -2    3  23   85   -1   27  +11   27   11   2  0  0 L3B 6F
C44 FF 60302 231800  780 147 3002    -3329722   -116         320     +0   25  23  312   +8  225   +4  225    4  20  0  0 L3B DB
C46 FF 60302 231800  780 505 1223    +1102380    +57        1288    +27    7  23  105   -7 -203   +9 -203    9   4  0  0 L3B F7
C19 FF 60302 233400  780 730  134    +9473363    -50         805     +5    4  23   85   -1  151  +13  151   13   3  0  0 L3B B7
C20 FF 60302 233400  780 365  936      +16734   +339         714    -12    9  23  136  +15  144  +12  144   12   7  0  0 L3B E1
C22 FF 60302 233400  780 308 3003    +1738032    -93         846    +50    8  23  158  -24   -6   -7   -6   -7   5  0  0 L3B CA
C35 FF 60302 233400  780 152 2483    -4730203    +82         418     -5   10  23  304  +85  230  +12  230   12   9  0  0 L3B F4
C36 FF 60302 233400  780 306 1764     +796400    -79          59    +74    7  23  159  -33  534  -19  534  -19   6  0  0 L3B 1A
C37 FF 60302 233400  780 238  472    +9315776    -64         163    -61   13  23  199  +34  359  +60  359   60  12  0  0 L3B 3A
C38 FF 60302 233400  780 638 1559    -1261148    -44         800    -21    4  23   90   +2  123  +23  123   23   2  0  0 L3B D9
C39 FF 60302 233400  780 731 2330      +63537    +10         949     +5    3  23   84   -1   33   +8   33    8   2  0  0 L3B 65
C44 FF 60302 233400  780 139 2940    -3329846   -151         308    -36   16  23  330  +29  244  +28  244   28  14  0  0 L3B 4F
C46 FF 60302 233400  780 544 1122    +1102425    +33        1305     +3    4  23   99   -4 -196  +22 -196   22   3  0  0 L3B F1
