CGGTTS     GENERIC DATA FORMAT VERSION = 2E
REV DATE = 2023-12-15                    
RCVR = TRIMBLE NETR9 5049K72188      R2CGGTTS v8.6    
CH = 12 
IMS = TRIMBLE NETR9 5049K72188      
LAB = CEPNT                         
X = -2154293.56 m 
Y = +4373452.74 m 
Z = +4098891.74 m 
FRAME = ITRF
COMMENTS = NO TGD applied: USE ONLY in COMMON VIEW
TOT DLY =    0.0 ns (BDS B1C),    0.0 ns (BDS B2a)
REF = ITRF10                        
CKSUM = B1

SAT CL  MJD  STTIME TRKL ELV AZTH   REFSV      SRSV     REFSYS    SRSYS  DSG IOE MDTR SMDT MDIO SMDI MSIO SMSI ISG FR HC FRC CK
             hhmmss  s  .1dg .1dg    .1ns     .1ps/s     .1ns    .1ps/s .1ns     .1ns.1ps/s.1ns.1ps/s.1ns.1ps/s.1ns
C19 FF 60303 000600  780 726  611    +9473259    -67         819    -11    3   0   85   +1  178  +21  178   21   2  0  0 L3B CE
C20 FF 60303 000600  780 271 1056      +17342   +274         653    -77   13   0  176  +30  211  +63  211   63   9  0  0 L3B E4
C22 FF 60303 000600  780 414 3084    +1737824   -113         931    +33    4   0  122  -14   21  +18   21   18   3  0  0 L3B C9
C36 FF 60303 000600  780 445 1741     +796206   -131         169    +24    6   0  115  -15  516  +19  516   19   4  0  0 L3B FB
C37 FF 60303 000600  780 144  409    +9315670    -29          75    -24   31   0  319 +109  494  +72  494   72  26  0  0 L3B 1F
C38 FF 60303 000600  780 573 1671    -1261221    -52         778    -27    3   0   96   +4  156  +29  156   29   2  0  0 L3B E2
C39 FF 60303 000600  780 758 2570      +63540    -14         988    -13    6   0   83   +0   54  +26   54   26   5  0  0 L3B 96
C46 FF 60303 000600  780 571  873    +1102479    +20        1288    -11    3   0   96   +1 -169  +14 -169   14   2  0  0 L3B EB
C19 FF 60303 002200  780 697  811    +9473191    -79         805    -23    4   0   86   +2  201  +29  201   29   4  0  0 L3B CC
C20 FF 60303 002200  780 223 1110      +17670   +343         645     -8   17   0  211  +45  236  +45  236   45  13  0  0 L3B DB
C22 FF 60303 002200  780 470 3120    +1737713   -110         960    +36    5   0  111  -11   37  +13   37   13   4  0  0 L3B C0
C36 FF 60303 002200  780 517 1724     +796097   -110         208    +45    5   0  103  -11  518   -6  518   -6   4  0  0 L3B DF
C38 FF 60303 002200  780 537 1716    -1261255    -25         768     +0    5   0  100   +5  170   +6  170    6   3  0  0 L3B 9F
C39 FF 60303 002200  780 763 2703      +63541     +9         990     +9    4   0   83   +0   66   +4   66    4   4  0  0 L3B 48
C46 FF 60303 002200  780 555  752    +1102503    +18        1283    -13    5   0   98   +3 -161  +13 -161   13   4  0  0 L3B D5
C19 FF 60303 003800  780 655  965    +9473127    -60         795     -3    3   0   89   +3  218   +6  218    6   3  0  0 L3B AA
C22 FF 60303 003800  780 530 3153    +1737610   -101         996    +45    2   0  101   -8   43   +3   43    3   2  0  0 L3B 97
C36 FF 60303 003800  780 590 1695     +795980   -120         240    +35    4   0   94   -7  523   +2  523    2   3  0  0 L3B B7
C38 FF 60303 003800  780 501 1754    -1261292    -48         754    -24    6   0  105   +6  188  +25  188   25   4  0  0 L3B F4
C39 FF 60303 003800  780 765 2834      +63546     -4         995     -3    2   0   83   +0   76  +20   76   20   2  0  0 L3B 73
C45 FF 60303 003800  780 123 2040     +577655   +108        1015    +77   28   0  377 -186   69  -73   69  -73  22  0  0 L3B 44
C46 FF 60303 003800  780 523  652    +1102512    +18        1262    -14    4   0  102   +6 -140   +8 -140    8   3  0  0 L3B B9
C19 FF 60303 005400  780 605 1082    +9473060    -66         783    -10    3   0   93   +5  234  +16  234   16   2  0  0 L3B D1
C22 FF 60303 005400  780 592 3181    +1737498   -123        1025    +23    2   0   94   -6   53  +14   53   14   2  0  0 L3B CB
C36 FF 60303 005400  780 660 1643     +795863   -138         271    +17    3   0   89   -5  523  +11  523   11   2  0  0 L3B D9
C38 FF 60303 005400  780 463 1787    -1261336    -36         734    -12    5   0  112   +7  212  +20  212   20   4  0  0 L3B D2
C39 FF 60303 005400  780 762 2957      +63542     -5         992     -5    2   0   83   +0   89  +11   89   11   2  0  0 L3B 78
C45 FF 60303 005400  780 185 2055     +577743   +112        1074    +82   16   0  255  -86   23  -32   23  -32  14  0  0 L3B 14
C46 FF 60303 005400  780 479  578    +1102512    +11        1231    -21    4   0  109   +9 -114  +16 -114   16   4  0  0 L3B E6
C19 FF 60303 011000  780 550 1174    +9472971   -103         752    -46    5   1   99   +7  263  +39  263   39   3  0  0 L3B FC
C21 FF 60303 011000  780 141 3087    +9662437    +57         669    +71   16   1  329 -123  220   +1  220    1  13  0  0 L3B F9
C22 FF 60303 011000  780 658 3202    +1737386   -120        1048    +25    3   1   89   -5   58   +9   58    9   3  0  0 L3B B9
C36 FF 60303 011000  780 725 1542     +795729   -143         262     +8    3   1   85   -3  531   +6  531    6   3  0  0 L3B A1
C38 FF 60303 011000  780 425 1816    -1261385    -25         706     -1    7   1  119   +9  243   +7  243    7   6  0  0 L3B B1
C39 FF 60303 011000  780 757 3069      +63542    +15         973    +13    3   1   83   +0   99   -5   99   -5   3  0  0 L3B 85
C45 FF 60303 011000  780 248 2074     +577826   +105        1127    +75   12   1  193  -48    2  -16    2  -16  10  0  0 L3B E9
C46 FF 60303 011000  780 427  528    +1102502    +12        1197    -19    6   1  119  +13  -82   +6  -82    6   4  0  0 L3B BA
C19 FF 60303 012600  780 492 1247    +9472894    -75         729    -18    4   1  107  +10  292  +24  292   24   3  0  0 L3B 0F
C21 FF 60303 012600  780 196 3109    +9662443     -4         688    +11   18   1  241  -67  250  +40  250   40  15  0  0 L3B 07
C22 FF 60303 012600  780 725 3208    +1737262   -124        1063    +21    2   1   85   -3   67   +5   67    5   2  0  0 L3B A7
C36 FF 60303 012600  780 774 1330     +795590   -149         269     +3    4   1   83   -1  536   +7  536    7   3  0  0 L3B B4
C38 FF 60303 012600  780 387 1841    -1261425    -36         689    -12    6   1  129  +11  268  +25  268   25   4  0  0 L3B 0B
C39 FF 60303 012600  780 751 3169      +63540     +0         969     -2    4   1   84   +0  109   +8  109    8   2  0  0 L3B 6C
C45 FF 60303 012600  780 313 2099     +577900    +54        1171    +24    6   1  156  -30    4  +24    4   24   5  0  0 L3B A5
C46 FF 60303 012600  780 371  497    +1102490     -6        1156    -37    4   1  134  +18  -55  +23  -55   23   4  0  0 L3B D8
C19 FF 60303 014200  780 432 1308    +9472803   -123         694    -66    4   1  118  +14  326  +62  326   62   4  0  0 L3B 10
C21 FF 60303 014200  780 252 3124    +9662479    +19         739    +33   11   1  190  -42  249  +11  249   11   8  0  0 L3B 0C
C22 FF 60303 014200  780 794 3174    +1737131   -137        1071     +8    2   1   82   -2   86  +18   86   18   1  0  0 L3B C5
C36 FF 60303 014200  780 786  983     +795441   -159         265     -8    4   1   83   +0  545  +16  545   16   3  0  0 L3B CE
C39 FF 60303 014200  780 745 3259      +63538     -3         966     -5    3   1   84   +0  125   +8  125    8   3  0  0 L3B 75
C45 FF 60303 014200  780 379 2129     +577966    +93        1208    +62    5   1  132  -20    7  -17    7  -17   5  0  0 L3B CC
C46 FF 60303 014200  780 314  480    +1102484    -21        1120    -52    9   1  155  +26  -21  +51  -21   51   7  0  0 L3B CD
C19 FF 60303 015800  780 371 1358    +9472718    -83         663    -26    7   1  134  +20  370  +46  370   46   5  0  0 L3B 11
C21 FF 60303 015800  780 311 3132    +9662508    +38         781    +52   10   1  157  -28  251   +3  251    3   7  0  0 L3B DF
C22 FF 60303 015800  780 858 2909    +1736997   -149        1077     -4    2   1   81   -1   98  +20   98   20   2  0  0 L3B E3
C36 FF 60303 015800  780 753  703     +795281   -166         251    -15    3   1   84   +2  562  +14  562   14   3  0  0 L3B CA
C39 FF 60303 015800  780 738 3340      +63536    +13         962    +12    4   1   84   +0  138   -1  138   -1   4  0  0 L3B 95
C45 FF 60303 015800  780 445 2166     +578039    +58        1251    +28    7   1  115  -14   -4   +5   -4    5   6  0  0 L3B AD
C46 FF 60303 015800  780 257  475    +1102465    -13        1071    -44   12   1  186  +40   26  +49   26   49   8  0  0 L3B ED
C19 FF 60303 021400  780 309 1401    +9472611   -118         593    -63    9   2  157  +29  436  +73  436   73   7  0  0 L3B 23
C21 FF 60303 021400  780 370 3131    +9662538    +44         789    +54    4   2  134  -19  251   -6  251   -6   5  0  0 L3B E8
C22 FF 60303 021400  780 846 1927    +1736857   -150        1064     -6    2   2   81   +1  111  +11  111   11   2  0  0 L3B CC
C36 FF 60303 021400  780 698  569     +795119   -186         233    -35    3   2   86   +3  572  +31  572   31   2  0  0 L3B DC
C39 FF 60303 021400  780 733 3415      +63530    -17         944    -20    3   2   84   +0  151  +22  151   22   3  0  0 L3B 99
C45 FF 60303 021400  780 511 2211     +578100    +71        1268    +39    2   2  104  -10  -16  -22  -16  -22   2  0  0 L3B D6
C46 FF 60303 021400  780 200  478    +1102458    +14        1043    -15   17   2  234  +64   80  +20   80   20  12  0  0 L3B D6
C19 FF 60303 023000  780 247 1437    +9472521   -113         556    -58   15   2  192  +46  492  +94  492   94  12  0  0 L3B 4A
C21 FF 60303 023000  780 430 3117    +9662564    +34         825    +44    7   2  119  -14  247  -27  247  -27   7  0  0 L3B 0E
C22 FF 60303 023000  780 775 1756    +1736712   -146        1057     -2    2   2   83   +2  121   -2  121   -2   2  0  0 L3B B8
C36 FF 60303 023000  780 635  512     +794947   -186         207    -34    5   2   90   +5  587  +30  587   30   3  0  0 L3B D7
C39 FF 60303 023000  780 729 3486      +63529     +0         940     -2    5   2   85   +0  160  +12  160   12   3  0  0 L3B 7F
C45 FF 60303 023000  780 577 2268     +578163    +58        1300    +26    4   2   96   -7  -27   -7  -27   -7   4  0  0 L3B C7
C46 FF 60303 023000  780 145  489    +1102435    -49         992    -79   19   2  319 +118  144  +74  144   74  12  0  0 L3B 33
C19 FF 60303 024600  780 185 1466    +9472407   -187         495   -132   14   2  252  +81  596 +191  596  191   9  0  0 L3B 84
C21 FF 60303 024600  780 490 3087    +9662580    +24         850    +34    4   2  107  -10  246  -21  246  -21   3  0  0 L3B FF
C22 FF 60303 024600  780 701 1726    +1736554   -169        1037    -25    4   2   86   +4  138  +16  138   16   3  0  0 L3B 00
C36 FF 60303 024600  780 572  492     +794767   -203         173    -52    5   2   96   +7  601  +38  601   38   4  0  0 L3B DC
C39 FF 60303 024600  780 726 3554      +63526    -17         935    -20    4   2   85   +0  164  +16  164   16   3  0  0 L3B B9
C45 FF 60303 024600  780 640 2342     +578216    +65        1323    +33    4   2   90   -5  -33  -17  -33  -17   3  0  0 L3B D1
C21 FF 60303 030200  780 545 3033    +9662599     +8         906    +21    2   3   99   -7  227   -8  227   -8   2  0  0 L3B C0
C22 FF 60303 030200  780 625 1722    +1736386   -173        1026    -27    3   3   91   +6  154  +18  154   18   3  0  0 L3B F6
C26 FF 60303 030200  780 149 2368    +2250907    +90         429    +36   18   3  312 -108  550  -38  550  -38  14  0  0 L3B 45
C36 FF 60303 030200  780 509  491     +794588   -219         140    -67    8   3  104   +9  618  +31  618   31   4  0  0 L3B EA
C39 FF 60303 030200  780 725   20      +63531    +10         945     +8    4   3   85   +0  161  -14  161  -14   4  0  0 L3B 71
C45 FF 60303 030200  780 701 2448     +578261    +45        1330    +12    2   3   86   -3  -39  -10  -39  -10   2  0  0 L3B C7
C21 FF 60303 031800  780 593 2947    +9662607     -9         926     +4    3   3   94   -4  220   +9  220    9   2  0  0 L3B A1
C22 FF 60303 031800  780 549 1726    +1736216   -178         996    -32    5   3   99   +9  174  +17  174   17   4  0  0 L3B 0E
C26 FF 60303 031800  780 201 2410    +2251012   +133         482    +78    9   3  234  -59  523  -70  523  -70   8  0  0 L3B 0F
C36 FF 60303 031800  780 448  503     +794403   -193         101    -41    3   3  115  +12  625  +16  625   16   2  0  0 L3B DC
C39 FF 60303 031800  780 725   87      +63529     +8         942     +6    2   3   85   +0  159  -13  159  -13   1  0  0 L3B 85
C45 FF 60303 031800  780 754 2613     +578298    +38        1336     +5    2   3   84   -2  -50   -7  -50   -7   2  0  0 L3B AF
C21 FF 60303 033400  780 628 2823    +9662611     +3         943    +16    2   3   91   -2  207  -10  207  -10   2  0  0 L3B BF
C22 FF 60303 033400  780 475 1732    +1736040   -198         959    -52    5   3  110  +13  194  +35  194   35   5  0  0 L3B 15
C26 FF 60303 033400  780 252 2458    +2251098    +96         516    +42   10   3  189  -37  474  -77  474  -77   7  0  0 L3B 3E
C36 FF 60303 033400  780 389  523     +794227   -172          71    -20    5   3  128  +16  633   -4  633   -4   4  0  0 L3B C7
C39 FF 60303 033400  780 727  156      +63529     +9         940     +7    5   3   85   +0  156   -2  156   -2   2  0  0 L3B 6C
C45 FF 60303 033400  780 792 2892     +578329    +28        1336     -5    2   3   82   -1  -57   -9  -57   -9   2  0  0 L3B C3
C22 FF 60303 035000  780 401 1738    +1735860   -189         919    -43    5   3  125  +19  230  +32  230   32   3  0  0 L3B 05
C26 FF 60303 035000  780 303 2509    +2251183    +97         549    +43    8   3  160  -25  421  -62  421  -62   6  0  0 L3B 05
C36 FF 60303 035000  780 333  549     +794020   -191          10    -39    7   3  147  +22  670  +21  670   21   6  0  0 L3B D0
C39 FF 60303 035000  780 731  227      +63528     +5         936     +3    4   3   84   +0  152   -7  152   -7   2  0  0 L3B 60
C42 FF 60303 035000  780 233 3167    +4756121     -9        -214    +52   13   3  204  -45  851  -67  851  -67   9  0  0 L3B 1F
C45 FF 60303 035000  780 798 3279     +578355     +8        1329    -25    2   3   82   +0  -66   +8  -66    8   2  0  0 L3B B4
C21 FF 60303 040600  780 629 2505    +9662581    -29         928    -17    3   4   91   +2  212   +7  212    7   2  0  0 L3B B8
C22 FF 60303 040600  780 330 1742    +1735676   -194         880    -47   10   4  148  +29  259  +45  259   45   7  0  0 L3B 3A
C26 FF 60303 040600  780 353 2565    +2251268   +112         584    +58   12   4  140  -18  382  -63  382  -63   9  0  0 L3B 38
C36 FF 60303 040600  780 279  580     +793845   -247         -13    -94   13   4  172  +31  677  +75  677   75   8  0  0 L3B 25
C39 FF 60303 040600  780 735  303      +63533     -4         941     -6    3   4   84   +0  147  +10  147   10   2  0  0 L3B 6C
C42 FF 60303 040600  780 284 3136    +4756096    -28        -163    +33   10   4  170  -28  814  -28  814  -28   7  0  0 L3B 38
C45 FF 60303 040600  780 770 3592     +578376    +12        1338    -18    2   4   83   +1  -66   +5  -66    5   2  0  0 L3B B7
C21 FF 60303 042200  780 594 2369    +9662553    -28         911    -17    2   4   94   +4  222   +9  222    9   2  0  0 L3B BF
C22 FF 60303 042200  780 261 1745    +1735482   -190         827    -44   14   4  183  +46  321  +62  321   62  10  0  0 L3B 29
C26 FF 60303 042200  780 402 2627    +2251355    +78         619    +24    6   4  125  -13  343  -44  343  -44   4  0  0 L3B 04
C36 FF 60303 042200  780 228  614     +793651   -112         -62    +40   11   4  207  +44  721  -26  721  -26   9  0  0 L3B FB
C39 FF 60303 042200  780 740  385      +63539     +0         946     -2    4   4   84   +0  144   -2  144   -2   2  0  0 L3B 5D
C42 FF 60303 042200  780 330 3092    +4756073    -30        -127    +31   14   4  148  -18  788  -12  788  -12  11  0  0 L3B 3A
C45 FF 60303 042200  780 725  185     +578394     +9        1326    -21    3   4   85   +2  -67   +1  -67    1   3  0  0 L3B 8C
C21 FF 60303 043800  780 545 2267    +9662524    -34         893    -22    4   4   99   +7  234  +11  234   11   3  0  0 L3B E2
C22 FF 60303 043800  780 194 1745    +1735262   -222         747    -76   17   4  241  +80  429 +116  429  116  13  0  0 L3B 64
C26 FF 60303 043800  780 449 2694    +2251442    +79         654    +25    7   4  114  -10  314  -19  314  -19   6  0  0 L3B 16
C36 FF 60303 043800  780 179  650     +793458   -238        -107    -86   14   4  261  +69  773  +66  773   66  10  0  0 L3B 4A
C39 FF 60303 043800  780 746  476      +63541     +2         946     +0    2   4   84   +0  144  +10  144   10   2  0  0 L3B 6F
C42 FF 60303 043800  780 369 3034    +4756042    -22         -99    +39    6   4  135  -11  775  -13  775  -13   5  0  0 L3B 19
C45 FF 60303 043800  780 676  312     +578405     +2        1308    -29    4   4   87   +3  -64   +9  -64    9   4  0  0 L3B 99
C21 FF 60303 045400  780 486 2194    +9662480    -22         861    -10    7   4  108  +11  250  -12  250  -12   7  0  0 L3B FF
C26 FF 60303 045400  780 496 2768    +2251515    +74         676    +20    5   4  106   -8  302   -7  302   -7   4  0  0 L3B DB
C29 FF 60303 045400  780 220 1034    -2190599    -37         549    +14   13   4  215  -37  406  +12  406   12   9  0  0 L3B 0D
C30 FF 60303 045400  780 126  495     +114879     +1         198    -13   25   4  363  +21  567   -7  567   -7  26  0  0 L3B E7
C36 FF 60303 045400  780 131  689     +793284   -156        -136     -3   22   4  349 +120  794   +1  794    1  19  0  0 L3B 0E
C39 FF 60303 045400  780 750  575      +63542     +8         945     +6    4   4   84   +0  144   -8  144   -8   3  0  0 L3B 74
C40 FF 60303 045400  780 378 1768     +492840    +69         676    +57   37   4  132  -12  359  -61  359  -61  36  0  0 L3B 45
C42 FF 60303 045400  780 398 2962    +4756005    -20         -78    +41    5   4  126   -7  778  -23  778  -23   3  0  0 L3B 0F
C45 FF 60303 045400  780 625  408     +578410     +2        1283    -29    3   4   91   +4  -59   +5  -59    5   3  0  0 L3B 8F
C21 FF 60303 051000  780 422 2140    +9662435    -26         860    -11    5   5  120  +15  271  +10  271   10   4  0  0 L3B D6
C26 FF 60303 051000  780 541 2850    +2251580    +71         683    +16    5   5  100   -6  289  -12  289  -12   4  0  0 L3B F2
C29 FF 60303 051000  780 257  972    -2190631    +16         570    +67   13   5  186  -23  350  -92  350  -92  14  0  0 L3B 24
C39 FF 60303 051000  780 754  685      +63544     -1         948     -3    2   5   84   +0  147   +1  147    1   2  0  0 L3B 59
C42 FF 60303 051000  780 416 2878    +4755963    -38         -85    +20    7   5  122   -3  775  -14  775  -14   4  0  0 L3B 0B
C45 FF 60303 051000  780 575  488     +578417     -6        1269    -36    5   5   96   +6  -52   +4  -52    4   3  0  0 L3B 9D
C21 FF 60303 052600  780 357 2099    +9662384    -70         824    -55    7   5  138  +23  298  +43  298   43   6  0  0 L3B 25
C24 FF 60303 052600  780 131 2682    -7253298   -409         653    -42   24   5  353 -118  423  -12  423  -12  18  0  0 L3B 59
C26 FF 60303 052600  780 584 2942    +2251645    +70         695    +15    5   5   95   -4  280  -13  280  -13   3  0  0 L3B EF
C29 FF 60303 052600  780 286  904    -2190664    -27         585    +24    9   5  168  -14  331  -23  331  -23  10  0  0 L3B 14
C39 FF 60303 052600  780 754  803      +63546    -13         949    -15    2   5   84   +0  143  +12  143   12   2  0  0 L3B 9D
C40 FF 60303 052600  780 452 1822     +492910    +76         684    +61    6   5  114   -8  323  -42  323  -42   4  0  0 L3B E4
C42 FF 60303 052600  780 419 2788    +4755915    -37         -76    +21    5   5  121   +1  765  -10  765  -10   4  0  0 L3B 01
C45 FF 60303 052600  780 525  559     +578418     +9        1242    -21    6   5  102   +7  -47   -7  -47   -7   5  0  0 L3B B6
C21 FF 60303 054200  780 292 2066    +9662326    -69         781    -53    5   5  165  +34  336  +46  336   46   5  0  0 L3B 16
C24 FF 60303 054200  780 175 2730    -7253624   -346         679    +21   24   5  268  -67  380  -23  380  -23  15  0  0 L3B 52
C26 FF 60303 054200  780 625 3049    +2251717    +85         715    +30    4   5   91   -3  259  -23  259  -23   3  0  0 L3B EC
C29 FF 60303 054200  780 307  831    -2190695    -83         604    -32    9   5  158   -8  313   +1  313    1   8  0  0 L3B BC
C35 FF 60303 054200  780 214 1471    -4728271    +92         406     +4   16   5  222  -59  576 -124  576 -124  12  0  0 L3B 49
C39 FF 60303 054200  780 751  926      +63541    -17         943    -19    4   5   84   +0  147   +7  147    7   3  0  0 L3B 8E
C40 FF 60303 054200  780 488 1854     +492945    +19         704     +3    5   5  107   -6  309  +14  309   14   4  0  0 L3B D0
C42 FF 60303 054200  780 408 2697    +4755851    -72         -84    -13    4   5  124   +5  772   +0  772    0   4  0  0 L3B CD
C45 FF 60303 054200  780 477  625     +578417     +7        1212    -23    4   5  109   +9  -36   -2  -36   -2   3  0  0 L3B A7
C21 FF 60303 055800  780 229 2038    +9662261    -81         731    -65   13   5  207  +55  400 +110  400  110   9  0  0 L3B 25
C24 FF 60303 055800  780 219 2779    -7253941   -321         715    +46   22   5  216  -43  329  -42  329  -42  17  0  0 L3B 59
C26 FF 60303 055800  780 662 3175    +2251780    +59         726     +5    3   5   88   -2  250  -11  250  -11   3  0  0 L3B D5
C29 FF 60303 055800  780 318  754    -2190731    -77         617    -26   13   5  153   -2  288  +18  288   18  12  0  0 L3B 1B
C35 FF 60303 055800  780 272 1434    -4728144   +177         448    +89   12   5  177  -37  485  -62  485  -62   9  0  0 L3B 60
C39 FF 60303 055800  780 744 1050      +63540    +27         940    +25    5   5   84   +0  150  -18  150  -18   4  0  0 L3B BB
C40 FF 60303 055800  780 523 1891     +492987    +48         731    +32    4   5  102   -5  282  -30  282  -30   3  0  0 L3B EB
C42 FF 60303 055800  780 384 2612    +4755781    -72         -98    -14    7   5  130   +9  780   +5  780    5   5  0  0 L3B DF
C45 FF 60303 055800  780 429  687     +578415    -16        1181    -45    4   5  118  +11  -26  +33  -26   33   3  0  0 L3B EC
C21 FF 60303 061400  780 167 2011    +9662186    -90         669    -74   18   6  278  +98  533 +193  533  193  18  0  0 L3B 6F
C24 FF 60303 061400  780 265 2828    -7254248   -409         734    -46   20   6  181  -30  281  +15  281   15  13  0  0 L3B 3C
C26 FF 60303 061400  780 694 3327    +2251837    +67         742    +14    3   6   86   -2  249  -14  249  -14   3  0  0 L3B F7
C29 FF 60303 061400  780 316  678    -2190786    -40         616    +12   13   6  154   +3  280  -19  280  -19  14  0  0 L3B 13
C35 FF 60303 061400  780 331 1392    -4728029   +133         486    +46    8   6  148  -24  408  -76  408  -76   9  0  0 L3B 3D
C39 FF 60303 061400  780 732 1166      +63545     +9         944     +8    6   6   84   +1  148   -7  148   -7   4  0  0 L3B 90
C40 FF 60303 061400  780 557 1934     +493013    +22         750     +7    3   6   98   -4  280   +5  280    5   2  0  0 L3B 8E
C42 FF 60303 061400  780 349 2535    +4755698    -85        -107    -24    7   6  141  +14  807  +30  807   30   6  0  0 L3B 1C
C45 FF 60303 061400  780 383  747     +578404    -13        1136    -43    5   6  130  +14   -6  +24   -6   24   4  0  0 L3B B6
C24 FF 60303 063000  780 311 2878    -7254567   -338         764    +25   10   6  156  -22  243  -29  243  -29   7  0  0 L3B 44
C26 FF 60303 063000  780 717 3511    +2251891    +40         745    -14    4   6   85   -1  237  +19  237   19   2  0  0 L3B DB
C29 FF 60303 063000  780 304  606    -2190832    -82         619    -30   11   6  159   +9  262   +8  262    8  10  0  0 L3B DA
C35 FF 60303 063000  780 389 1341    -4727898   +104         533    +16    8   6  129  -16  367  -18  367  -18   6  0  0 L3B 40
C39 FF 60303 063000  780 716 1273      +63546     +9         944     +8    3   6   85   +1  144   -8  144   -8   2  0  0 L3B 86
C40 FF 60303 063000  780 590 1983     +493034    +18         757     +3    3   6   94   -3  279   -7  279   -7   2  0  0 L3B B6
C42 FF 60303 063000  780 307 2469    +4755617   -100        -130    -39    7   6  158  +22  828  +35  828   35   6  0  0 L3B 2E
C45 FF 60303 063000  780 337  804     +578412     +8        1115    -23    8   6  145  +18   -6   +5   -6    5   6  0  0 L3B 86
C24 FF 60303 064600  780 359 2928    -7254882   -334         797    +29    9   6  138  -17  203  -33  203  -33   7  0  0 L3B 43
C26 FF 60303 064600  780 728  124    +2251941    +55         743     +2    3   6   85   +0  237  -19  237  -19   3  0  0 L3B C8
C29 FF 60303 064600  780 280  541    -2190913   -106         589    -54   10   6  171  +16  269  +16  269   16   9  0  0 L3B 26
C35 FF 60303 064600  780 444 1278    -4727786   +110         561    +23    5   6  116  -11  340  -22  340  -22   4  0  0 L3B 16
C39 FF 60303 064600  780 695 1367      +63544     +2         941     +1    3   6   86   +1  145   -7  145   -7   2  0  0 L3B 85
C40 FF 60303 064600  780 621 2040     +493072    +34         780    +19    4   6   91   -3  259  -19  259  -19   3  0  0 L3B DD
C42 FF 60303 064600  780 259 2411    +4755528    -50        -160    +10   10   6  184  +33  856   -6  856   -6   8  0  0 L3B 13
C44 FF 60303 064600  780 185 1748    -3332809   -111         340     +5   14   6  254  -86  690 -219  690 -219  15  0  0 L3B 6C
C45 FF 60303 064600  780 291  860     +578400    -10        1074    -40    6   6  165  +24   17  +18   17   18   6  0  0 L3B C8
C24 FF 60303 070200  780 409 2978    -7255208   -316         834    +48    4   7  124  -13  179  -51  179  -51   3  0  0 L3B 36
C26 FF 60303 070200  780 723  346    +2251988    +45         737     -9    3   7   85   +1  233   -2  233   -2   3  0  0 L3B A2
C29 FF 60303 070200  780 247  486    -2190978    -69         563    -19   17   7  192  +27  260   -4  260   -4  18  0  0 L3B 1A
C35 FF 60303 070200  780 492 1199    -4727675   +124         623    +41    4   7  107   -7  310  -25  310  -25   2  0  0 L3B 08
C39 FF 60303 070200  780 671 1448      +63539     -1         931     -3    5   7   88   +2  144   -4  144   -4   4  0  0 L3B 80
C40 FF 60303 070200  780 649 2106     +493099    +23         792     +8    4   7   89   -2  246  -15  246  -15   3  0  0 L3B D2
C42 FF 60303 070200  780 209 2360    +4755440   -103        -186    -42   11   7  224  +53  891  +43  891   43   7  0  0 L3B 30
C44 FF 60303 070200  780 250 1735    -3332881    -82         382    +34   13   7  191  -49  575  -49  575  -49  14  0  0 L3B 4D
C45 FF 60303 070200  780 246  914     +578396    -51        1043    -81    9   7  193  +34   25  +45   25   45   7  0  0 L3B DA
C24 FF 60303 073000  780 500 3066    -7255768   -338         885    +26    5   7  106   -9  133  -23  133  -23   3  0  0 L3B 15
C26 FF 60303 073000  780 680  675    +2252060    +31         719    -22    6   7   87   +2  226   +1  226    1   5  0  0 L3B 99
C29 FF 60303 073000  780 173  414    -2191142   -141         484    -90   18   7  268  +71  283  +39  283   39  14  0  0 L3B 33
C35 FF 60303 073000  780 549 1014    -4727500    +85         658     +2    4   7   99   -2  273   -7  273   -7   4  0  0 L3B C3
C39 FF 60303 073000  780 622 1565      +63520     -5         909     -6    4   7   91   +3  144   -5  144   -5   3  0  0 L3B 7A
C40 FF 60303 073000  780 692 2247     +493135    +15         803     +0    4   7   86   -1  223   -9  223   -9   4  0  0 L3B 99
C44 FF 60303 073000  780 369 1711    -3332982    -78         477    +38    7   7  135  -23  430  -52  430  -52   6  0  0 L3B 1D
C24 FF 60303 074600  780 555 3117    -7256089   -350         915    +14    3   7   98   -7  109  -20  109  -20   2  0  0 L3B 06
C26 FF 60303 074600  780 642  816    +2252095    +34         702    -20    3   7   90   +3  219   +1  219    1   2  0  0 L3B 95
C29 FF 60303 074600  780 125  387    -2191201    +24         474    +75   43   7  366 +143  261  -89  261  -89  39  0  0 L3B 4F
C35 FF 60303 074600  780 558  890    -4727412    +85         666     +2    4   7   98   +0  259  -15  259  -15   3  0  0 L3B E6
C40 FF 60303 074600  780 711 2344     +493153    +21         807     +6    3   7   85   -1  214  -16  214  -16   2  0  0 L3B B5
C44 FF 60303 074600  780 439 1694    -3333054    -58         515    +58    8   7  117  -16  380  -52  380  -52   6  0  0 L3B 27
C24 FF 60303 080200  780 612 3170    -7256415   -349         929    +14    4   8   92   -5   88  -15   88  -15   3  0  0 L3B ED
C26 FF 60303 080200  780 597  930    +2252129    +17         683    -37    3   8   94   +5  213   +8  213    8   2  0  0 L3B AC
C35 FF 60303 080200  780 547  770    -4727330   +104         632    +16    3   8   99   +2  242  -34  242  -34   2  0  0 L3B E3
C40 FF 60303 080200  780 726 2452     +493169    +11         799     -5    5   8   85   -1  199  -15  199  -15   3  0  0 L3B DF
C44 FF 60303 080200  780 511 1670    -3333121    -87         549    +28    4   8  104  -11  343  -26  343  -26   2  0  0 L3B 02
C24 FF 60303 081800  780 671 3229    -7256746   -348         946    +15    5   8   88   -4   73  -14   73  -14   4  0  0 L3B FC
C25 FF 60303 081800  780 137 3014    -2860844    -52         521    +38   25   8  339 -124  344  -87  344  -87  16  0  0 L3B 5C
C26 FF 60303 081800  780 548 1023    +2252152    +45         655     -9    5   8   99   +6  212  -17  212  -17   4  0  0 L3B DB
C35 FF 60303 081800  780 519  667    -4727266    +69         612    -19    6   8  103   +5  234  -12  234  -12   4  0  0 L3B F7
C40 FF 60303 081800  780 736 2569     +493182     +9         795     -7    7   8   84   +0  186   -8  186   -8   6  0  0 L3B BD
C44 FF 60303 081800  780 582 1633    -3333205    -83         576    +32    5   8   95   -8  317  -30  317  -30   4  0  0 L3B F4
C24 FF 60303 083400  780 732 3300    -7257080   -355         960     +8    6   8   84   -3   61   -8   61   -8   4  0  0 L3B AE
C25 FF 60303 083400  780 188 3042    -2860935    -82         515     +7   19   8  250  -69  309  -24  309  -24  13  0  0 L3B 34
C26 FF 60303 083400  780 496 1102    +2252182    +25         634    -29    5   8  106   +9  203   -2  203   -2   3  0  0 L3B C4
C35 FF 60303 083400  780 478  588    -4727209    +78         584    -10    4   8  109   +8  231  -20  231  -20   3  0  0 L3B F5
C39 FF 60303 083400  780 489 1743      +63478    -12         864    -13    8   8  107   +6  118  -11  118  -11   6  0  0 L3B E5
C40 FF 60303 083400  780 742 2690     +493202    +30         801    +14    3   8   84   +0  172  -20  172  -20   2  0  0 L3B B8
C44 FF 60303 083400  780 650 1570    -3333291    -87         600    +28    3   8   89   -5  295  -21  295  -21   2  0  0 L3B F6
C24 FF 60303 085000  780 794 3410    -7257424   -352         966    +12    2   8   82   -2   55  -16   55  -16   1  0  0 L3B E0
C25 FF 60303 085000  780 242 3066    -2860961    -10         575    +80   17   8  197  -43  237  -74  237  -74  12  0  0 L3B 45
C26 FF 60303 085000  780 441 1168    +2252200    +29         599    -25    4   8  116  +12  206  -13  206  -13   3  0  0 L3B F9
C34 FF 60303 085000  780 254 2041    -3324301    -41         512    +43   13   8  188  -47  312  -78  312  -78  10  0  0 L3B 24
C35 FF 60303 085000  780 428  532    -4727153    +77         555    -11    6   8  119  +12  223  -22  223  -22   5  0  0 L3B F5
C39 FF 60303 085000  780 453 1774      +63475    +24         860    +23   39   8  114   +7  101  -52  101  -52  38  0  0 L3B F9
C40 FF 60303 085000  780 743 2810     +493216    +12         798     -4    3   8   84   +0  163  -11  163  -11   2  0  0 L3B B6
C44 FF 60303 085000  780 712 1455    -3333383    -98         619    +17    3   8   85   -3  279  -19  279  -19   3  0  0 L3B 0E
C24 FF 60303 090600  780 852  120    -7257771   -353         960     +9    2   9   81   -1   46  -19   46  -19   1  0  0 L3B C3
C25 FF 60303 090600  780 298 3085    -2861009    -21         598    +66   12   9  163  -29  204  -48  204  -48   9  0  0 L3B 3D
C26 FF 60303 090600  780 385 1226    +2252222     +9         573    -45    8   9  129  +17  200   +8  200    8   6  0  0 L3B C7
C34 FF 60303 090600  780 320 2063    -3324342    -47         554    +37   11   9  153  -29  262  -34  262  -34   8  0  0 L3B 1E
C35 FF 60303 090600  780 374  496    -4727108    +39         507    -50    5   9  133  +17  214  -10  214  -10   4  0  0 L3B F8
C40 FF 60303 090600  780 742 2923     +493225     +2         802    -13    3   9   84   +0  155   -2  155   -2   2  0  0 L3B 90
C44 FF 60303 090600  780 755 1244    -3333487   -103         636    +13    4   9   84   -1  263  -20  263  -20   3  0  0 L3B F7
C24 FF 60303 092200  780 850 1030    -7258119   -374         960    -11    2   9   81   +1   38   -5   38   -5   1  0  0 L3B B1
C25 FF 60303 092200  780 356 3098    -2861050    -28         640    +59    7   9  139  -21  171  -46  171  -46   5  0  0 L3B 20
C26 FF 60303 092200  780 328 1276    +2252239    +16         539    -38   11   9  149  +24  199  +11  199   11   9  0  0 L3B 24
C34 FF 60303 092200  780 387 2091    -3324376    -48         601    +36    8   9  129  -20  223  -10  223  -10   5  0  0 L3B 05
C35 FF 60303 092200  780 317  475    -4727058    +27         471    -62    9   9  153  +25  199   +0  199    0   7  0  0 L3B E3
C39 FF 60303 092200  780 379 1825      +63441    -69         817    -71   70   9  131  +11   85  +42   85   42  66  0  0 L3B F4
C40 FF 60303 092200  780 737 3027     +493240    +16         803     +1    3   9   84   +0  144  -13  144  -13   2  0  0 L3B AC
C44 FF 60303 092200  780 762  947    -3333598   -124         636     -8    3   9   83   +1  249   -6  249   -6   2  0  0 L3B D3
C24 FF 60303 093800  780 789 1323    -7258475   -368         952     -5    2   9   82   +2   32  -11   32  -11   2  0  0 L3B D5
C25 FF 60303 093800  780 416 3101    -2861092    -65         682    +22    5   9  122  -15  148   -7  148   -7   4  0  0 L3B F2
C26 FF 60303 093800  780 271 1319    +2252252    +29         500    -24   16   9  177  +36  206   +6  206    6  13  0  0 L3B FA
C34 FF 60303 093800  780 455 2124    -3324415    -55         643    +29    5   9  113  -14  204   -6  204   -6   4  0  0 L3B E5
C35 FF 60303 093800  780 260  466    -4727014    +20         430    -69   13   9  183  +39  186   +8  186    8  12  0  0 L3B 01
C40 FF 60303 093800  780 732 3121     +493250    +18         799     +3    4   9   84   +0  139  -13  139  -13   2  0  0 L3B C5
C44 FF 60303 093800  780 730  708    -3333718   -125         628     -9    3   9   85   +2  238  -13  238  -13   2  0  0 L3B E8
C24 FF 60303 095400  780 720 1423    -7258839   -386         936    -24    3   9   85   +3   29   +2   29    2   3  0  0 L3B BF
C25 FF 60303 095400  780 476 3092    -2861145    -57         713    +31    5   9  110  -11  132  -15  132  -15   4  0  0 L3B 03
C26 FF 60303 095400  780 213 1357    +2252254    -17         451    -70   12   9  221  +58  227  +39  227   39  11  0  0 L3B 23
C34 FF 60303 095400  780 523 2166    -3324452    -44         686    +40    3   9  102  -10  182  -19  182  -19   2  0  0 L3B 0C
C35 FF 60303 095400  780 203  466    -4726973    +83         386     -6   16   9  231  +63  183  -32  183  -32  13  0  0 L3B 21
C40 FF 60303 095400  780 726 3207     +493267    +11         802     -4    3   9   85   +0  126   -9  126   -9   2  0  0 L3B A2
C44 FF 60303 095400  780 676  579    -3333847   -156         611    -39    3   9   87   +4  230   +2  230    2   2  0  0 L3B C8
C24 FF 60303 101000  780 650 1480    -7259209   -384         937    -19    3  10   89   +5   28   -6   28   -6   2  0  0 L3B D1
C25 FF 60303 101000  780 537 3067    -2861194    -70         765    +19    4  10  100   -8  118   -4  118   -4   3  0  0 L3B DE
C34 FF 60303 101000  780 591 2220    -3324509    -68         692    +15    3  10   94   -7  169   +0  169    0   3  0  0 L3B C0
C40 FF 60303 101000  780 721 3286     +493277    +14         786     -2    4  10   85   +0  121  -11  121  -11   3  0  0 L3B B3
C44 FF 60303 101000  780 615  517    -3333979   -152         590    -36    5  10   92   +6  219   -2  219   -2   4  0  0 L3B D5
C23 FF 60303 102600  780 117 3146    +7988230    -28         798    +27   31  10  394 -182   55  -60   55  -60  20  0  0 L3B 3C
C24 FF 60303 102600  780 578 1521    -7259593   -390         903    -25    4  10   95   +8   35   -4   35   -4   4  0  0 L3B D1
C25 FF 60303 102600  780 595 3015    -2861261    -69         784    +20    4  10   94   -6  114   -3  114   -3   3  0  0 L3B CE
C34 FF 60303 102600  780 657 2291    -3324565    -68         715    +15    3  10   89   -5  157   -6  157   -6   3  0  0 L3B E7
C40 FF 60303 102600  780 716 3359     +493280    +16         774     +0    3  10   85   +0  124  -10  124  -10   2  0  0 L3B B6
C43 FF 60303 102600  780 173 2291     -536765    +78         382    +94   12  10  271  -86  362  -79  362  -79   9  0  0 L3B 42
C44 FF 60303 102600  780 552  492    -3334126   -152         554    -36    6  10   98   +8  219   -3  219   -3   4  0  0 L3B DA
C23 FF 60303 104200  780 172 3148    +7988244    +54         865   +109   18  10  272  -87   -2  -66   -2  -66  16  0  0 L3B 3A
C24 FF 60303 104200  780 507 1553    -7259969   -396         877    -31    4  10  104  +11   30   +0   30    0   4  0  0 L3B D0
C25 FF 60303 104200  780 646 2923    -2861320    -69         810    +21    3  10   90   -4  105   -2  105   -2   3  0  0 L3B BA
C34 FF 60303 104200  780 720 2397    -3324628    -61         731    +21    2  10   85   -3  146  -19  146  -19   2  0  0 L3B F3
C40 FF 60303 104200  780 712 3428     +493302    +20         781     +4    5  10   85   +0  111  -15  111  -15   3  0  0 L3B AA
C43 FF 60303 104200  780 228 2331     -536734    +18         428    +34   14  10  208  -49  327  -29  327  -29  11  0  0 L3B 2F
C44 FF 60303 104200  780 489  488    -3334265   -159         526    -43   10  10  107  +10  209   +3  209    3   6  0  0 L3B FA
C23 FF 60303 105800  780 228 3142    +7988234    -54         908     +1   11  10  209  -50  -20  +12  -20   12   7  0  0 L3B F1
C24 FF 60303 105800  780 437 1579    -7260360   -411         837    -46    7  10  117  +15   36  +12   36   12   6  0  0 L3B FF
C25 FF 60303 105800  780 683 2778    -2861393    -77         823    +12    3  10   87   -2  105   -3  105   -3   2  0  0 L3B DC
C34 FF 60303 105800  780 776 2577    -3324697    -80         742     +3    3  10   83   -2  136   -3  136   -3   2  0  0 L3B CC
C40 FF 60303 105800  780 710 3494     +493310    +21         773     +5    3  10   85   +0  110  -12  110  -12   2  0  0 L3B A9
C43 FF 60303 105800  780 283 2376     -536706    +45         470    +60   10  10  171  -31  296  -39  296  -39   8  0  0 L3B 2F
C44 FF 60303 105800  780 428  496    -3334435   -161         468    -45    5  10  119  +14  222   +7  222    7   4  0  0 L3B EF
C23 FF 60303 111400  780 283 3126    +7988220    -20         915    +30   15  11  171  -31  -36  -13  -36  -13  12  0  0 L3B 1E
C24 FF 60303 111400  780 368 1599    -7260749   -421         788    -57    5  11  135  +22   37  +24   37   24   5  0  0 L3B 14
C25 FF 60303 111400  780 696 2584    -2861475    -86         806     +1    2  11   86   +0  103   -8  103   -8   1  0  0 L3B C4
C34 FF 60303 111400  780 812 2920    -3324782    -86         727     -5    2  11   82   +0  135   -7  135   -7   2  0  0 L3B BD
C40 FF 60303 111400  780 710 3558     +493325    +11         779     -4    4  11   86   +0  106   +1  106    1   3  0  0 L3B 8A
C43 FF 60303 111400  780 337 2427     -536684     +1         507    +17    5  11  146  -21  272   +5  272    5   4  0  0 L3B BE
C44 FF 60303 111400  780 369  513    -3334574   -138         435    -22    5  11  134  +19  211  -18  211  -18   4  0  0 L3B 11
C23 FF 60303 113000  780 336 3098    +7988199     -5         942    +45   10  11  146  -21  -41  -23  -41  -23   8  0  0 L3B 16
C24 FF 60303 113000  780 300 1615    -7261137   -423         749    -59    7  11  161  +34   40  +18   40   18   5  0  0 L3B F0
C25 FF 60303 113000  780 679 2390    -2861568    -94         798     -7    4  11   87   +2  105   -3  105   -3   3  0  0 L3B D3
C34 FF 60303 113000  780 807 3374    -3324867   -107         720    -26    2  11   82   +1  129   +9  129    9   1  0  0 L3B D8
C40 FF 60303 113000  780 711   22     +493340    +19         778     +4    3  11   85   +0  103   -2  103   -2   2  0  0 L3B 62
C43 FF 60303 113000  780 390 2484     -536665    -24         541     -9    6  11  129  -15  256  +18  256   18   4  0  0 L3B F6
C44 FF 60303 113000  780 312  536    -3334738   -183         383    -67    9  11  155  +26  219  +10  219   10   8  0  0 L3B 0F
C23 FF 60303 114600  780 385 3056    +7988186     +3         977    +53    9  11  130  -14  -51  -18  -51  -18   6  0  0 L3B 15
C24 FF 60303 114600  780 234 1628    -7261546   -407         689    -44   12  11  202  +55   56  +13   56   13   9  0  0 L3B 17
C25 FF 60303 114600  780 637 2242    -2861663   -115         786    -28    5  11   90   +4  105  +10  105   10   4  0  0 L3B F1
C34 FF 60303 114600  780 767   65    -3324960   -101         706    -19    3  11   83   +2  126   -2  126   -2   2  0  0 L3B B7
C40 FF 60303 114600  780 714   87     +493353    +18         777     +2    3  11   85   +0   99   -5   99   -5   2  0  0 L3B 79
C43 FF 60303 114600  780 441 2548     -536651     +0         569    +15    5  11  116  -11  240   +2  240    2   3  0  0 L3B AD
C44 FF 60303 114600  780 258  565    -3334914   -230         318   -114    9  11  185  +36  238  +63  238   63   8  0  0 L3B 33
C23 FF 60303 120200  780 428 2997    +7988173    -19        1042    +35    6  12  119   -9  -63  -10  -63  -10   5  0  0 L3B 1C
C24 FF 60303 120200  780 170 1636    -7261948   -438         639    -73   11  12  274 +100   90  +63   90   63   9  0  0 L3B 2B
C25 FF 60303 120200  780 582 2143    -2861769   -119         769    -31    3  12   95   +6  111   +7  111    7   3  0  0 L3B DA
C34 FF 60303 120200  780 716  225    -3325051    -95         704    -12    3  12   85   +3  119   -9  119   -9   2  0  0 L3B B9
C38 FF 60303 120200  780 290 1720    -1262382     +6         663    +32   49  12  166  -20  103   -4  103   -4  49  0  0 L3B F8
C40 FF 60303 120200  780 718  155     +493361    +12         778     -2    2  12   85   +0  102   +0  102    0   1  0  0 L3B 66
C43 FF 60303 120200  780 491 2620     -536645     -7         584     +8    6  12  107   -8  231   +1  231    1   4  0  0 L3B 94
C44 FF 60303 120200  780 206  597    -3335041   -156         301    -40   15  12  228  +55  223   +4  223    4  10  0  0 L3B EF
C23 FF 60303 121800  780 462 2921    +7988132    -53        1053     +0    3  12  112   -5  -56  +17  -56   17   3  0  0 L3B EA
C25 FF 60303 121800  780 518 2077    -2861885   -122         738    -34    4  12  103  +10  115   +3  115    3   3  0  0 L3B F0
C34 FF 60303 121800  780 662  332    -3325155   -107         680    -24    3  12   88   +4  117   -4  117   -4   2  0  0 L3B CA
C38 FF 60303 121800  780 328 1738    -1262385    +24         685    +50   45  12  149  -16  102  -27  102  -27  47  0  0 L3B 49
C40 FF 60303 121800  780 724  226     +493380     +1         783    -14    6  12   85   +0   97   +7   97    7   4  0  0 L3B 76
C43 FF 60303 121800  780 539 2703     -536632    -13         610     +1    5  12  100   -6  217   +2  217    2   4  0  0 L3B 98
C44 FF 60303 121800  780 156  632    -3335192   -182         262    -66   12  12  295  +90  226  +13  226   13   9  0  0 L3B 22
C23 FF 60303 123400  780 482 2828    +7988099    -55        1071     -2    4  12  108   -2  -59  +16  -59   16   3  0  0 L3B 09
C25 FF 60303 123400  780 452 2032    -2862006   -129         702    -41    7  12  114  +14  117   +2  117    2   4  0  0 L3B DC
C34 FF 60303 123400  780 609  415    -3325260   -107         654    -24    5  12   92   +5  116   -2  116   -2   5  0  0 L3B C4
C38 FF 60303 123400  780 366 1759    -1262375    +71         720    +97   59  12  135  -13   89  -63   89  -63  59  0  0 L3B 4A
C40 FF 60303 123400  780 731  303     +493392    +14         781     -1    3  12   84   +0   98   -3   98   -3   2  0  0 L3B 72
C43 FF 60303 123400  780 584 2798     -536639     -8         618     +7    3  12   95   -5  215   -3  215   -3   2  0  0 L3B B2
C44 FF 60303 123400  780 109  670    -3335340    -59         225    +57   27  12  416 +171  228  -83  228  -83  26  0  0 L3B 4C
C21 FF 60303 125000  780 206  888    +9661847    +11         659    +24   13  12  229  -34   49   +6   49    6  11  0  0 L3B E7
C23 FF 60303 125000  780 488 2726    +7988053    -41        1077    +12    9  12  107   +0  -60   -9  -60   -9   8  0  0 L3B F8
C25 FF 60303 125000  780 385 1999    -2862131   -143         661    -55    5  12  130  +20  121   +7  121    7   5  0  0 L3B F2
C34 FF 60303 125000  780 557  486    -3325368   -129         626    -46    5  12   98   +6  115  +11  115   11   5  0  0 L3B F2
C37 FF 60303 125000  780 134 3202    +9315522    -13         121     -9   21  12  344 -114  301  +26  301   26  18  0  0 L3B 0D
C38 FF 60303 125000  780 404 1783    -1262383    +31         737    +57   37  12  125  -10   96  -29   96  -29  35  0  0 L3B 2F
C40 FF 60303 125000  780 739  387     +493409     +9         784     -5    4  12   84   +0   94   +1   94    1   3  0  0 L3B 65
C43 FF 60303 125000  780 625 2910     -536640     +0         631    +14    4  12   91   -3  208   -7  208   -7   3  0  0 L3B 9D
C21 FF 60303 130600  780 232  823    +9661825     +0         647    +13   10  13  204  -20   66   -5   66   -5  10  0  0 L3B BE
C23 FF 60303 130600  780 477 2623    +7988000    -68        1071    -15    5  13  109   +3  -60   +8  -60    8   4  0  0 L3B E1
C25 FF 60303 130600  780 318 1973    -2862265   -126         610    -39    6  13  153  +29  129   +2  129    2   5  0  0 L3B 03
C34 FF 60303 130600  780 506  551    -3325476   -118         594    -36    4  13  104   +8  115   +6  115    6   3  0  0 L3B D4
C37 FF 60303 130600  780 177 3165    +9315554    +97         170   +102   18  13  265  -59  296  -59  296  -59  14  0  0 L3B 7B
C38 FF 60303 130600  780 442 1811    -1262383    +41         721    +62   45  13  116   -8   88  -44   88  -44  45  0  0 L3B 15
C40 FF 60303 130600  780 747  481     +493425    +13         779     -3    2  13   84   +0   95   +4   95    4   2  0  0 L3B 72
C43 FF 60303 130600  780 660 3043     -536644     -2         628    +13    3  13   88   -2  204   -8  204   -8   2  0  0 L3B A7
C21 FF 60303 132200  780 251  753    +9661844     -3         679    +10    7  13  190  -10   46   -5   46   -5   7  0  0 L3B B2
C23 FF 60303 132200  780 452 2528    +7987930    -69        1053    -15    8  13  114   +6  -49   +6  -49    6   7  0  0 L3B F7
C25 FF 60303 132200  780 253 1951    -2862395   -125         564    -37    8  13  188  +45  132   -6  132   -6   7  0  0 L3B 19
C34 FF 60303 132200  780 457  612    -3325586   -112         563    -30    4  13  113  +10  115   -3  115   -3   3  0  0 L3B D9
C37 FF 60303 132200  780 214 3120    +9315601    +18         222    +24   14  13  221  -34  276   +3  276    3  12  0  0 L3B ED
C38 FF 60303 132200  780 479 1843    -1262398    -22         726     -2    4  13  109   -7  100  +15  100   15   3  0  0 L3B DF
C40 FF 60303 132200  780 753  587     +493440    +19         779     +4    3  13   84   +0   97   -1   97   -1   2  0  0 L3B 84
C42 FF 60303 132200  780 223 1298    +4754034    +12        -252    +70   12  13  212  -50  567  -37  567  -37  10  0  0 L3B 41
C43 FF 60303 132200  780 689 3201     -536659    -11         627     +3    3  13   87   -1  205   -6  205   -6   2  0  0 L3B AC
C21 FF 60303 133800  780 259  682    +9661836    +35         683    +48   14  13  184   -2   44  -40   44  -40  15  0  0 L3B 07
C23 FF 60303 133800  780 415 2445    +7987863    -85        1037    -31    3  13  122  +10  -47  +13  -47   13   2  0  0 L3B 16
C25 FF 60303 133800  780 190 1930    -2862531   -173         512    -86   13  13  245  +77  146  +36  146   36  10  0  0 L3B 4B
C28 FF 60303 133800  780 216 2738    -1871976    -34         495    +14   20  13  219  -44  191   -4  191   -4  14  0  0 L3B 2F
C34 FF 60303 133800  780 409  671    -3325704   -144         525    -61    7  13  123  +12  124  +27  124   27   5  0  0 L3B 06
C37 FF 60303 133800  780 243 3065    +9315601     -5         227     +0   15  13  196  -20  290  +22  290   22  11  0  0 L3B FB
C38 FF 60303 133800  780 515 1880    -1262408     +8         735    +28    5  13  103   -5  103  -20  103  -20   2  0  0 L3B E3
C40 FF 60303 133800  780 758  706     +493453    +10         777     -5    2  13   83   +0   99   +3   99    3   2  0  0 L3B 7C
C42 FF 60303 133800  780 276 1249    +4754005    -45        -225    +14   12  13  174  -32  573  +20  573   20   9  0  0 L3B 2A
C43 FF 60303 133800  780 708 3386     -536676     -4         623    +10    3  13   86   -1  205  -10  205  -10   2  0  0 L3B C9
C21 FF 60303 135400  780 257  612    +9661821   -111         681    -98   12  13  185   +5   43  +82   43   82   9  0  0 L3B F6
C23 FF 60303 135400  780 370 2375    +7987788    -85        1013    -31    8  13  134  +15  -44   +3  -44    3   7  0  0 L3B 00
C25 FF 60303 135400  780 131 1909    -2862662   -103         466    -15   18  13  351 +153  169  +16  169   16  16  0  0 L3B 62
C28 FF 60303 135400  780 260 2790    -1872001    +19         516    +67   19  13  184  -30  184  -34  184  -34  10  0  0 L3B 43
C34 FF 60303 135400  780 362  728    -3325812    -97         496    -15    8  13  136  +16  124  -13  124  -13   7  0  0 L3B 12
C37 FF 60303 135400  780 263 3003    +9315621    +10         253    +16    7  13  181  -10  288   +3  288    3   6  0  0 L3B DF
C38 FF 60303 135400  780 550 1922    -1262390    +34         773    +55   59  13   99   -4   76  -44   76  -44  59  0  0 L3B 1E
C40 FF 60303 135400  780 759  835     +493462    +10         771     -5    3  13   83   +0  103   +4  103    4   2  0  0 L3B 7F
C42 FF 60303 135400  780 328 1193    +4753989    -41        -185    +17   15  13  149  -21  564  +15  564   15  12  0  0 L3B 51
C43 FF 60303 135400  780 714 3588     -536694    -18         619     -3    2  13   85   +0  204   -1  204   -1   2  0  0 L3B AF
C21 FF 60303 141000  780 244  545    +9661798    +36         689    +52   12  14  195  +14   41  -50   41  -50  10  0  0 L3B 08
C23 FF 60303 141000  780 319 2316    +7987705    -88         973    -36    7  14  152  +23  -39   +4  -39    4   5  0  0 L3B F9
C28 FF 60303 141000  780 305 2843    -1872001     -7         502    +33   14  14  159  -22  165  -15  165  -15  10  0  0 L3B 19
C34 FF 60303 141000  780 316  784    -3325917   -112         474    -29   11  14  154  +20  122   -6  122   -6   9  0  0 L3B FF
C37 FF 60303 141000  780 274 2935    +9315634    +68         262    +72   12  14  175   -3  284  -42  284  -42  10  0  0 L3B 34
C38 FF 60303 141000  780 584 1971    -1262421     +5         772    +26   37  14   95   -3   96  -18   96  -18  36  0  0 L3B 01
C40 FF 60303 141000  780 756  970     +493478    +20         767     +4    3  14   83   +0  102   -2  102   -2   2  0  0 L3B 89
C42 FF 60303 141000  780 374 1127    +4753955    -47        -139    +15    6  14  133  -14  564  +14  564   14   4  0  0 L3B 1F
C43 FF 60303 141000  780 707  190     -536713    -19         621     -4    2  14   86   +1  203   -4  203   -4   1  0  0 L3B 85
C21 FF 60303 142600  780 221  485    +9661762    -53         669    -37    9  14  214  +26   47  +11   47   11   8  0  0 L3B E7
C23 FF 60303 142600  780 266 2267    +7987606    -92         924    -39    8  14  179  +35  -23   +2  -23    2   6  0  0 L3B FC
C28 FF 60303 142600  780 351 2897    -1872026    -36         516     +4   10  14  140  -17  166  +17  166   17   8  0  0 L3B 1A
C34 FF 60303 142600  780 271  838    -3326039   -152         431    -69   11  14  177  +28  133  +42  133   42   9  0  0 L3B 25
C37 FF 60303 142600  780 273 2864    +9315622    -47         254    -43   17  14  175   +3  295  +44  295   44   9  0  0 L3B 2C
C38 FF 60303 142600  780 615 2028    -1262434    +10         780    +32    3  14   92   -3   98  -19   98  -19   2  0  0 L3B DE
C40 FF 60303 142600  780 748 1102     +493490    +17         763     +1    4  14   84   +0  105   -3  105   -3   3  0  0 L3B 99
C42 FF 60303 142600  780 413 1050    +4753926    -43        -109    +19    7  14  122   -9  558   +1  558    1   5  0  0 L3B E8
C43 FF 60303 142600  780 687  373     -536738    -28         610    -13    5  14   87   +1  205   +5  205    5   4  0  0 L3B A9
C21 FF 60303 144200  780 189  433    +9661734    -47         656    -31   16  14  247  +46   42   -3   42   -3  14  0  0 L3B ED
C23 FF 60303 144200  780 212 2223    +7987520    -84         888    -31   13  14  222  +55  -20   +8  -20    8  11  0  0 L3B FB
C28 FF 60303 144200  780 399 2951    -1872039     -2         541    +38    9  14  126  -13  161  -10  161  -10   7  0  0 L3B 0B
C34 FF 60303 144200  780 226  891    -3326139    -95         411    -12   19  14  209  +40  127   -5  127   -5  13  0  0 L3B 07
C37 FF 60303 144200  780 262 2792    +9315609    -35         246    -31   11  14  182  +10  311  +32  311   32   8  0  0 L3B 11
C38 FF 60303 144200  780 645 2094    -1262437    -15         797     +7    5  14   90   -2   87   -1   87   -1   4  0  0 L3B B1
C40 FF 60303 144200  780 734 1225     +493499    +15         757     -1    4  14   84   +1  110   +0  110    0   3  0  0 L3B 88
C42 FF 60303 144200  780 442  962    +4753869    -39        -107    +23    5  14  116   -5  568  -14  568  -14   4  0  0 L3B 1C
C43 FF 60303 144200  780 659  529     -536768    -44         594    -29    3  14   89   +2  205  +14  205   14   3  0  0 L3B DC
C21 FF 60303 145800  780 150  390    +9661685   -106         623    -90   20  14  308  +84   46  +40   46   40  18  0  0 L3B 14
C23 FF 60303 145800  780 159 2183    +7987425    -80         843    -28   16  14  292  +95  -12   -3  -12   -3  12  0  0 L3B 24
C28 FF 60303 145800  780 448 3007    -1872050    -38         569     +2    5  14  115  -10  153  +13  153   13   4  0  0 L3B F6
C34 FF 60303 145800  780 182  943    -3326258   -120         372    -37   16  14  256  +61  132   -2  132   -2  12  0  0 L3B 14
C37 FF 60303 145800  780 242 2724    +9315604    -15         245    -11   16  14  196  +19  310  +13  310   13  11  0  0 L3B 20
C38 FF 60303 145800  780 671 2171    -1262453    -16         802     +5    5  14   88   -2   87   +0   87    0   4  0  0 L3B 99
C40 FF 60303 145800  780 715 1334     +493518     +7         761     -9    4  14   85   +1  107   +7  107    7   4  0  0 L3B 97
C42 FF 60303 145800  780 458  865    +4753828    -70         -88     -9    5  14  113   -2  559   +8  559    8   4  0  0 L3B E1
C43 FF 60303 145800  780 623  660     -536794    -31         583    -16    4  14   91   +3  203   +0  203    0   3  0  0 L3B 98
C23 FF 60303 151400  780 107 2145    +7987331    -41         807    +12   26  15  425 +195   -2  -36   -2  -36  25  0  0 L3B 23
C28 FF 60303 151400  780 498 3064    -1872070    -31         591     +9    4  15  106   -8  156  +11  156   11   3  0  0 L3B EC
C37 FF 60303 151400  780 213 2659    +9315577    -14         219    -10   15  15  220  +32  329   -3  329   -3  11  0  0 L3B 16
C38 FF 60303 151400  780 694 2259    -1262455    +31         841    +55   42  15   86   -1   69  -51   69  -51  42  0  0 L3B 0F
C42 FF 60303 151400  780 457  766    +4753773    -53        -105     +5    5  15  113   +2  556   -8  556   -8   4  0  0 L3B E1
C43 FF 60303 151400  780 583  771     -536836    -55         563    -39    4  15   95   +4  212  +15  212   15   4  0  0 L3B D2
C27 FF 60303 153000  780 110 2929    -2472496   -115         436    -55   35  15  418 -173  168  +72  168   72  27  0  0 L3B 73
C28 FF 60303 153000  780 550 3124    -1872085    -22         615    +19    3  15   99   -7  151   +1  151    1   2  0  0 L3B BC
C33 FF 60303 153000  780 474 1533    +9418521    +27        -832    +26    6  15  110  -13 1189   +6 1189    6   5  0  0 L3B 20
C37 FF 60303 153000  780 179 2600    +9315540    -75         185    -71   14  15  260  +52  347  +41  347   41   9  0  0 L3B 28
C38 FF 60303 153000  780 713 2361    -1262461   -136         857   -112   52  15   85   -1   57 +115   57  115  51  0  0 L3B 34
C42 FF 60303 153000  780 442  673    +4753706    -53        -115     +6    8  15  116   +5  552  -15  552  -15   6  0  0 L3B F3
C43 FF 60303 153000  780 539  866     -536871    -31         543    -15    5  15  100   +6  214   -3  214   -3   4  0  0 L3B BA
C27 FF 60303 154600  780 157 2968    -2472528    +25         460    +84   14  15  297  -91  172  -29  172  -29  10  0  0 L3B 61
C28 FF 60303 154600  780 605 3189    -1872111    -21         629    +20    4  15   93   -5  153   -7  153   -7   4  0  0 L3B DB
C33 FF 60303 154600  780 541 1481    +9418548    +32        -806    +31    4  15  100   -9 1194   +0 1194    0   3  0  0 L3B 02
C37 FF 60303 154600  780 141 2545    +9315521     -7         170     -3   11  15  326  +91  340   -6  340   -6   7  0  0 L3B DF
C38 FF 60303 154600  780 727 2473    -1262508    -12         832    +12    4  15   85   -1   82  -10   82  -10   3  0  0 L3B CE
C40 FF 60303 154600  780 636 1574     +493554    -25         751    -41   32  15   90   +2  101  +33  101   33  31  0  0 L3B EB
C41 FF 60303 154600  780 156 1909    +8753319    +85        -192    +64   16  15  299 -122  610  -30  610  -30  10  0  0 L3B 66
C42 FF 60303 154600  780 413  594    +4753630    -82        -135    -24    5  15  122   +9  555   +2  555    2   4  0  0 L3B D7
C43 FF 60303 154600  780 493  949     -536905    -38         524    -22    5  15  107   +8  213   -7  213   -7   3  0  0 L3B D2
C27 FF 60303 160200  780 206 3004    -2472545     +9         444    +61   11  16  229  -55  162  -28  162  -28   9  0  0 L3B 1E
C28 FF 60303 160200  780 660 3262    -1872134    -30         658    +12    3  16   89   -4  153   +4  153    4   2  0  0 L3B C2
C33 FF 60303 160200  780 603 1404    +9418579    +16        -798    +11    5  16   93   -6 1191   +3 1191    3   4  0  0 L3B FE
C37 FF 60303 160200  780 100 2494    +9315477    -30         123    -27   26  16  451 +180  347  -20  347  -20  25  0  0 L3B 4B
C38 FF 60303 160200  780 736 2594    -1262533    -16         835     +8    2  16   84   +0   82   -7   82   -7   2  0  0 L3B AB
C40 FF 60303 160200  780 604 1631     +493553     +0         745    -14   26  16   93   +3  107   -3  107   -3  28  0  0 L3B C5
C41 FF 60303 160200  780 222 1913    +8753394    +99        -133    +79    7  16  214  -63  593  -18  593  -18   5  0  0 L3B 49
C42 FF 60303 160200  780 373  531    +4753554    -82        -140    -22    7  16  133  +14  552   -6  552   -6   5  0  0 L3B EE
C43 FF 60303 160200  780 444 1023     -536951    -40         494    -23    9  16  115  +11  220   +0  220    0   7  0  0 L3B B9
C27 FF 60303 161800  780 258 3037    -2472557    -40         482    +11   12  16  185  -37  152  +24  152   24   8  0  0 L3B 27
C28 FF 60303 161800  780 717 3355    -1872164    -38         668     +4    3  16   85   -3  155   +6  155    6   2  0  0 L3B CF
C33 FF 60303 161800  780 656 1285    +9418599    +18        -782    +13    4  16   89   -3 1187   -4 1187   -4   3  0  0 L3B 2E
C38 FF 60303 161800  780 740 2717    -1262549    -15         842     +9    2  16   84   +0   76   -5   76   -5   1  0  0 L3B B0
C40 FF 60303 161800  780 570 1680     +493562     +3         740    -12   44  16   96   +4  104   +4  104    4  43  0  0 L3B BC
C41 FF 60303 161800  780 290 1921    +8753475    +99         -72    +79    7  16  167  -38  579  -25  579  -25   5  0  0 L3B 53
C42 FF 60303 161800  780 326  483    +4753467    -99        -169    -38    7  16  149  +21  550   +3  550    3   5  0  0 L3B 02
C43 FF 60303 161800  780 393 1088     -537000    -43         461    -27    7  16  127  +14  228   +5  228    5   5  0  0 L3B DD
C27 FF 60303 163400  780 312 3066    -2472571    +14         516    +65    8  16  156  -26  149  -31  149  -31   6  0  0 L3B 26
C28 FF 60303 163400  780 773 3498    -1872196    -45         677     -2    2  16   83   -2  157   +7  157    7   1  0  0 L3B DB
C33 FF 60303 163400  780 689 1113    +9418607     +0        -779     -5    4  16   87   -1 1186   +2 1186    2   2  0  0 L3B E4
C38 FF 60303 163400  780 740 2837    -1262572    -20         843     +4    3  16   84   +0   75   -4   75   -4   2  0  0 L3B A3
C40 FF 60303 163400  780 535 1722     +493552    +12         716     -2    5  16  100   +5  118  -10  118  -10   3  0  0 L3B C8
C41 FF 60303 163400  780 359 1933    +8753540    +50         -25    +30    6  16  138  -24  575  +12  575   12   4  0  0 L3B 0F
C42 FF 60303 163400  780 275  450    +4753375    -88        -204    -28    9  16  174  +32  548  -16  548  -16   7  0  0 L3B 37
C43 FF 60303 163400  780 341 1146     -537042    -58         435    -42   10  16  144  +20  223   +5  223    5   8  0  0 L3B D8
C27 FF 60303 165000  780 369 3091    -2472582    -16         555    +35   11  16  135  -19  140   -1  140   -1   7  0  0 L3B 06
C28 FF 60303 165000  780 820  187    -1872230    -32         683    +11    2  16   82   -1  155   -4  155   -4   2  0  0 L3B BA
C33 FF 60303 165000  780 694  907    +9418606     -8        -784    -13    4  16   86   +1 1186   +4 1186    4   3  0  0 L3B EE
C38 FF 60303 165000  780 736 2949    -1262602    -21         835     +4    2  16   84   +0   80   -3   80   -3   1  0  0 L3B 9A
C40 FF 60303 165000  780 498 1759     +493556     -4         706    -18    8  16  106   +6  117   +4  117    4   6  0  0 L3B C7
C41 FF 60303 165000  780 431 1947    +8753597    +54          12    +34    6  16  118  -17  577   +2  577    2   5  0  0 L3B EF
C42 FF 60303 165000  780 220  430    +4753264   -134        -257    -74    8  16  214  +52  563  +25  563   25   5  0  0 L3B 1C
C43 FF 60303 165000  780 288 1199     -537092    -85         399    -69   13  16  167  +29  229  +25  229   25  10  0  0 L3B 49
C27 FF 60303 170600  780 428 3110    -2472601    -32         596    +20    6  17  119  -14  142   +4  142    4   5  0  0 L3B DC
C28 FF 60303 170600  780 829  741    -1872269    -48         684     -6    3  17   82   +0  155   +6  155    6   2  0  0 L3B BF
C33 FF 60303 170600  780 669  727    +9418598     -4        -789     -7    5  17   88   +2 1184   -8 1184   -8   3  0  0 L3B 08
C38 FF 60303 170600  780 731 3051    -1262625    -38         834    -14    4  17   84   +0   75   +9   75    9   3  0  0 L3B B1
C40 FF 60303 170600  780 461 1790     +493554    -14         685    -29    5  17  112   +7  119   +7  119    7   3  0  0 L3B D4
C41 FF 60303 170600  780 504 1966    +8753655    +48          38    +27    4  17  105  -12  573   +8  573    8   3  0  0 L3B F3
C42 FF 60303 170600  780 165  419    +4753133   -114        -336    -54   29  17  281  +93  583  +20  583   20  21  0  0 L3B 47
C43 FF 60303 170600  780 234 1245     -537139    -70         367    -54   13  17  202  +45  229  +17  229   17   9  0  0 L3B 1A
C27 FF 60303 172200  780 490 3120    -2472622    -28         625    +25    5  17  107  -11  143   +6  143    6   4  0  0 L3B DE
C28 FF 60303 172200  780 787 1120    -1872316    -43         677     -1    2  17   82   +2  158   -7  158   -7   2  0  0 L3B D1
C33 FF 60303 172200  780 624  604    +9418589    -16        -802    -19    4  17   91   +4 1177   -6 1177   -6   3  0  0 L3B 0A
C38 FF 60303 172200  780 724 3143    -1262650    -23         832     +1    4  17   85   +0   74   -8   74   -8   3  0  0 L3B 9F
C40 FF 60303 172200  780 424 1818     +493594    -32         711    -47   74  17  120   +9   79  +33   79   33  74  0  0 L3B 03
C41 FF 60303 172200  780 578 1989    +8753705    +36          67    +15    5  17   96   -8  573  +10  573   10   4  0  0 L3B FB
C27 FF 60303 173800  780 553 3117    -2472638    -39         659    +13    5  17   98   -8  137  +10  137   10   4  0  0 L3B 03
C28 FF 60303 173800  780 726 1287    -1872368    -62         666    -19    3  17   85   +3  159   +6  159    6   2  0  0 L3B F4
C33 FF 60303 173800  780 568  532    +9418566    -32        -828    -36    4  17   97   +7 1177   +5 1177    5   4  0  0 L3B 11
C38 FF 60303 173800  780 718 3227    -1262676    -30         828     -6    2  17   85   +0   76   +4   76    4   2  0  0 L3B A8
C41 FF 60303 173800  780 652 2017    +8753755    +51          97    +29    2  17   89   -6  567   -4  567   -4   2  0  0 L3B EA
C27 FF 60303 175400  780 617 3095    -2472666    -23         682    +30    3  17   92   -6  141   -4  141   -4   3  0  0 L3B DC
C28 FF 60303 175400  780 659 1379    -1872428    -68         647    -26    3  17   89   +5  162   +5  162    5   2  0  0 L3B F1
C30 FF 60303 175400  780 117 3134     +115611    -34         244    -49   28  17  395 -183  221  +66  221   66  20  0  0 L3B 30
C32 FF 60303 175400  780 179 2204    +5463613   +125         349    +85   17  17  263  -86  278  -31  278  -31  14  0  0 L3B 6B
C33 FF 60303 175400  780 507  492    +9418544    -20        -855    -23    6  17  104   +9 1172   -5 1172   -5   5  0  0 L3B 11
C38 FF 60303 175400  780 711 3303    -1262704    -28         824     -4    2  17   85   +0   77   +1   77    1   1  0  0 L3B 8E
C41 FF 60303 175400  780 726 2054    +8753794    +34         116    +13    2  17   85   -4  564   -1  564   -1   2  0  0 L3B DE
C27 FF 60303 181000  780 679 3038    -2472694    -46         713     +7    3  18   87   -4  140  +15  140   15   2  0  0 L3B E4
C28 FF 60303 181000  780 591 1441    -1872501    -79         625    -36    3  18   94   +7  172   +8  172    8   2  0  0 L3B D9
C30 FF 60303 181000  780 172 3142     +115671    +96         312    +81   17  18  272  -88  220  -30  220  -30  12  0  0 L3B 14
C32 FF 60303 181000  780 237 2240    +5463704    +55         407    +16   12  18  201  -48  270  +25  270   25   7  0  0 L3B 12
C33 FF 60303 181000  780 446  475    +9418508    -45        -881    -48    6  18  115  +13 1179  +10 1179   10   4  0  0 L3B 3E
C38 FF 60303 181000  780 706 3374    -1262722    -20         831     +4    3  18   86   +0   75   -3   75   -3   2  0  0 L3B 9A
C41 FF 60303 181000  780 799 2114    +8753822    +19         121     -3    2  18   82   -2  565   +5  565    5   2  0  0 L3B BD
C27 FF 60303 182600  780 734 2912    -2472728    -36         731    +17    3  18   84   -2  140   -3  140   -3   2  0  0 L3B D5
C28 FF 60303 182600  780 521 1487    -1872566    -83         602    -40    4  18  102  +10  171   +6  171    6   2  0  0 L3B EA
C30 FF 60303 182600  780 229 3143     +115724    +80         351    +65   11  18  208  -50  221  -24  221  -24   9  0  0 L3B 08
C32 FF 60303 182600  780 296 2281    +5463780   +117         446    +79    7  18  164  -30  270  -31  270  -31   5  0  0 L3B 3C
C33 FF 60303 182600  780 384  473    +9418469    -45        -922    -47    9  18  130  +18 1183   +9 1183    9   6  0  0 L3B 32
C38 FF 60303 182600  780 702 3441    -1262745    -34         831     -9    6  18   86   +0   74   +8   74    8   4  0  0 L3B A7
C41 FF 60303 182600  780 869 2339    +8753846    +22         124     +0    2  18   81   -1  562   -3  562   -3   2  0  0 L3B CC
C27 FF 60303 184200  780 768 2667    -2472777    -47         732     +6    3  18   83   -1  147   +0  147    0   3  0  0 L3B CE
C28 FF 60303 184200  780 452 1523    -1872648    -93         562    -49    5  18  114  +14  178  +11  178   11   4  0  0 L3B 22
C30 FF 60303 184200  780 286 3135     +115785    +61         398    +46    8  18  169  -32  215  -14  215  -14   6  0  0 L3B 17
C32 FF 60303 184200  780 354 2329    +5463852    +83         481    +44    9  18  140  -21  269  -16  269  -16   8  0  0 L3B 36
C33 FF 60303 184200  780 324  481    +9418428    -45        -967    -47   10  18  150  +25 1185  +10 1185   10   7  0  0 L3B 4A
C38 FF 60303 184200  780 699 3505    -1262768    -20         831     +5    4  18   86   +0   74   -6   74   -6   3  0  0 L3B B7
C41 FF 60303 184200  780 854  111    +8753863     +3         121    -19    4  18   81   +1  559   +9  559    9   3  0  0 L3B B7
C27 FF 60303 185800  780 762 2354    -2472829    -61         732     -7    2  18   83   +1  149   +3  149    3   2  0  0 L3B CB
C28 FF 60303 185800  780 383 1552    -1872728    -82         523    -38    8  18  130  +20  180   -4  180   -4   8  0  0 L3B 0D
C30 FF 60303 185800  780 342 3116     +115843    +48         442    +33    8  18  144  -21  212   +3  212    3   6  0  0 L3B C6
C32 FF 60303 185800  780 411 2385    +5463931    +55         523    +16    6  18  123  -14  258   +5  258    5   4  0  0 L3B F7
C33 FF 60303 185800  780 267  497    +9418391    -49       -1005    -51    8  18  179  +36 1182   +3 1182    3   6  0  0 L3B 3D
C38 FF 60303 185800  780 698 3568    -1262797     -8         825    +16    4  18   86   +0   79  -12   79  -12   3  0  0 L3B F7
C41 FF 60303 185800  780 786  251    +8753869     +8         106    -13    3  18   82   +2  560   -6  560   -6   2  0  0 L3B C8
C27 FF 60303 191400  780 718 2135    -2472889    -69         723    -16    2  19   85   +3  152   +4  152    4   2  0  0 L3B DB
C28 FF 60303 191400  780 315 1575    -1872811    -63         475    -21    8  19  154  +30  183   -9  183   -9   6  0  0 L3B 12
C30 FF 60303 191400  780 396 3082     +115892    +35         465    +19    5  19  127  -15  214  +16  214   16   3  0  0 L3B FE
C32 FF 60303 191400  780 467 2449    +5463997    +90         525    +48    3  19  111  -10  250  -30  250  -30   3  0  0 L3B 1F
C33 FF 60303 191400  780 211  519    +9418339    -81       -1060    -83   10  19  223  +56 1199  +34 1199   34   8  0  0 L3B 66
C38 FF 60303 191400  780 699   30    -1262817    -30         829     -5    3  19   86   +0   73   +6   73    6   2  0  0 L3B 80
C41 FF 60303 191400  780 719  312    +8753878     -7          96    -29    4  19   85   +3  555   +9  555    9   3  0  0 L3B C1
C27 FF 60303 193000  780 656 2019    -2472957    -83         707    -30    4  19   89   +5  156   +9  156    9   3  0  0 L3B EC
C28 FF 60303 193000  780 248 1593    -1872910    -81         416    -38   11  19  192  +49  195   -2  195   -2   8  0  0 L3B 28
C30 FF 60303 193000  780 445 3032     +115935    +67         493    +51    5  19  115  -10  213  -19  213  -19   4  0  0 L3B FE
C32 FF 60303 193000  780 520 2525    +5464061    +68         550    +27    4  19  103   -8  240   -9  240   -9   3  0  0 L3B E0
C33 FF 60303 193000  780 158  546    +9418301    +31       -1101    +28   12  19  293  +94 1198  -46 1198  -46   9  0  0 L3B 74
C38 FF 60303 193000  780 702   93    -1262841     -4         828    +20    3  19   86   +0   73  -17   73  -17   2  0  0 L3B A3
C41 FF 60303 193000  780 655  360    +8753874     -9          72    -30    5  19   89   +5  554   +2  554    2   3  0  0 L3B A8
C27 FF 60303 194600  780 587 1958    -2473037    -95         677    -42    4  19   95   +7  161  +13  161   13   3  0  0 L3B 10
C28 FF 60303 194600  780 183 1607    -1872992   -135         375    -93   21  19  255  +87  193  +33  193   33  18  0  0 L3B 71
C30 FF 60303 194600  780 487 2961     +115972    +39         515    +23    4  19  108   -6  216   -7  216   -7   3  0  0 L3B E4
C32 FF 60303 194600  780 571 2615    +5464120    +60         568    +18    5  19   96   -5  236   -8  236   -8   4  0  0 L3B EC
C33 FF 60303 194600  780 107  577    +9418271    -60       -1133    -62   17  19  422 +189 1195   +9 1195    9  13  0  0 L3B 70
C38 FF 60303 194600  780 706  159    -1262863    -26         829     -2    3  19   86   +0   72   +2   72    2   1  0  0 L3B 8E
C39 FF 60303 194600  780 275 1702      +63460    -10         762    -12   61  19  175  -22    7  +55    7   55  61  0  0 L3B D1
C41 FF 60303 194600  780 593  406    +8753872     -9          50    -30    5  19   94   +6  550   -6  550   -6   4  0  0 L3B B8
C27 FF 60303 200200  780 515 1922    -2473118    -98         656    -43    5  20  103  +11  163  +10  163   10   4  0  0 L3B F8
C30 FF 60303 200200  780 517 2868     +116009    +36         526    +19    3  20  103   -3  213   -2  213   -2   3  0  0 L3B AF
C32 FF 60303 200200  780 616 2724    +5464172    +52         596    +13    3  20   92   -4  232   -1  232   -1   3  0  0 L3B BB
C38 FF 60303 200200  780 712  227    -1262891    -26         822     -2    3  20   85   +0   78   +7   78    7   3  0  0 L3B 80
C41 FF 60303 200200  780 534  451    +8753859     -8          22    -29    4  20  101   +8  553   -6  553   -6   3  0  0 L3B B1
C20 FF 60303 201800  780 142 2538      +42832   +384         644    +33   12  20  326 -104  133  +13  133   13   8  0  0 L3B 03
C27 FF 60303 201800  780 443 1900    -2473208    -87         619    -33    4  20  115  +15  167   +0  167    0   3  0  0 L3B E2
C29 FF 60303 201800  780 125 3214    -2193480     -3         501    +49   27  20  369 -143  102   +1  102    1  20  0  0 L3B F0
C30 FF 60303 201800  780 532 2758     +116027    +15         528     -2    3  20  101   -1  221   +6  221    6   3  0  0 L3B 8D
C32 FF 60303 201800  780 656 2856    +5464218    +52         605    +12    4  20   89   -3  230   -8  230   -8   3  0  0 L3B D3
C38 FF 60303 201800  780 719  301    -1262913    -29         824     -5    3  20   85   +0   78   +1   78    1   2  0  0 L3B 7D
C39 FF 60303 201800  780 349 1733      +63508    -66         815    -67   54  20  141  -14   14  +88   14   88  52  0  0 L3B 01
C41 FF 60303 201800  780 478  496    +8753852    -14          -4    -35    5  20  109  +10  546   -1  546   -1   4  0  0 L3B D5
C20 FF 60303 203400  780 188 2589      +43198   +416         672    +65   15  20  250  -60  134  -30  134  -30  14  0  0 L3B 25
C25 FF 60303 203400  780 169  770    -2864814   -179         440    -91   14  20  276  -32  118  +83  118   83  11  0  0 L3B 43
C27 FF 60303 203400  780 372 1884    -2473307   -123         571    -69    7  20  133  +22  173  +20  173   20   4  0  0 L3B 19
C29 FF 60303 203400  780 173 3185    -2193477    -22         553    +30   18  20  271  -71   87   +8   87    8  14  0  0 L3B FD
C30 FF 60303 203400  780 528 2642     +116050    +23         534     +6    5  20  101   +2  218   -6  218   -6   4  0  0 L3B 9F
C32 FF 60303 203400  780 687 3017    +5464262    +44         611     +5    3  20   87   -2  228   -2  228   -2   2  0  0 L3B B7
C38 FF 60303 203400  780 727  382    -1262936    -18         823     +6    2  20   85   +0   78   -4   78   -4   2  0  0 L3B 98
C39 FF 60303 203400  780 386 1753      +63545    +49         851    +49   53  20  129  -11    5  -25    5  -25  52  0  0 L3B DF
C41 FF 60303 203400  780 424  542    +8753833     -2         -42    -23    7  20  120  +12  550  -13  550  -13   5  0  0 L3B D7
C20 FF 60303 205000  780 233 2643      +43576   +448         714    +97   13  20  204  -38  119  -64  119  -64  10  0  0 L3B 2A
C25 FF 60303 205000  780 185  707    -2864863    -51         474    +37   19  20  253  -16   97  -29   97  -29  18  0  0 L3B 31
C27 FF 60303 205000  780 303 1871    -2473403   -130         528    -76   11  20  160  +33  175  +24  175   24   8  0  0 L3B 25
C29 FF 60303 205000  780 216 3146    -2193481    -45         600     +7    9  20  219  -40   79  +18   79   18   7  0  0 L3B E7
C30 FF 60303 205000  780 507 2532     +116056     +3         524    -14    2  20  104   +4  221   +4  221    4   2  0  0 L3B 7D
C32 FF 60303 205000  780 706 3207    +5464297    +25         609    -14    3  20   86   -1  227   +4  227    4   2  0  0 L3B BF
C38 FF 60303 205000  780 735  471    -1262956    -16         827     +8    3  20   84   +0   76   -3   76   -3   2  0  0 L3B 94
C39 FF 60303 205000  780 423 1776      +63572    +68         877    +67   64  20  120   -9    4  -33    4  -33  61  0  0 L3B CF
C41 FF 60303 205000  780 373  589    +8753824    +10         -72    -10    6  20  133  +16  546  -20  546  -20   5  0  0 L3B FC
C20 FF 60303 210600  780 278 2699      +43933   +392         735    +41   12  21  173  -27  110  -24  110  -24   8  0  0 L3B 13
C23 FF 60303 210600  780 222 1151    +7986247    -27         848    +26   16  21  213  -42  -38  +13  -38   13  14  0  0 L3B 25
C25 FF 60303 210600  780 192  642    -2864940    -66         491    +23   14  21  243   -4   90  -32   90  -32  12  0  0 L3B F3
C27 FF 60303 210600  780 236 1859    -2473502   -105         478    -51   15  21  201  +54  180   +2  180    2  12  0  0 L3B 10
C29 FF 60303 210600  780 252 3097    -2193510    -15         613    +36   13  21  189  -24   82   -5   82   -5  10  0  0 L3B F3
C30 FF 60303 210600  780 472 2436     +116049     -8         513    -24    4  21  110   +8  228   +6  228    6   3  0  0 L3B A2
C32 FF 60303 210600  780 711 3414    +5464336    +39         608     +0    4  21   85   +0  224   -4  224   -4   3  0  0 L3B AC
C38 FF 60303 210600  780 742  572    -1262973    -21         832     +3    4  21   84   +0   73   -1   73   -1   3  0  0 L3B 81
C39 FF 60303 210600  780 460 1803      +63591    +54         892    +52   48  21  112   -7    8  -26    8  -26  46  0  0 L3B CD
C41 FF 60303 210600  780 323  636    +8753802    -41        -119    -62    7  21  151  +21  558  +24  558   24   7  0  0 L3B 0C
C20 FF 60303 212200  780 322 2757      +44301   +391         767    +41   11  21  151  -19   96  -21   96  -21   6  0  0 L3B EA
C23 FF 60303 212200  780 265 1094    +7986223     +9         874    +62   18  21  181  -27  -45  -36  -45  -36  11  0  0 L3B 32
C25 FF 60303 212200  780 190  578    -2865038    -74         478    +15   14  21  246   +9  100  -23  100  -23  14  0  0 L3B 13
C29 FF 60303 212200  780 281 3039    -2193515    -23         657    +29   18  21  171  -14   65  +11   65   11  13  0  0 L3B 08
C30 FF 60303 212200  780 426 2358     +116040    -16         489    -31    6  21  119  +12  235  +11  235   11   6  0  0 L3B DF
C32 FF 60303 212200  780 703   15    +5464368    +35         603     -5    2  21   86   +1  221   -5  221   -5   2  0  0 L3B 83
C38 FF 60303 212200  780 748  684    -1263000    -16         827     +8    2  21   84   +0   78   -3   78   -3   2  0  0 L3B 8F
C39 FF 60303 212200  780 497 1833      +63637    +15         936    +13   65  21  106   -6  -14   -1  -14   -1  65  0  0 L3B DA
C41 FF 60303 212200  780 276  685    +8753781    -26        -160    -47    9  21  174  +28  564  +14  564   14   7  0  0 L3B 23
C20 FF 60303 213800  780 367 2818      +44666   +377         795    +26    8  21  135  -15   83  -12   83  -12   6  0  0 L3B FA
C23 FF 60303 213800  780 303 1030    +7986200    +23         903    +76   12  21  160  -17  -49  -50  -49  -50   9  0  0 L3B 1A
C25 FF 60303 213800  780 178  517    -2865133    -25         469    +64   14  21  261  +23   98  -60   98  -60  13  0  0 L3B 1F
C29 FF 60303 213800  780 300 2971    -2193563    -59         659     -8    9  21  161   -7   82  +11   82   11   6  0  0 L3B D9
C30 FF 60303 213800  780 373 2295     +116019    -15         454    -31    8  21  133  +17  243   -1  243   -1   7  0  0 L3B D3
C32 FF 60303 213800  780 682  194    +5464397    +26         594    -13    2  21   87   +2  219   +3  219    3   1  0  0 L3B BE
C38 FF 60303 213800  780 751  808    -1263018    -24         832     +0    3  21   84   +0   74   +1   74    1   2  0  0 L3B 70
C39 FF 60303 213800  780 532 1867      +63629    +61         928    +60   42  21  101   -5   11  -49   11  -49  42  0  0 L3B EB
C41 FF 60303 213800  780 230  734    +8753779    -18        -182    -39   11  21  205  +39  558   -1  558   -1   8  0  0 L3B 1C
C20 FF 60303 215400  780 412 2882      +45023   +367         816    +16    6  21  123  -11   82   +1   82    1   5  0  0 L3B 9D
C23 FF 60303 215400  780 334  958    +7986171     +2         925    +55    6  21  147  -11  -53  -34  -53  -34   6  0  0 L3B FC
C25 FF 60303 215400  780 158  461    -2865231    -47         456    +42   23  21  293  +45   96  -49   96  -49  20  0  0 L3B 25
C29 FF 60303 215400  780 308 2898    -2193582    -42         689     +9   14  21  157   -1   71   +1   71    1  10  0  0 L3B D2
C30 FF 60303 215400  780 317 2243     +115999    -12         419    -28    6  21  153  +25  248   -8  248   -8   5  0  0 L3B F1
C32 FF 60303 215400  780 654  345    +5464420    +32         579     -8    4  21   89   +2  219   -7  219   -7   3  0  0 L3B BD
C37 FF 60303 215400  780 201 1536    +9315438    +90         169    +93    9  21  234  -67  322  -45  322  -45   8  0  0 L3B 2B
C38 FF 60303 215400  780 749  939    -1263045    -45         827    -21    3  21   84   +0   78  +17   78   17   2  0  0 L3B CC
C39 FF 60303 215400  780 567 1907      +63642    +16         940    +14   36  21   97   -4   16   +4   16    4  37  0  0 L3B AD
C41 FF 60303 215400  780 186  783    +8753755    +15        -227     -6   11  21  251  +58  571  -22  571  -22   9  0  0 L3B 26
C20 FF 60303 221000  780 457 2949      +45378   +376         829    +26    3  22  113   -9   78   -9   78   -9   2  0  0 L3B CF
C23 FF 60303 221000  780 356  880    +7986130    -49         933     +4   11  22  139   -6  -52   +5  -52    5   9  0  0 L3B C4
C25 FF 60303 221000  780 129  411    -2865334    -58         426    +30   29  22  354  +86   93  -39   93  -39  28  0  0 L3B 21
C29 FF 60303 221000  780 304 2823    -2193645    -89         676    -37   12  22  159   +5   87  +37   87   37   8  0  0 L3B 0F
C30 FF 60303 221000  780 260 2199     +115967    -23         380    -38   10  22  184  +39  261   +4  261    4   6  0  0 L3B E1
C32 FF 60303 221000  780 619  474    +5464446    +32         573     -7    4  22   92   +3  216   -8  216   -8   3  0  0 L3B B3
C37 FF 60303 221000  780 261 1503    +9315486    +45         221    +49   10  22  184  -41  317   -6  317   -6   8  0  0 L3B 04
C38 FF 60303 221000  780 743 1070    -1263068    -10         827    +14    3  22   84   +0   80   -8   80   -8   3  0  0 L3B A2
C39 FF 60303 221000  780 600 1953      +63645    +12         935    +10    5  22   93   -3   28   +2   28    2   4  0  0 L3B 6E
C20 FF 60303 222600  780 503 3020      +45747   +380         861    +30    4  22  105   -7   67   -7   67   -7   3  0  0 L3B A6
C23 FF 60303 222600  780 366  799    +7986094    -58         948     -5    6  22  135   -1  -62   +2  -62    2   5  0  0 L3B CA
C29 FF 60303 222600  780 289 2748    -2193703    -10         668    +42   18  22  166  +11   96  -28   96  -28  15  0  0 L3B 3C
C30 FF 60303 222600  780 202 2160     +115938    -57         337    -71   20  22  232  +63  268  +27  268   27  17  0  0 L3B 1E
C32 FF 60303 222600  780 582  584    +5464460     +6         550    -32    5  22   95   +4  221  +14  221   14   4  0  0 L3B BA
C37 FF 60303 222600  780 322 1467    +9315531    +56         269    +60    8  22  152  -27  309  -16  309  -16   8  0  0 L3B 2A
C38 FF 60303 222600  780 731 1194    -1263094     +2         823    +26    6  22   84   +1   83  -20   83  -20   4  0  0 L3B B9
C39 FF 60303 222600  780 632 2007      +63668    +18         956    +16    4  22   91   -3   20   +0   20    0   3  0  0 L3B 6D
C20 FF 60303 224200  780 549 3096      +46103   +369         881    +19    5  22   99   -6   66   -2   66   -2   3  0  0 L3B AE
C23 FF 60303 224200  780 364  717    +7986038    -63         942    -11    9  22  136   +3  -61  +10  -61   10   7  0  0 L3B DF
C29 FF 60303 224200  780 265 2678    -2193776    -79         645    -27   10  22  180  +19  114  +26  114   26   8  0  0 L3B 38
C30 FF 60303 224200  780 147 2124     +115907    -77         292    -91   14  22  315 +115  274  +51  274   51  11  0  0 L3B 25
C32 FF 60303 224200  780 541  682    +5464474    +28         527    -11    4  22  100   +5  227   -5  227   -5   3  0  0 L3B C9
C37 FF 60303 224200  780 383 1424    +9315555    +13         297    +17    9  22  131  -18  316  +16  316   16   7  0  0 L3B 14
C38 FF 60303 224200  780 714 1306    -1263117    -39         823    -16    4  22   85   +1   83  +12   83   12   3  0  0 L3B BD
C39 FF 60303 224200  780 661 2069      +63675    +19         961    +17    3  22   88   -2   23   -3   23   -3   2  0  0 L3B 8F
C19 FF 60303 225800  780 150 2895    +9468370    -11         538    +46   24  22  310  -93  184  -45  184  -45  18  0  0 L3B 5E
C20 FF 60303 225800  780 596 3181      +46457   +371         900    +21    5  22   94   -5   64   -5   64   -5   4  0  0 L3B A5
C23 FF 60303 225800  780 350  641    +7985981    -54         935     -2    7  22  141   +7  -57   -5  -57   -5   6  0  0 L3B D3
C29 FF 60303 225800  780 233 2613    -2193832    -97         638    -45   17  22  203  +30  113  +40  113   40  12  0  0 L3B 27
C32 FF 60303 225800  780 499  769    +5464496     -7         512    -45    4  22  106   +7  228  +30  228   30   4  0  0 L3B EE
C37 FF 60303 225800  780 442 1370    +9315589    +41         335    +45    8  22  116  -12  315   -7  315   -7   7  0  0 L3B 02
C38 FF 60303 225800  780 692 1404    -1263151    -26         812     -2    4  22   86   +1   92   +1   92    1   3  0  0 L3B 88
C39 FF 60303 225800  780 688 2143      +63690     +7         974     +5    3  22   87   -2   20   +3   20    3   2  0  0 L3B 5D
C19 FF 60303 231400  780 196 2939    +9468348     +8         554    +62   15  23  240  -57  167  -34  167  -34  12  0  0 L3B 50
C20 FF 60303 231400  780 642 3279      +46803   +373         902    +22    2  23   90   -4   69   +2   69    2   2  0  0 L3B 8A
C23 FF 60303 231400  780 324  573    +7985905    -75         912    -22   14  23  150  +13  -43  +13  -43   13  12  0  0 L3B 0B
C29 FF 60303 231400  780 195 2554    -2193906   -124         609    -73   14  23  240  +48  123  +49  123   49  11  0  0 L3B 4E
C32 FF 60303 231400  780 455  848    +5464501    +29         474    -11    4  23  113   +9  251   +6  251    6   3  0  0 L3B C0
C37 FF 60303 231400  780 496 1300    +9315614    +14         382    +20    6  23  106   -8  317   +8  317    8   5  0  0 L3B D5
C38 FF 60303 231400  780 666 1487    -1263178    -35         808    -11    5  23   88   +2   99  +10   99   10   3  0  0 L3B DE
C39 FF 60303 231400  780 712 2229      +63694     -1         949     -6    3  23   85   -1   26  +11   26   11   2  0  0 L3B 7C
C46 FF 60303 231400  780 156 1838    +1104762   +137        1067   +106   14  23  301 -121 -122  -27 -122  -27   8  0  0 L3B 7C
C19 FF 60303 233000  780 244 2981    +9468335    -78         591    -25    9  23  195  -38  158  +32  158   32   7  0  0 L3B 38
C20 FF 60303 233000  780 687 3400      +47153   +358         915     +7    2  23   87   -3   76  +12   76   12   2  0  0 L3B 9F
C23 FF 60303 233000  780 289  517    +7985830    -62         888     -9   13  23  167  +21  -26  +14  -26   14  10  0  0 L3B 13
C29 FF 60303 233000  780 153 2499    -2193995   -106         569    -55   12  23  301  +83  150  +43  150   43  10  0  0 L3B 49
C32 FF 60303 233000  780 410  920    +5464512     +7         447    -32    5  23  123  +12  271  +31  271   31   4  0  0 L3B CA
C37 FF 60303 233000  780 543 1210    +9315637    -23         410    -17    3  23  100   -5  319  +38  319   38   2  0  0 L3B EE
C38 FF 60303 233000  780 637 1558    -1263208    -32         801     -9    4  23   90   +2  111  +13  111   13   3  0  0 L3B C0
C39 FF 60303 233000  780 732 2330      +63704    +13         955     +8    3  23   84   -1   30   +6   30    6   2  0  0 L3B 58
C46 FF 60303 233000  780 220 1833    +1104846    +97        1122    +67   14  23  216  -63 -124   -9 -124   -9  10  0  0 L3B 3A
C19 FF 60303 234600  780 294 3022    +9468316     +9         624    +62   10  23  164  -27  171   -2  171   -2   8  0  0 L3B FC
C20 FF 60303 234600  780 728 3562      +47497   +356         922     +5    5  23   85   -2   87  +13   87   13   4  0  0 L3B B8
C23 FF 60303 234600  780 246  472    +7985750    -62         858    -10   13  23  193  +34   -5  +11   -5   11  11  0  0 L3B F1
C32 FF 60303 234600  780 363  986    +5464525     -2         422    -41    7  23  136  +16  297  +40  297   40   6  0  0 L3B FA
C37 FF 60303 234600  780 577 1095    +9315641     -7         420     -1    4  23   96   -3  330  +17  330   17   2  0  0 L3B C7
C38 FF 60303 234600  780 605 1619    -1263236    -50         795    -26    7  23   93   +3  123  +30  123   30   5  0  0 L3B E9
C39 FF 60303 234600  780 748 2445      +63708     +4         955     +0    2  23   84   -1   37  +11   37   11   1  0  0 L3B 7D
C46 FF 60303 234600  780 286 1829    +1104921    +79        1168    +49    8  23  169  -38 -127  -16 -127  -16   7  0  0 L3B 6A
