CGGTTS     GENERIC DATA FORMAT VERSION = 2E
REV DATE = 2023-12-15                    
RCVR = TRIMBLE NETR9 5049K72188      R2CGGTTS v8.6    
CH = 12 
IMS = TRIMBLE NETR9 5049K72188      
LAB = CEPNT                         
X = -2154293.56 m 
Y = +4373452.74 m 
Z = +4098891.74 m 
FRAME = ITRF
COMMENTS = NO TGD applied: USE ONLY in COMMON VIEW
TOT DLY =    0.0 ns (BDS B1C),    0.0 ns (BDS B2a)
REF = ITRF10                        
CKSUM = B1

SAT CL  MJD  STTIME TRKL ELV AZTH   REFSV      SRSV     REFSYS    SRSYS  DSG IOE MDTR SMDT MDIO SMDI MSIO SMSI ISG FR HC FRC CK
             hhmmss  s  .1dg .1dg    .1ns     .1ps/s     .1ns    .1ps/s .1ns     .1ns.1ps/s.1ns.1ps/s.1ns.1ps/s.1ns
C19 FF 60303 000600  780 726  611    +9473302    -67         861    -11    3   0   85   +1  232  +22  232   22   3  0  0 L3B B1
C20 FF 60303 000600  780 271 1056      +17383   +271         694    -80   13   0  176  +30  266  +66  266   66   9  0  0 L3B FF
C22 FF 60303 000600  780 414 3084    +1737865   -114         972    +31    4   0  122  -14   76  +19   76   19   3  0  0 L3B E8
C36 FF 60303 000600  780 445 1741     +796249   -139         212    +16    6   0  115  -15  569  +26  569   26   5  0  0 L3B 0D
C37 FF 60303 000600  780 144  409    +9315712    -17         117    -12   28   0  319 +109  548  +62  548   62  23  0  0 L3B 24
C38 FF 60303 000600  780 573 1671    -1261180    -53         819    -28    4   0   96   +4  210  +32  210   32   3  0  0 L3B C8
C39 FF 60303 000600  780 758 2570      +63582    -12        1030    -11    6   0   83   +0  109  +26  109   26   5  0  0 L3B B5
C46 FF 60303 000600  780 571  873    +1102520    +18        1330    -14    2   0   96   +1 -115  +16 -115   16   2  0  0 L3B CD
C19 FF 60303 002200  780 697  811    +9473234    -76         848    -20    4   0   86   +2  255  +27  255   27   3  0  0 L3B D8
C20 FF 60303 002200  780 223 1110      +17713   +351         688     +1   17   0  211  +45  289  +39  289   39  13  0  0 L3B EC
C22 FF 60303 002200  780 470 3120    +1737755   -110        1002    +36    6   0  111  -11   90  +13   90   13   5  0  0 L3B CA
C36 FF 60303 002200  780 517 1724     +796139   -107         250    +48    5   0  103  -11  571   -9  571   -9   5  0  0 L3B E7
C38 FF 60303 002200  780 537 1716    -1261213    -24         810     +0    5   0  100   +5  224   +6  224    6   3  0  0 L3B 8C
C39 FF 60303 002200  780 763 2703      +63583     +5        1032     +5    4   0   83   +0  120   +8  120    8   3  0  0 L3B 5F
C46 FF 60303 002200  780 555  752    +1102544    +20        1324    -12    5   0   98   +3 -107  +12 -107   12   4  0  0 L3B CC
C19 FF 60303 003800  780 655  965    +9473168    -61         837     -4    3   0   89   +3  273   +6  273    6   3  0  0 L3B B0
C22 FF 60303 003800  780 530 3153    +1737651   -103        1038    +43    3   0  101   -8   98   +3   98    3   2  0  0 L3B B5
C36 FF 60303 003800  780 590 1695     +796022   -120         282    +34    4   0   94   -7  577   +2  577    2   3  0  0 L3B C2
C38 FF 60303 003800  780 501 1754    -1261250    -53         796    -28    7   0  105   +6  241  +28  241   28   5  0  0 L3B E8
C39 FF 60303 003800  780 765 2834      +63588     -4        1038     -3    2   0   83   +0  129  +19  129   19   2  0  0 L3B AC
C45 FF 60303 003800  780 123 2040     +577694    +82        1055    +51   27   0  377 -186  124  -47  124  -47  19  0  0 L3B 4B
C46 FF 60303 003800  780 523  652    +1102553    +17        1303    -15    4   0  102   +6  -86   +8  -86    8   3  0  0 L3B AC
C19 FF 60303 005400  780 605 1082    +9473102    -69         825    -12    3   0   93   +5  288  +18  288   18   3  0  0 L3B E7
C22 FF 60303 005400  780 592 3181    +1737540   -123        1067    +22    3   0   94   -6  108  +14  108   14   2  0  0 L3B E7
C36 FF 60303 005400  780 660 1643     +795905   -138         313    +17    3   0   89   -5  577  +12  577   12   2  0  0 L3B E7
C38 FF 60303 005400  780 463 1787    -1261294    -33         776     -9    5   0  112   +7  265  +18  265   18   4  0  0 L3B EC
C39 FF 60303 005400  780 762 2957      +63585     -4        1035     -3    2   0   83   +0  142  +11  142   11   2  0  0 L3B 8D
C45 FF 60303 005400  780 185 2055     +577784   +113        1115    +83   16   0  255  -86   77  -32   77  -32  14  0  0 L3B 29
C46 FF 60303 005400  780 479  578    +1102553    +11        1272    -20    4   0  109   +9  -60  +16  -60   16   4  0  0 L3B CF
C19 FF 60303 011000  780 550 1174    +9473013   -101         794    -44    5   1   99   +7  316  +38  316   38   3  0  0 L3B EE
C21 FF 60303 011000  780 141 3087    +9662481    +39         713    +53   20   1  329 -123  271  +21  271   21  15  0  0 L3B 1B
C22 FF 60303 011000  780 658 3202    +1737428   -118        1090    +27    3   1   89   -5  112   +7  112    7   3  0  0 L3B C6
C36 FF 60303 011000  780 725 1542     +795771   -146         304     +5    3   1   85   -3  585   +8  585    8   2  0  0 L3B B0
C38 FF 60303 011000  780 425 1816    -1261344    -23         747     +2    7   1  119   +9  297   +5  297    5   6  0  0 L3B BC
C39 FF 60303 011000  780 757 3069      +63583    +16        1014    +15    3   1   83   +0  154   -6  154   -6   3  0  0 L3B A2
C45 FF 60303 011000  780 248 2074     +577869   +107        1170    +76   12   1  193  -48   55  -17   55  -17  10  0  0 L3B 23
C46 FF 60303 011000  780 427  528    +1102543    +15        1238    -16    7   1  119  +13  -28   +3  -28    3   5  0  0 L3B B7
C19 FF 60303 012600  780 492 1247    +9472936    -73         771    -16    4   1  107  +10  346  +23  346   23   3  0  0 L3B 03
C21 FF 60303 012600  780 196 3109    +9662486     -5         732    +10   18   1  241  -67  302  +44  302   44  14  0  0 L3B 07
C22 FF 60303 012600  780 725 3208    +1737304   -123        1105    +22    2   1   85   -3  120   +5  120    5   2  0  0 L3B AD
C36 FF 60303 012600  780 774 1330     +795633   -145         312     +6    4   1   83   -1  589   +6  589    6   3  0  0 L3B B4
C38 FF 60303 012600  780 387 1841    -1261384    -34         730    -10    6   1  129  +11  322  +24  322   24   4  0  0 L3B EA
C39 FF 60303 012600  780 751 3169      +63582     -2        1012     -3    5   1   84   +0  163  +11  163   11   2  0  0 L3B 88
C45 FF 60303 012600  780 313 2099     +577943    +58        1214    +27    5   1  156  -30   57  +22   57   22   4  0  0 L3B DB
C46 FF 60303 012600  780 371  497    +1102531     -8        1197    -38    4   1  134  +18   -1  +26   -1   26   4  0  0 L3B B0
C19 FF 60303 014200  780 432 1308    +9472846   -122         737    -65    5   1  118  +14  379  +62  379   62   4  0  0 L3B 24
C21 FF 60303 014200  780 252 3124    +9662522    +28         782    +42   10   1  190  -42  302   +3  302    3   8  0  0 L3B CC
C22 FF 60303 014200  780 794 3174    +1737175   -136        1116     +9    2   1   82   -2  138  +17  138   17   1  0  0 L3B E7
C36 FF 60303 014200  780 786  983     +795485   -158         309     -7    4   1   83   +0  597  +15  597   15   3  0  0 L3B DF
C39 FF 60303 014200  780 745 3259      +63582     -4        1010     -6    2   1   84   +0  178   +9  178    9   3  0  0 L3B 84
C45 FF 60303 014200  780 379 2129     +578010    +89        1252    +58    5   1  132  -20   60  -12   60  -12   4  0  0 L3B D5
C46 FF 60303 014200  780 314  480    +1102526    -24        1162    -55    9   1  155  +26   32  +54   32   54   7  0  0 L3B C6
C19 FF 60303 015800  780 371 1358    +9472762    -84         707    -27    7   1  134  +20  423  +46  423   46   6  0  0 L3B 10
C21 FF 60303 015800  780 311 3132    +9662553    +34         826    +49    9   1  157  -28  303   +5  303    5   7  0  0 L3B D9
C22 FF 60303 015800  780 858 2909    +1737041   -148        1121     -3    3   1   81   -1  150  +19  150   19   2  0  0 L3B DF
C36 FF 60303 015800  780 753  703     +795326   -168         295    -17    3   1   84   +2  614  +14  614   14   3  0  0 L3B D2
C39 FF 60303 015800  780 738 3340      +63581    +15        1007    +13    3   1   84   +0  190   -5  190   -5   4  0  0 L3B A2
C45 FF 60303 015800  780 445 2166     +578082    +55        1295    +25    6   1  115  -14   49   +6   49    6   6  0  0 L3B C6
C46 FF 60303 015800  780 257  475    +1102506    -13        1113    -44   12   1  186  +40   81  +47   81   47   8  0  0 L3B E4
C19 FF 60303 021400  780 309 1401    +9472656   -115         638    -60    8   2  157  +29  488  +73  488   73   6  0  0 L3B 32
C21 FF 60303 021400  780 370 3131    +9662583    +45         834    +55    4   2  134  -19  304   -6  304   -6   5  0  0 L3B DF
C22 FF 60303 021400  780 846 1927    +1736902   -150        1109     -6    2   2   81   +1  163  +11  163   11   2  0  0 L3B D1
C36 FF 60303 021400  780 698  569     +795163   -187         278    -36    2   2   86   +3  625  +32  625   32   2  0  0 L3B E5
C39 FF 60303 021400  780 733 3415      +63573    -15         987    -17    3   2   84   +0  205  +20  205   20   3  0  0 L3B A7
C45 FF 60303 021400  780 511 2211     +578143    +65        1311    +33    2   2  104  -10   37  -17   37  -17   2  0  0 L3B C3
C46 FF 60303 021400  780 200  478    +1102503    +13        1088    -16   16   2  234  +64  133  +19  133   19  11  0  0 L3B 02
C19 FF 60303 023000  780 247 1437    +9472564   -124         599    -69   15   2  192  +46  545 +104  545  104  13  0  0 L3B 6B
C21 FF 60303 023000  780 430 3117    +9662607    +31         868    +41    7   2  119  -14  300  -25  300  -25   7  0  0 L3B F5
C22 FF 60303 023000  780 775 1756    +1736756   -149        1101     -5    2   2   83   +2  174   -1  174   -1   2  0  0 L3B CA
C36 FF 60303 023000  780 635  512     +794991   -187         251    -36    5   2   90   +5  639  +30  639   30   3  0  0 L3B D4
C39 FF 60303 023000  780 729 3486      +63573     -4         984     -7    5   2   85   +0  212  +14  212   14   3  0  0 L3B 91
C45 FF 60303 023000  780 577 2268     +578207    +58        1343    +25    5   2   96   -7   26   -8   26   -8   5  0  0 L3B B4
C19 FF 60303 024600  780 185 1466    +9472452   -183         540   -128   13   2  252  +81  648 +187  648  187   9  0  0 L3B 81
C21 FF 60303 024600  780 490 3087    +9662622    +25         892    +35    4   2  107  -10  300  -23  300  -23   3  0  0 L3B F6
C22 FF 60303 024600  780 701 1726    +1736597   -170        1080    -26    4   2   86   +4  192  +17  192   17   3  0  0 L3B 00
C36 FF 60303 024600  780 572  492     +794811   -202         217    -51    5   2   96   +7  654  +37  654   37   4  0  0 L3B DD
C39 FF 60303 024600  780 726 3554      +63570    -18         978    -20    4   2   85   +0  217  +16  217   16   2  0  0 L3B BD
C45 FF 60303 024600  780 640 2342     +578259    +65        1365    +33    3   2   90   -5   20  -18   20  -18   3  0  0 L3B BD
C21 FF 60303 030200  780 545 3033    +9662641     +5         948    +18    3   3   99   -7  281   -7  281   -7   2  0  0 L3B BC
C22 FF 60303 030200  780 625 1722    +1736429   -173        1068    -27    3   3   91   +6  208  +18  208   18   2  0  0 L3B F9
C26 FF 60303 030200  780 149 2368    +2250950    +83         472    +29   18   3  312 -108  603  -34  603  -34  15  0  0 L3B 3C
C36 FF 60303 030200  780 509  491     +794631   -222         184    -70    8   3  104   +9  671  +33  671   33   4  0  0 L3B DD
C39 FF 60303 030200  780 725   20      +63573     +9         987     +7    4   3   85   +0  215  -12  215  -12   3  0  0 L3B 6F
C45 FF 60303 030200  780 701 2448     +578303    +45        1372    +12    2   3   86   -3   15  -10   15  -10   2  0  0 L3B A4
C21 FF 60303 031800  780 593 2947    +9662647    -10         967     +3    2   3   94   -4  276  +10  276   10   2  0  0 L3B D6
C22 FF 60303 031800  780 549 1726    +1736258   -179        1037    -33    5   3   99   +9  229  +16  229   16   4  0  0 L3B 19
C26 FF 60303 031800  780 201 2410    +2251053   +132         523    +77   11   3  234  -59  579  -71  579  -71   9  0  0 L3B 30
C36 FF 60303 031800  780 448  503     +794444   -192         142    -40    3   3  115  +12  680  +14  680   14   2  0  0 L3B E2
C39 FF 60303 031800  780 725   87      +63571     +5         984     +4    2   3   85   +0  213  -12  213  -12   1  0  0 L3B 6F
C45 FF 60303 031800  780 754 2613     +578338    +36        1376     +4    2   3   84   -2    4   -6    4   -6   2  0  0 L3B 6D
C21 FF 60303 033400  780 628 2823    +9662652     +5         984    +18    2   3   91   -2  262  -12  262  -12   2  0  0 L3B D3
C22 FF 60303 033400  780 475 1732    +1736081   -198        1000    -52    6   3  110  +13  249  +33  249   33   5  0  0 L3B 13
C26 FF 60303 033400  780 252 2458    +2251140    +88         558    +34    9   3  189  -37  529  -71  529  -71   6  0  0 L3B 27
C36 FF 60303 033400  780 389  523     +794269   -182         113    -30    6   3  128  +16  687   +4  687    4   4  0  0 L3B E0
C39 FF 60303 033400  780 727  156      +63571    +10         981     +8    4   3   85   +0  210   -3  210   -3   2  0  0 L3B 66
C45 FF 60303 033400  780 792 2892     +578370    +26        1377     -7    2   3   82   -1   -2   -7   -2   -7   2  0  0 L3B 8C
C22 FF 60303 035000  780 401 1738    +1735902   -185         962    -39    4   3  125  +19  284  +29  284   29   4  0  0 L3B 1F
C26 FF 60303 035000  780 303 2509    +2251224    +97         590    +43    9   3  160  -25  475  -62  475  -62   7  0  0 L3B 11
C36 FF 60303 035000  780 333  549     +794061   -190          51    -38    7   3  147  +22  725  +22  725   22   6  0  0 L3B DC
C39 FF 60303 035000  780 731  227      +63569     +9         978     +7    4   3   84   +0  207   -8  207   -8   2  0  0 L3B 77
C42 FF 60303 035000  780 233 3167    +4756164    -14        -171    +47   12   3  204  -45  905  -62  905  -62   8  0  0 L3B 2C
C45 FF 60303 035000  780 798 3279     +578395    +12        1370    -21    2   3   82   +0  -10   +7  -10    7   2  0  0 L3B A3
C21 FF 60303 040600  780 629 2505    +9662623    -29         969    -17    3   4   91   +2  267   +7  267    7   2  0  0 L3B CE
C22 FF 60303 040600  780 330 1742    +1735719   -195         923    -48    9   4  148  +29  314  +46  314   46   7  0  0 L3B 22
C26 FF 60303 040600  780 353 2565    +2251311   +113         627    +59   11   4  140  -18  436  -64  436  -64   8  0  0 L3B 2D
C36 FF 60303 040600  780 279  580     +793887   -251          29    -99   13   4  172  +31  731  +78  731   78   9  0  0 L3B 1A
C39 FF 60303 040600  780 735  303      +63574     -4         982     -5    3   4   84   +0  203  +10  203   10   2  0  0 L3B 67
C40 FF 60303 040600  780 266 1713     +492755    +19         626     +7   52   4  180  -24  545  -55  545  -55  49  0  0 L3B 21
C42 FF 60303 040600  780 284 3136    +4756136    -23        -122    +38   11   4  170  -28  869  -33  869  -33   7  0  0 L3B 3B
C45 FF 60303 040600  780 770 3592     +578416    +13        1378    -18    2   4   83   +1  -11   +4  -11    4   2  0  0 L3B A1
C21 FF 60303 042200  780 594 2369    +9662595    -26         953    -14    3   4   94   +4  277   +6  277    6   3  0  0 L3B D6
C22 FF 60303 042200  780 261 1745    +1735524   -183         869    -36   14   4  183  +46  376  +55  376   55  11  0  0 L3B 48
C26 FF 60303 042200  780 402 2627    +2251395    +83         659    +29    5   4  125  -13  398  -49  398  -49   4  0  0 L3B 2A
C30 FF 60303 042200  780 123  616     +114887    -26         232    -40   26   4  371  -30  653  +53  653   53  24  0  0 L3B F2
C36 FF 60303 042200  780 228  614     +793693   -108         -19    +44   11   4  207  +44  775  -32  775  -32   9  0  0 L3B 18
C39 FF 60303 042200  780 740  385      +63581     +5         987     +4    4   4   84   +0  199   -7  199   -7   3  0  0 L3B 83
C42 FF 60303 042200  780 330 3092    +4756114    -27         -86    +35   13   4  148  -18  843  -14  843  -14  10  0  0 L3B 26
C45 FF 60303 042200  780 725  185     +578434    +13        1366    -18    3   4   85   +2  -12   -2  -12   -2   3  0  0 L3B 99
C21 FF 60303 043800  780 545 2267    +9662564    -32         934    -20    4   4   99   +7  290  +10  290   10   3  0  0 L3B E0
C22 FF 60303 043800  780 194 1745    +1735300   -240         785    -93   19   4  241  +80  488 +132  488  132  15  0  0 L3B 68
C26 FF 60303 043800  780 449 2694    +2251483    +82         696    +28    7   4  114  -10  368  -22  368  -22   6  0  0 L3B 24
C30 FF 60303 043800  780 129  555     +114900    +74         232    +60   32   4  355   -4  650  -45  650  -45  30  0  0 L3B EC
C36 FF 60303 043800  780 179  650     +793499   -230         -66    -77   16   4  261  +69  828  +59  828   59  11  0  0 L3B 44
C39 FF 60303 043800  780 746  476      +63582     -2         987     -3    3   4   84   +0  199  +13  199   13   2  0  0 L3B 9B
C42 FF 60303 043800  780 369 3034    +4756083    -22         -58    +40    6   4  135  -11  830  -13  830  -13   5  0  0 L3B 01
C45 FF 60303 043800  780 676  312     +578445     +1        1348    -29    5   4   87   +3   -9   +9   -9    9   4  0  0 L3B 7F
C21 FF 60303 045400  780 486 2194    +9662522    -23         903    -11    6   4  108  +11  304  -10  304  -10   5  0  0 L3B F4
C26 FF 60303 045400  780 496 2768    +2251557    +74         718    +20    5   4  106   -8  355   -8  355   -8   3  0  0 L3B EF
C29 FF 60303 045400  780 220 1034    -2190556    -30         592    +21   13   4  215  -37  460   +6  460    6   9  0  0 L3B E1
C36 FF 60303 045400  780 131  689     +793324   -148         -95     +4   24   4  349 +120  850   -6  850   -6  23  0  0 L3B 05
C39 FF 60303 045400  780 750  575      +63584     +6         987     +5    3   4   84   +0  198   -8  198   -8   3  0  0 L3B 8E
C40 FF 60303 045400  780 378 1768     +492880    +65         717    +53   34   4  132  -12  414  -56  414  -56  34  0  0 L3B 30
C42 FF 60303 045400  780 398 2962    +4756047    -21         -35    +40    5   4  126   -7  832  -22  832  -22   4  0  0 L3B FB
C45 FF 60303 045400  780 625  408     +578451     +2        1325    -28    4   4   91   +4   -4   +5   -4    5   3  0  0 L3B 5D
C21 FF 60303 051000  780 422 2140    +9662476    -21         901     -5    5   5  120  +15  326   +6  326    6   4  0  0 L3B B1
C26 FF 60303 051000  780 541 2850    +2251622    +69         725    +14    5   5  100   -6  343   -8  343   -8   4  0  0 L3B C9
C29 FF 60303 051000  780 257  972    -2190592    +17         609    +68   14   5  186  -23  406  -94  406  -94  14  0  0 L3B 38
C39 FF 60303 051000  780 754  685      +63586     -2         990     -3    3   5   84   +0  201   +3  201    3   2  0  0 L3B 50
C40 FF 60303 051000  780 415 1793     +492927    +68         716    +52   38   5  122   -9  370  -42  370  -42  37  0  0 L3B 17
C42 FF 60303 051000  780 416 2878    +4756004    -36         -44    +23    6   5  122   -3  829  -15  829  -15   4  0  0 L3B FB
C45 FF 60303 051000  780 575  488     +578458     -9        1310    -38    4   5   96   +6    3   +7    3    7   3  0  0 L3B 5D
C21 FF 60303 052600  780 357 2099    +9662426    -71         866    -55    6   5  138  +23  352  +43  352   43   5  0  0 L3B 15
C24 FF 60303 052600  780 131 2682    -7253256   -407         696    -40   25   5  353 -118  476  -11  476  -11  21  0  0 L3B 5F
C26 FF 60303 052600  780 584 2942    +2251686    +67         737    +13    4   5   95   -4  334  -10  334  -10   3  0  0 L3B EE
C29 FF 60303 052600  780 286  904    -2190624    -25         626    +26    9   5  168  -14  385  -25  385  -25  11  0  0 L3B 23
C39 FF 60303 052600  780 754  803      +63588    -15         991    -17    3   5   84   +0  196  +14  196   14   2  0  0 L3B B9
C40 FF 60303 052600  780 452 1822     +492953    +71         727    +55    6   5  114   -8  377  -38  377  -38   4  0  0 L3B 03
C42 FF 60303 052600  780 419 2788    +4755957    -41         -35    +18    5   5  121   +1  820   -6  820   -6   3  0  0 L3B DC
C45 FF 60303 052600  780 525  559     +578460     +6        1283    -23    6   5  102   +7    7   -5    7   -5   5  0  0 L3B 71
C21 FF 60303 054200  780 292 2066    +9662368    -71         823    -55    5   5  165  +34  390  +48  390   48   4  0  0 L3B 17
C24 FF 60303 054200  780 175 2730    -7253583   -361         721     +6   25   5  268  -67  434   -8  434   -8  17  0  0 L3B 23
C26 FF 60303 054200  780 625 3049    +2251759    +86         757    +31    4   5   91   -3  313  -23  313  -23   2  0  0 L3B E7
C29 FF 60303 054200  780 307  831    -2190653    -81         646    -30    9   5  158   -8  366   -2  366   -2   8  0  0 L3B D9
C35 FF 60303 054200  780 214 1471    -4728232    +97         445     +8   13   5  222  -59  633 -130  633 -130  10  0  0 L3B 3B
C39 FF 60303 054200  780 751  926      +63582    -14         984    -16    3   5   84   +0  202   +4  202    4   3  0  0 L3B 7B
C40 FF 60303 054200  780 488 1854     +492987    +23         746     +7    5   5  107   -6  363  +11  363   11   4  0  0 L3B D5
C42 FF 60303 054200  780 408 2697    +4755893    -68         -42    -10    5   5  124   +5  826   -3  826   -3   5  0  0 L3B E6
C45 FF 60303 054200  780 477  625     +578459     +7        1254    -23    4   5  109   +9   18   -3   18   -3   3  0  0 L3B 9B
C21 FF 60303 055800  780 229 2038    +9662300    -86         770    -71   14   5  207  +55  457 +112  457  112  10  0  0 L3B 49
C24 FF 60303 055800  780 219 2779    -7253898   -318         757    +49   23   5  216  -43  382  -47  382  -47  18  0  0 L3B 7D
C26 FF 60303 055800  780 662 3175    +2251822    +58         767     +3    3   5   88   -2  304  -10  304  -10   2  0  0 L3B D1
C29 FF 60303 055800  780 318  754    -2190690    -77         658    -26   13   5  153   -2  343  +15  343   15  12  0  0 L3B 0E
C35 FF 60303 055800  780 272 1434    -4728102   +188         490   +100   15   5  177  -37  540  -73  540  -73  13  0  0 L3B 5B
C39 FF 60303 055800  780 744 1050      +63581    +25         982    +24    5   5   84   +0  204  -17  204  -17   4  0  0 L3B C1
C40 FF 60303 055800  780 523 1891     +493029    +43         772    +27    3   5  102   -5  336  -26  336  -26   3  0  0 L3B EC
C42 FF 60303 055800  780 384 2612    +4755822    -77         -57    -19    8   5  130   +9  835   +8  835    8   6  0  0 L3B EA
C45 FF 60303 055800  780 429  687     +578454    -15        1221    -44    4   5  118  +11   29  +32   29   32   3  0  0 L3B D2
C21 FF 60303 061400  780 167 2011    +9662229    -92         712    -77   17   6  278  +98  586 +197  586  197  16  0  0 L3B 7C
C24 FF 60303 061400  780 265 2828    -7254208   -411         775    -48   20   6  181  -30  337  +17  337   17  13  0  0 L3B 40
C26 FF 60303 061400  780 694 3327    +2251879    +72         784    +18    3   6   86   -2  303  -17  303  -17   3  0  0 L3B F7
C29 FF 60303 061400  780 316  678    -2190744    -30         657    +22   12   6  154   +3  335  -28  335  -28  12  0  0 L3B 11
C35 FF 60303 061400  780 331 1392    -4727985   +132         530    +44    8   6  148  -24  460  -74  460  -74   8  0  0 L3B 31
C39 FF 60303 061400  780 732 1166      +63586    +10         985     +9    6   6   84   +1  203   -8  203   -8   4  0  0 L3B 95
C40 FF 60303 061400  780 557 1934     +493054    +23         791     +8    3   6   98   -4  335   +4  335    4   2  0  0 L3B 9A
C42 FF 60303 061400  780 349 2535    +4755740    -86         -65    -25    7   6  141  +14  862  +32  862   32   5  0  0 L3B 0A
C45 FF 60303 061400  780 383  747     +578444    -15        1177    -45    5   6  130  +14   49  +26   49   26   4  0  0 L3B DB
C24 FF 60303 063000  780 311 2878    -7254525   -339         807    +24   10   6  156  -22  297  -29  297  -29   8  0  0 L3B 4F
C26 FF 60303 063000  780 717 3511    +2251933    +38         787    -15    3   6   85   -1  291  +20  291   20   2  0  0 L3B D5
C29 FF 60303 063000  780 304  606    -2190789    -84         662    -32   11   6  159   +9  315  +10  315   10  11  0  0 L3B F8
C35 FF 60303 063000  780 389 1341    -4727855   +104         576    +17    8   6  129  -16  421  -18  421  -18   5  0  0 L3B 2E
C39 FF 60303 063000  780 716 1273      +63588     +7         986     +6    3   6   85   +1  198   -7  198   -7   2  0  0 L3B 9E
C40 FF 60303 063000  780 590 1983     +493075    +20         798     +5    3   6   94   -3  334   -9  334   -9   2  0  0 L3B AF
C42 FF 60303 063000  780 307 2469    +4755658   -102         -89    -41    7   6  158  +22  884  +37  884   37   5  0  0 L3B 32
C45 FF 60303 063000  780 337  804     +578453    +10        1156    -20    8   6  145  +18   49   +3   49    3   6  0  0 L3B A6
C24 FF 60303 064600  780 359 2928    -7254841   -333         839    +30    9   6  138  -17  258  -34  258  -34   7  0  0 L3B 48
C26 FF 60303 064600  780 728  124    +2251982    +54         785     +0    3   6   85   +0  291  -17  291  -17   3  0  0 L3B CC
C29 FF 60303 064600  780 280  541    -2190871    -96         630    -44   10   6  171  +16  324   +8  324    8   9  0  0 L3B E5
C35 FF 60303 064600  780 444 1278    -4727744   +110         603    +23    4   6  116  -11  394  -22  394  -22   4  0  0 L3B 1E
C39 FF 60303 064600  780 695 1367      +63586     +5         982     +4    3   6   86   +1  199   -8  199   -8   2  0  0 L3B AA
C40 FF 60303 064600  780 621 2040     +493113    +37         822    +22    4   6   91   -3  313  -21  313  -21   3  0  0 L3B B3
C42 FF 60303 064600  780 259 2411    +4755570    -51        -119     +9   10   6  184  +33  910   -4  910   -4   8  0  0 L3B F7
C44 FF 60303 064600  780 185 1748    -3332769   -123         379     -8   19   6  254  -86  746 -204  746 -204  16  0  0 L3B 83
C45 FF 60303 064600  780 291  860     +578439    -11        1114    -42    6   6  165  +24   72  +20   72   20   5  0  0 L3B C5
C24 FF 60303 070200  780 409 2978    -7255166   -316         875    +48    4   7  124  -13  234  -51  234  -51   4  0  0 L3B 2F
C26 FF 60303 070200  780 723  346    +2252031    +43         780    -11    3   7   85   +1  287   +0  287    0   3  0  0 L3B 92
C29 FF 60303 070200  780 247  486    -2190939    -71         602    -20   17   7  192  +27  316   -2  316   -2  17  0  0 L3B 01
C35 FF 60303 070200  780 492 1199    -4727632   +127         666    +44    4   7  107   -7  364  -26  364  -26   3  0  0 L3B 23
C39 FF 60303 070200  780 671 1448      +63581     +1         973     -1    5   7   88   +2  198   -5  198   -5   4  0  0 L3B 93
C40 FF 60303 070200  780 649 2106     +493141    +24         834     +9    4   7   89   -2  301  -14  301  -14   4  0  0 L3B B4
C42 FF 60303 070200  780 209 2360    +4755483   -102        -144    -40   11   7  224  +53  945  +42  945   42   8  0  0 L3B 2D
C44 FF 60303 070200  780 250 1735    -3332838    -80         425    +36   12   7  191  -49  629  -52  629  -52  13  0  0 L3B 3F
C45 FF 60303 070200  780 246  914     +578436    -53        1083    -83    8   7  193  +34   80  +48   80   48   6  0  0 L3B E3
C24 FF 60303 073000  780 500 3066    -7255728   -340         926    +24    5   7  106   -9  188  -22  188  -22   3  0  0 L3B 16
C26 FF 60303 073000  780 680  675    +2252102    +34         761    -19    6   7   87   +2  280   -1  280   -1   5  0  0 L3B AB
C29 FF 60303 073000  780 173  414    -2191100   -153         526   -102   19   7  268  +71  337  +50  337   50  15  0  0 L3B 2B
C35 FF 60303 073000  780 549 1014    -4727459    +83         700     +0    4   7   99   -2  328   -6  328   -6   4  0  0 L3B C0
C39 FF 60303 073000  780 622 1565      +63562     -4         951     -6    4   7   91   +3  198   -6  198   -6   3  0  0 L3B 90
C40 FF 60303 073000  780 692 2247     +493177    +13         844     -2    4   7   86   -1  277   -7  277   -7   4  0  0 L3B B4
C44 FF 60303 073000  780 369 1711    -3332941    -74         517    +42    8   7  135  -23  486  -56  486  -56   6  0  0 L3B 29
C24 FF 60303 074600  780 555 3117    -7256048   -350         955    +15    4   7   98   -7  164  -20  164  -20   3  0  0 L3B 0A
C26 FF 60303 074600  780 642  816    +2252136    +35         744    -19    3   7   90   +3  273   +0  273    0   2  0  0 L3B 9E
C29 FF 60303 074600  780 125  387    -2191172    -27         503    +23   30   7  366 +143  327  -35  327  -35  25  0  0 L3B 38
C35 FF 60303 074600  780 558  890    -4727370    +87         709     +4    5   7   98   +0  312  -16  312  -16   4  0  0 L3B DB
C40 FF 60303 074600  780 711 2344     +493195    +20         848     +5    3   7   85   -1  268  -16  268  -16   2  0  0 L3B D0
C44 FF 60303 074600  780 439 1694    -3333013    -59         557    +57    7   7  117  -16  435  -51  435  -51   6  0  0 L3B 27
C24 FF 60303 080200  780 612 3170    -7256373   -347         970    +16    4   8   92   -5  143  -17  143  -17   3  0  0 L3B 00
C26 FF 60303 080200  780 597  930    +2252171    +16         726    -38    3   8   94   +5  267   +9  267    9   2  0  0 L3B BB
C35 FF 60303 080200  780 547  770    -4727286   +101         675    +13    4   8   99   +2  295  -31  295  -31   3  0  0 L3B FA
C40 FF 60303 080200  780 726 2452     +493211    +14         840     -2    4   8   85   -1  254  -18  254  -18   3  0  0 L3B BB
C44 FF 60303 080200  780 511 1670    -3333079    -92         591    +23    4   8  104  -11  397  -22  397  -22   2  0  0 L3B 0C
C24 FF 60303 081800  780 671 3229    -7256705   -346         987    +17    5   8   88   -4  128  -16  128  -16   5  0  0 L3B 23
C25 FF 60303 081800  780 137 3014    -2860802    -89         563     +0   29   8  339 -124  397  -52  397  -52  20  0  0 L3B 4A
C26 FF 60303 081800  780 548 1023    +2252195    +48         698     -5    5   8   99   +6  265  -21  265  -21   4  0  0 L3B EE
C35 FF 60303 081800  780 519  667    -4727223    +67         654    -21    6   8  103   +5  288  -11  288  -11   4  0  0 L3B FD
C40 FF 60303 081800  780 736 2569     +493223    +12         837     -4    7   8   84   +0  241  -11  241  -11   6  0  0 L3B C1
C44 FF 60303 081800  780 582 1633    -3333162    -83         618    +32    4   8   95   -8  371  -31  371  -31   3  0  0 L3B F3
C24 FF 60303 083400  780 732 3300    -7257039   -356        1002     +8    6   8   84   -3  115   -8  115   -8   4  0  0 L3B D7
C25 FF 60303 083400  780 188 3042    -2860892    -91         559     -2   19   8  250  -69  362  -16  362  -16  13  0  0 L3B 3B
C26 FF 60303 083400  780 496 1102    +2252225    +23         676    -31    5   8  106   +9  257   +1  257    1   4  0  0 L3B C1
C34 FF 60303 083400  780 190 2024    -3324209    -55         524    +28   14   8  248  -82  472 -148  472 -148  15  0  0 L3B 64
C35 FF 60303 083400  780 478  588    -4727167    +77         626    -11    4   8  109   +8  284  -20  284  -20   3  0  0 L3B 05
C39 FF 60303 083400  780 489 1743      +63520    -10         906    -12    7   8  107   +6  173  -13  173  -13   5  0  0 L3B D7
C40 FF 60303 083400  780 742 2690     +493244    +36         842    +20    3   8   84   +0  227  -25  227  -25   2  0  0 L3B D2
C44 FF 60303 083400  780 650 1570    -3333248    -86         643    +29    3   8   89   -5  348  -22  348  -22   2  0  0 L3B FF
C24 FF 60303 085000  780 794 3410    -7257382   -350        1007    +13    2   8   82   -2  110  -16  110  -16   1  0  0 L3B F5
C25 FF 60303 085000  780 242 3066    -2860919    -17         618    +72   15   8  197  -43  291  -66  291  -66  11  0  0 L3B 4D
C26 FF 60303 085000  780 441 1168    +2252242    +35         642    -19    4   8  116  +12  260  -17  260  -17   3  0  0 L3B FC
C34 FF 60303 085000  780 254 2041    -3324260    -39         553    +44   14   8  188  -47  366  -78  366  -78  11  0  0 L3B 49
C35 FF 60303 085000  780 428  532    -4727111    +80         597     -8    6   8  119  +12  276  -23  276  -23   5  0  0 L3B F7
C39 FF 60303 085000  780 453 1774      +63513     +7         898     +5   24   8  114   +7  158  -33  158  -33  24  0  0 L3B E9
C40 FF 60303 085000  780 743 2810     +493257    +15         839     -1    2   8   84   +0  218  -13  218  -13   1  0  0 L3B BB
C44 FF 60303 085000  780 712 1455    -3333341    -96         661    +19    3   8   85   -3  333  -20  333  -20   3  0  0 L3B E3
C24 FF 60303 090600  780 852  120    -7257729   -356        1002     +6    2   9   81   -1  100  -17  100  -17   1  0  0 L3B D4
C25 FF 60303 090600  780 298 3085    -2860966    -24         641    +64   13   9  163  -29  258  -46  258  -46  10  0  0 L3B 55
C26 FF 60303 090600  780 385 1226    +2252263     +9         614    -45    8   9  129  +17  256   +7  256    7   7  0  0 L3B DD
C34 FF 60303 090600  780 320 2063    -3324299    -49         598    +35   10   9  153  -29  314  -33  314  -33   8  0  0 L3B 2A
C35 FF 60303 090600  780 374  496    -4727065    +40         550    -49    4   9  133  +17  267  -12  267  -12   4  0  0 L3B 0B
C40 FF 60303 090600  780 742 2923     +493267     +2         844    -13    4   9   84   +0  210   -2  210   -2   3  0  0 L3B 8E
C44 FF 60303 090600  780 755 1244    -3333445   -104         678    +12    3   9   84   -1  317  -20  317  -20   3  0  0 L3B F6
C24 FF 60303 092200  780 850 1030    -7258077   -374        1002    -11    2   9   81   +1   92   -6   92   -6   1  0  0 L3B BA
C25 FF 60303 092200  780 356 3098    -2861010    -32         681    +55    8   9  139  -21  227  -43  227  -43   5  0  0 L3B 17
C26 FF 60303 092200  780 328 1276    +2252281    +16         581    -37   12   9  149  +24  253  +11  253   11   9  0  0 L3B 0C
C34 FF 60303 092200  780 387 2091    -3324335    -51         642    +33    8   9  129  -20  277   -7  277   -7   6  0  0 L3B FB
C35 FF 60303 092200  780 317  475    -4727016    +23         513    -66    9   9  153  +25  252   +3  252    3   7  0  0 L3B CC
C39 FF 60303 092200  780 379 1825      +63476    -65         852    -67   60   9  131  +11  146  +39  146   39  57  0  0 L3B 23
C40 FF 60303 092200  780 737 3027     +493281    +16         844     +1    3   9   84   +0  199  -13  199  -13   2  0  0 L3B CA
C44 FF 60303 092200  780 762  947    -3333556   -123         678     -7    4   9   83   +1  303   -7  303   -7   2  0  0 L3B C2
C24 FF 60303 093800  780 789 1323    -7258434   -369         993     -6    2   9   82   +2   86  -10   86  -10   1  0  0 L3B E6
C25 FF 60303 093800  780 416 3101    -2861051    -66         723    +21    4   9  122  -15  202   -6  202   -6   4  0  0 L3B D4
C26 FF 60303 093800  780 271 1319    +2252291    +32         539    -21   13   9  177  +36  263   +3  263    3  11  0  0 L3B FB
C34 FF 60303 093800  780 455 2124    -3324374    -54         684    +30    6   9  113  -14  259   -8  259   -8   4  0  0 L3B FE
C35 FF 60303 093800  780 260  466    -4726974    +22         470    -67   11   9  183  +39  241   +6  241    6   9  0  0 L3B F3
C40 FF 60303 093800  780 732 3121     +493291    +17         840     +2    3   9   84   +0  193  -12  193  -12   2  0  0 L3B B8
C44 FF 60303 093800  780 730  708    -3333676   -125         671     -9    4   9   85   +2  292  -13  292  -13   3  0  0 L3B EB
C24 FF 60303 095400  780 720 1423    -7258797   -381         978    -18    3   9   85   +3   83   -2   83   -2   3  0  0 L3B D5
C25 FF 60303 095400  780 476 3092    -2861104    -55         754    +32    5   9  110  -11  186  -16  186  -16   4  0  0 L3B 16
C26 FF 60303 095400  780 213 1357    +2252294    -15         491    -69   13   9  221  +58  281  +38  281   38  12  0  0 L3B 31
C34 FF 60303 095400  780 523 2166    -3324411    -45         728    +39    3   9  102  -10  237  -17  237  -17   2  0  0 L3B 0B
C35 FF 60303 095400  780 203  466    -4726931    +64         428    -25   14   9  231  +63  237  -12  237  -12  11  0  0 L3B 20
C40 FF 60303 095400  780 726 3207     +493309    +17         844     +2    3   9   85   +0  180  -14  180  -14   3  0  0 L3B C0
C44 FF 60303 095400  780 676  579    -3333805   -155         653    -38    3   9   87   +4  284   +1  284    1   2  0  0 L3B D6
C24 FF 60303 101000  780 650 1480    -7259167   -383         978    -18    3  10   89   +5   82   -6   82   -6   2  0  0 L3B D7
C25 FF 60303 101000  780 537 3067    -2861152    -69         807    +20    5  10  100   -8  172   -4  172   -4   3  0  0 L3B D6
C34 FF 60303 101000  780 591 2220    -3324466    -65         735    +17    4  10   94   -7  222   -2  222   -2   3  0  0 L3B BF
C40 FF 60303 101000  780 721 3286     +493318    +14         828     -2    4  10   85   +0  176  -10  176  -10   3  0  0 L3B BE
C44 FF 60303 101000  780 615  517    -3333936   -151         632    -34    5  10   92   +6  273   -3  273   -3   4  0  0 L3B CA
C23 FF 60303 102600  780 117 3146    +7988275    -22         844    +32   28  10  394 -182  106  -64  106  -64  17  0  0 L3B 61
C24 FF 60303 102600  780 578 1521    -7259550   -391         946    -26    5  10   95   +8   89   -3   89   -3   4  0  0 L3B E4
C25 FF 60303 102600  780 595 3015    -2861218    -68         827    +21    4  10   94   -6  168   -4  168   -4   3  0  0 L3B E2
C34 FF 60303 102600  780 657 2291    -3324523    -68         757    +14    4  10   89   -5  211   -5  211   -5   3  0  0 L3B D3
C40 FF 60303 102600  780 716 3359     +493321    +17         816     +1    3  10   85   +0  178  -11  178  -11   2  0  0 L3B C5
C43 FF 60303 102600  780 173 2291     -536725    +81         422    +96   13  10  271  -86  418  -80  418  -80   9  0  0 L3B 2A
C44 FF 60303 102600  780 552  492    -3334084   -155         596    -38    5  10   98   +8  272   -1  272   -1   4  0  0 L3B E1
C23 FF 60303 104200  780 172 3148    +7988286    +50         907   +105   17  10  272  -87   53  -62   53  -62  16  0  0 L3B 3E
C24 FF 60303 104200  780 507 1553    -7259927   -399         919    -34    5  10  104  +11   85   +3   85    3   4  0  0 L3B E8
C25 FF 60303 104200  780 646 2923    -2861278    -71         852    +18    2  10   90   -4  159   -1  159   -1   2  0  0 L3B D9
C34 FF 60303 104200  780 720 2397    -3324586    -63         773    +20    3  10   85   -3  200  -18  200  -18   2  0  0 L3B EA
C40 FF 60303 104200  780 712 3428     +493345    +18         824     +2    4  10   85   +0  165  -14  165  -14   3  0  0 L3B C3
C43 FF 60303 104200  780 228 2331     -536691    +20         471    +36   14  10  208  -49  380  -30  380  -30  11  0  0 L3B 18
C44 FF 60303 104200  780 489  488    -3334222   -157         569    -41   10  10  107  +10  262   +0  262    0   6  0  0 L3B EE
C23 FF 60303 105800  780 228 3142    +7988276    -52         949     +3   11  10  209  -50   34  +10   34   10   7  0  0 L3B E8
C24 FF 60303 105800  780 437 1579    -7260318   -412         878    -47    7  10  117  +15   90  +12   90   12   6  0  0 L3B 09
C25 FF 60303 105800  780 683 2778    -2861350    -77         866    +12    3  10   87   -2  158   -3  158   -3   2  0  0 L3B EC
C34 FF 60303 105800  780 776 2577    -3324656    -80         783     +3    3  10   83   -2  191   -4  191   -4   2  0  0 L3B D0
C40 FF 60303 105800  780 710 3494     +493353    +20         816     +4    3  10   85   +0  163  -11  163  -11   2  0  0 L3B BA
C43 FF 60303 105800  780 283 2376     -536664    +48         513    +64   10  10  171  -31  349  -43  349  -43   8  0  0 L3B 2B
C44 FF 60303 105800  780 428  496    -3334392   -160         511    -44    5  10  119  +14  275   +4  275    4   4  0  0 L3B EE
C23 FF 60303 111400  780 283 3126    +7988263    -16         958    +34   15  11  171  -31   17  -15   17  -15  12  0  0 L3B 1D
C24 FF 60303 111400  780 368 1599    -7260707   -420         830    -56    6  11  135  +22   91  +24   91   24   5  0  0 L3B 01
C25 FF 60303 111400  780 696 2584    -2861433    -84         849     +3    2  11   86   +0  157   -9  157   -9   2  0  0 L3B DA
C34 FF 60303 111400  780 812 2920    -3324740    -87         769     -6    2  11   82   +0  189   -6  189   -6   2  0  0 L3B CF
C40 FF 60303 111400  780 710 3558     +493367    +12         821     -3    4  11   86   +0  160   +1  160    1   3  0  0 L3B 84
C43 FF 60303 111400  780 337 2427     -536641     +2         549    +17    5  11  146  -21  326   +4  326    4   3  0  0 L3B BB
C44 FF 60303 111400  780 369  513    -3334532   -139         478    -23    5  11  134  +19  265  -17  265  -17   4  0  0 L3B 24
C23 FF 60303 113000  780 336 3098    +7988241    -12         984    +38   11  11  146  -21   13  -15   13  -15   8  0  0 L3B 07
C24 FF 60303 113000  780 300 1615    -7261096   -421         790    -57    7  11  161  +34   95  +16   95   16   5  0  0 L3B FC
C25 FF 60303 113000  780 679 2390    -2861526    -99         839    -12    5  11   87   +2  160   +2  160    2   4  0  0 L3B CD
C34 FF 60303 113000  780 807 3374    -3324826   -109         762    -27    2  11   82   +1  183  +11  183   11   2  0  0 L3B EF
C40 FF 60303 113000  780 711   22     +493380    +14         819     -2    4  11   85   +0  158   +3  158    3   3  0  0 L3B 66
C43 FF 60303 113000  780 390 2484     -536623    -29         583    -14    7  11  129  -15  310  +22  310   22   5  0  0 L3B ED
C44 FF 60303 113000  780 312  536    -3334697   -180         424    -64   10  11  155  +26  273   +8  273    8   9  0  0 L3B 00
C23 FF 60303 114600  780 385 3056    +7988227     +3        1019    +53    8  11  130  -14    4  -18    4  -18   6  0  0 L3B D6
C24 FF 60303 114600  780 234 1628    -7261505   -403         731    -39   12  11  202  +55  110   +9  110    9   9  0  0 L3B FE
C25 FF 60303 114600  780 637 2242    -2861622   -114         827    -27    4  11   90   +4  161   +9  161    9   4  0  0 L3B D9
C34 FF 60303 114600  780 767   65    -3324919   -103         747    -21    3  11   83   +2  181   +0  181    0   3  0  0 L3B AB
C40 FF 60303 114600  780 714   87     +493393    +14         817     -1    3  11   85   +0  155   -3  155   -3   2  0  0 L3B 83
C43 FF 60303 114600  780 441 2548     -536610     -1         610    +15    5  11  116  -11  295   +1  295    1   4  0  0 L3B B1
C44 FF 60303 114600  780 258  565    -3334872   -225         360   -109   10  11  185  +36  292  +59  292   59   8  0  0 L3B 4D
C23 FF 60303 120200  780 428 2997    +7988214    -16        1083    +38    6  12  119   -9   -8  -12   -8  -12   4  0  0 L3B FE
C24 FF 60303 120200  780 170 1636    -7261907   -442         680    -78   11  12  274 +100  145  +66  145   66   9  0  0 L3B 4A
C25 FF 60303 120200  780 582 2143    -2861729   -124         810    -37    3  12   95   +6  166  +12  166   12   3  0  0 L3B F7
C34 FF 60303 120200  780 716  225    -3325010    -96         744    -13    2  12   85   +3  174   -8  174   -8   2  0  0 L3B B9
C38 FF 60303 120200  780 290 1720    -1262344    +22         702    +48   50  12  166  -20  160  -22  160  -22  49  0  0 L3B 23
C40 FF 60303 120200  780 718  155     +493402    +10         819     -5    2  12   85   +0  158   +2  158    2   1  0  0 L3B 79
C43 FF 60303 120200  780 491 2620     -536603     -9         625     +5    5  12  107   -8  286   +3  286    3   3  0  0 L3B 9F
C44 FF 60303 120200  780 206  597    -3334999   -155         343    -39   14  12  228  +55  278   +2  278    2   9  0  0 L3B 18
C23 FF 60303 121800  780 462 2921    +7988173    -53        1094     +0    3  12  112   -5   -1  +16   -1   16   3  0  0 L3B BE
C25 FF 60303 121800  780 518 2077    -2861843   -123         779    -35    4  12  103  +10  170   +4  170    4   3  0  0 L3B F5
C34 FF 60303 121800  780 662  332    -3325114   -108         721    -25    3  12   88   +4  172   -3  172   -3   3  0  0 L3B C4
C38 FF 60303 121800  780 328 1738    -1262346    +24         724    +50   38  12  149  -16  160  -28  160  -28  40  0  0 L3B 45
C40 FF 60303 121800  780 724  226     +493420     -3         824    -17    7  12   85   +0  152  +10  152   10   4  0  0 L3B 99
C43 FF 60303 121800  780 539 2703     -536591    -13         651     +2    5  12  100   -6  272   +2  272    2   3  0  0 L3B A3
C44 FF 60303 121800  780 156  632    -3335147   -172         306    -56   12  12  295  +90  278   +2  278    2  10  0  0 L3B 11
C23 FF 60303 123400  780 482 2828    +7988141    -55        1113     -1    4  12  108   -2   -5  +16   -5   16   3  0  0 L3B C7
C25 FF 60303 123400  780 452 2032    -2861964   -130         743    -42    6  12  114  +14  172   +4  172    4   4  0  0 L3B EB
C34 FF 60303 123400  780 609  415    -3325220   -107         694    -24    6  12   92   +5  171   -2  171   -2   5  0  0 L3B C7
C38 FF 60303 123400  780 366 1759    -1262338    +53         758    +79   50  12  135  -13  148  -46  148  -46  50  0  0 L3B 5C
C40 FF 60303 123400  780 731  303     +493433    +14         822     +0    3  12   84   +0  154   -3  154   -3   2  0  0 L3B 79
C43 FF 60303 123400  780 584 2798     -536598     -8         658     +6    3  12   95   -5  270   -2  270   -2   2  0  0 L3B B9
C21 FF 60303 125000  780 206  888    +9661888    +12         700    +26   11  12  229  -34  105   +4  105    4   9  0  0 L3B E5
C23 FF 60303 125000  780 488 2726    +7988094    -42        1118    +11    9  12  107   +0   -5   -9   -5   -9   7  0  0 L3B D6
C25 FF 60303 125000  780 385 1999    -2862090   -140         702    -52    5  12  130  +20  176   +4  176    4   4  0  0 L3B F9
C34 FF 60303 125000  780 557  486    -3325328   -126         666    -43    5  12   98   +6  171   +8  171    8   5  0  0 L3B DC
C37 FF 60303 125000  780 134 3202    +9315557     +7         157    +11   19  12  344 -114  360   +5  360    5  14  0  0 L3B FD
C38 FF 60303 125000  780 404 1783    -1262343    +31         777    +57   34  12  125  -10  151  -27  151  -27  32  0  0 L3B 35
C40 FF 60303 125000  780 739  387     +493449    +10         824     -4    4  12   84   +0  150   +1  150    1   3  0  0 L3B 7D
C43 FF 60303 125000  780 625 2910     -536598     +0         673    +15    4  12   91   -3  263   -8  263   -8   3  0  0 L3B B4
C21 FF 60303 130600  780 232  823    +9661866     +2         688    +15   10  13  204  -20  121   -6  121   -6  10  0  0 L3B DE
C23 FF 60303 130600  780 477 2623    +7988042    -67        1114    -13    4  13  109   +3   -6   +7   -6    7   3  0  0 L3B BE
C25 FF 60303 130600  780 318 1973    -2862224   -128         651    -40    6  13  153  +29  184   +1  184    1   4  0  0 L3B FC
C34 FF 60303 130600  780 506  551    -3325434   -119         636    -37    4  13  104   +8  169   +7  169    7   3  0  0 L3B E1
C37 FF 60303 130600  780 177 3165    +9315594    +90         210    +95   19  13  265  -59  352  -53  352  -53  14  0  0 L3B 55
C38 FF 60303 130600  780 442 1811    -1262346    +27         759    +48   42  13  116   -8  147  -29  147  -29  42  0  0 L3B 3F
C40 FF 60303 130600  780 747  481     +493465    +13         819     -3    3  13   84   +0  151   +4  151    4   2  0  0 L3B 84
C43 FF 60303 130600  780 660 3043     -536603     -4         669    +11    3  13   88   -2  259   -6  259   -6   2  0  0 L3B B7
C21 FF 60303 132200  780 251  753    +9661882     +0         717    +13    8  13  190  -10  104   -7  104   -7   8  0  0 L3B C7
C23 FF 60303 132200  780 452 2528    +7987971    -69        1094    -16    7  13  114   +6    6   +6    6    6   6  0  0 L3B B8
C25 FF 60303 132200  780 253 1951    -2862355   -136         605    -49    9  13  188  +45  187   +3  187    3   8  0  0 L3B 17
C28 FF 60303 132200  780 171 2687    -1871930    -64         496    -16   18  13  272  -69  273  +15  273   15  13  0  0 L3B 4C
C34 FF 60303 132200  780 457  612    -3325546   -113         604    -30    4  13  113  +10  171   -3  171   -3   3  0  0 L3B D6
C37 FF 60303 132200  780 214 3120    +9315641    +28         262    +34   14  13  221  -34  332   -6  332   -6  12  0  0 L3B FE
C38 FF 60303 132200  780 479 1843    -1262357    -24         767     -3    5  13  109   -7  155  +15  155   15   4  0  0 L3B F8
C40 FF 60303 132200  780 753  587     +493480    +18         819     +3    3  13   84   +0  152   -1  152   -1   2  0  0 L3B 91
C42 FF 60303 132200  780 223 1298    +4754075    +15        -212    +74   13  13  212  -50  623  -38  623  -38  11  0  0 L3B 3F
C43 FF 60303 132200  780 689 3201     -536618    -12         668     +2    3  13   87   -1  260   -5  260   -5   2  0  0 L3B AC
C21 FF 60303 133800  780 259  682    +9661877    +39         724    +53   12  13  184   -2   99  -44   99  -44  13  0  0 L3B 20
C23 FF 60303 133800  780 415 2445    +7987904    -86        1078    -32    3  13  122  +10    9  +14    9   14   2  0  0 L3B DD
C25 FF 60303 133800  780 190 1930    -2862492   -176         552    -88   13  13  245  +77  202  +39  202   39   9  0  0 L3B 4A
C28 FF 60303 133800  780 216 2738    -1871935    -34         536    +13   18  13  219  -44  247   -5  247   -5  12  0  0 L3B 30
C34 FF 60303 133800  780 409  671    -3325663   -144         565    -61    6  13  123  +12  179  +27  179   27   5  0  0 L3B 21
C37 FF 60303 133800  780 243 3065    +9315640     -6         266     -1   15  13  196  -20  346  +22  346   22  11  0  0 L3B 09
C38 FF 60303 133800  780 515 1880    -1262367     +8         776    +28    3  13  103   -5  158  -18  158  -18   2  0  0 L3B 0C
C40 FF 60303 133800  780 758  706     +493493     +9         817     -6    2  13   83   +0  155   +3  155    3   2  0  0 L3B 86
C42 FF 60303 133800  780 276 1249    +4754047    -48        -183    +10   12  13  174  -32  628  +23  628   23   9  0  0 L3B 3A
C43 FF 60303 133800  780 708 3386     -536635     -1         665    +13    4  13   86   -1  260  -12  260  -12   2  0  0 L3B D1
C21 FF 60303 135400  780 257  612    +9661859   -114         720   -100   12  13  185   +5  100  +84  100   84   9  0  0 L3B 16
C23 FF 60303 135400  780 370 2375    +7987830    -84        1055    -31    8  13  134  +15   11   +4   11    4   7  0  0 L3B D5
C28 FF 60303 135400  780 260 2790    -1871962    +16         555    +64   17  13  184  -30  241  -32  241  -32   9  0  0 L3B 35
C34 FF 60303 135400  780 362  728    -3325771    -96         537    -14    8  13  136  +16  179  -14  179  -14   7  0  0 L3B 26
C37 FF 60303 135400  780 263 3003    +9315661    +16         292    +21    7  13  181  -10  344   -2  344   -2   6  0  0 L3B E7
C38 FF 60303 135400  780 550 1922    -1262354    +37         809    +57   46  13   99   -4  138  -45  138  -45  45  0  0 L3B 3A
C40 FF 60303 135400  780 759  835     +493502     +9         812     -7    4  13   83   +0  158   +5  158    5   3  0  0 L3B 88
C42 FF 60303 135400  780 328 1193    +4754030    -40        -144    +18   15  13  149  -21  618  +14  618   14  12  0  0 L3B 34
C43 FF 60303 135400  780 714 3588     -536653    -20         661     -6    2  13   85   +0  258   +1  258    1   2  0  0 L3B A6
C21 FF 60303 141000  780 244  545    +9661839    +36         730    +53   13  14  195  +14   95  -53   95  -53  11  0  0 L3B 12
C23 FF 60303 141000  780 319 2316    +7987746    -88        1013    -36    7  14  152  +23   16   +3   16    3   5  0  0 L3B DA
C28 FF 60303 141000  780 305 2843    -1871961     -7         543    +33   15  14  159  -22  219  -16  219  -16  10  0  0 L3B 2F
C34 FF 60303 141000  780 316  784    -3325876   -110         515    -27   10  14  154  +20  176   -8  176   -8   8  0  0 L3B 0F
C37 FF 60303 141000  780 274 2935    +9315675    +66         303    +70   13  14  175   -3  338  -41  338  -41  10  0  0 L3B 30
C38 FF 60303 141000  780 584 1971    -1262377    +29         816    +51   45  14   95   -3  148  -42  148  -42  43  0  0 L3B 31
C40 FF 60303 141000  780 756  970     +493518    +20         807     +4    3  14   83   +0  158   -3  158   -3   2  0  0 L3B 97
C42 FF 60303 141000  780 374 1127    +4753996    -48         -98    +13    6  14  133  -14  619  +17  619   17   4  0  0 L3B 1F
C43 FF 60303 141000  780 707  190     -536672    -18         661     -3    2  14   86   +1  259   -5  259   -5   1  0  0 L3B A3
C21 FF 60303 142600  780 221  485    +9661802    -51         709    -35    9  14  214  +26  102  +10  102   10   8  0  0 L3B E7
C23 FF 60303 142600  780 266 2267    +7987649    -93         967    -41    8  14  179  +35   30   +3   30    3   6  0  0 L3B E8
C28 FF 60303 142600  780 351 2897    -1871985    -34         557     +6   10  14  140  -17  221  +16  221   16   7  0  0 L3B 19
C34 FF 60303 142600  780 271  838    -3325999   -153         472    -70   10  14  177  +28  189  +43  189   43   9  0  0 L3B 48
C37 FF 60303 142600  780 273 2864    +9315662    -43         294    -39   16  14  175   +3  351  +41  351   41   8  0  0 L3B 1F
C38 FF 60303 142600  780 615 2028    -1262393    +11         821    +33    4  14   92   -3  153  -20  153  -20   3  0  0 L3B E2
C40 FF 60303 142600  780 748 1102     +493530    +17         803     +1    4  14   84   +0  161   -3  161   -3   3  0  0 L3B 93
C42 FF 60303 142600  780 413 1050    +4753967    -42         -68    +19    8  14  122   -9  613   +0  613    0   6  0  0 L3B D0
C43 FF 60303 142600  780 687  373     -536697    -29         651    -14    5  14   87   +1  260   +6  260    6   4  0  0 L3B B8
C21 FF 60303 144200  780 189  433    +9661778    -49         701    -33   19  14  247  +46   94   -2   94   -2  16  0  0 L3B 01
C23 FF 60303 144200  780 212 2223    +7987561    -88         929    -35   14  14  222  +55   35  +11   35   11  11  0  0 L3B 0B
C28 FF 60303 144200  780 399 2951    -1872000     -3         580    +37   10  14  126  -13  217   -9  217   -9   7  0  0 L3B FE
C34 FF 60303 144200  780 226  891    -3326101    -90         449     -7   17  14  209  +40  183  -11  183  -11  12  0  0 L3B 11
C37 FF 60303 144200  780 262 2792    +9315648    -40         285    -36   11  14  182  +10  367  +36  367   36   8  0  0 L3B 36
C38 FF 60303 144200  780 645 2094    -1262397    -15         837     +6    4  14   90   -2  143   -1  143   -1   3  0  0 L3B C0
C40 FF 60303 144200  780 734 1225     +493539    +14         797     -2    4  14   84   +1  165   +0  165    0   3  0  0 L3B 9B
C42 FF 60303 144200  780 442  962    +4753908    -43         -68    +19    5  14  116   -5  624  -11  624  -11   4  0  0 L3B F8
C43 FF 60303 144200  780 659  529     -536728    -46         635    -31    5  14   89   +2  261  +15  261   15   4  0  0 L3B D8
C21 FF 60303 145800  780 150  390    +9661722   -115         660    -99   18  14  308  +84  105  +52  105   52  16  0  0 L3B 39
C23 FF 60303 145800  780 159 2183    +7987468    -72         886    -19   17  14  292  +95   41   -9   41   -9  13  0  0 L3B 2B
C28 FF 60303 145800  780 448 3007    -1872010    -38         608     +2    5  14  115  -10  209  +15  209   15   4  0  0 L3B F4
C34 FF 60303 145800  780 182  943    -3326217   -112         413    -29   16  14  256  +61  187   -7  187   -7  12  0  0 L3B 2B
C37 FF 60303 145800  780 242 2724    +9315644    -14         285    -10   18  14  196  +19  366  +13  366   13  12  0  0 L3B 3F
C38 FF 60303 145800  780 671 2171    -1262412    -13         843     +9    5  14   88   -2  141   -3  141   -3   4  0  0 L3B BD
C40 FF 60303 145800  780 715 1334     +493559     +8         802     -8    4  14   85   +1  162   +7  162    7   3  0  0 L3B 99
C42 FF 60303 145800  780 458  865    +4753870    -71         -47     -9    5  14  113   -2  613  +10  613   10   4  0  0 L3B DA
C43 FF 60303 145800  780 623  660     -536752    -30         625    -15    4  14   91   +3  258   +0  258    0   3  0  0 L3B A1
C23 FF 60303 151400  780 107 2145    +7987378    -46         854     +8   21  15  425 +195   48  -32   48  -32  20  0  0 L3B 32
C28 FF 60303 151400  780 498 3064    -1872029    -33         632     +8    4  15  106   -8  210  +12  210   12   3  0  0 L3B DD
C37 FF 60303 151400  780 213 2659    +9315618    -16         260    -12   15  15  220  +32  384   -2  384   -2  10  0  0 L3B 11
C38 FF 60303 151400  780 694 2259    -1262414    +25         881    +49   38  15   86   -1  124  -47  124  -47  38  0  0 L3B 38
C40 FF 60303 151400  780 692 1427     +493588    +66         816    +50   49  15   86   +1  146  -57  146  -57  48  0  0 L3B 30
C42 FF 60303 151400  780 457  766    +4753814    -51         -63     +7    5  15  113   +2  610  -12  610  -12   5  0  0 L3B D5
C43 FF 60303 151400  780 583  771     -536794    -55         605    -39    5  15   95   +4  266  +14  266   14   5  0  0 L3B E4
C27 FF 60303 153000  780 110 2929    -2472458   -105         473    -45   36  15  418 -173  226  +63  226   63  27  0  0 L3B 67
C28 FF 60303 153000  780 550 3124    -1872044    -19         656    +22    3  15   99   -7  206   -3  206   -3   2  0  0 L3B D1
C33 FF 60303 153000  780 474 1533    +9418562    +29        -791    +27    6  15  110  -13 1243   +5 1243    5   5  0  0 L3B 18
C37 FF 60303 153000  780 179 2600    +9315580    -79         225    -75   13  15  260  +52  402  +43  402   43   8  0  0 L3B 21
C38 FF 60303 153000  780 713 2361    -1262427   -112         891    -89   40  15   85   -1  118  +91  118   91  39  0  0 L3B 30
C40 FF 60303 153000  780 665 1506     +493608    -51         821    -67   61  15   88   +2  134  +58  134   58  59  0  0 L3B 13
C42 FF 60303 153000  780 442  673    +4753749    -53         -73     +5    8  15  116   +5  605  -14  605  -14   6  0  0 L3B E8
C43 FF 60303 153000  780 539  866     -536827    -31         587    -15    5  15  100   +6  266   -4  266   -4   4  0  0 L3B D3
C27 FF 60303 154600  780 157 2968    -2472486    +13         503    +73   15  15  297  -91  226  -18  226  -18  13  0  0 L3B 5D
C28 FF 60303 154600  780 605 3189    -1872070    -20         670    +20    4  15   93   -5  208   -6  208   -6   4  0  0 L3B DA
C33 FF 60303 154600  780 541 1481    +9418589    +30        -766    +28    4  15  100   -9 1250   +3 1250    3   3  0  0 L3B 08
C37 FF 60303 154600  780 141 2545    +9315558    -12         207     -8   12  15  326  +91  398   -2  398   -2   9  0  0 L3B 10
C38 FF 60303 154600  780 727 2473    -1262468    -16         873     +8    4  15   85   -1  137   -5  137   -5   3  0  0 L3B DB
C40 FF 60303 154600  780 636 1574     +493596    -21         793    -37   39  15   90   +2  155  +32  155   32  38  0  0 L3B 16
C42 FF 60303 154600  780 413  594    +4753671    -85         -95    -26    5  15  122   +9  610   +6  610    6   4  0  0 L3B CE
C43 FF 60303 154600  780 493  949     -536864    -41         565    -25    5  15  107   +8  267   -3  267   -3   4  0  0 L3B E3
C27 FF 60303 160200  780 206 3004    -2472506     +7         483    +58   10  16  229  -55  219  -25  219  -25   8  0  0 L3B 20
C28 FF 60303 160200  780 660 3262    -1872095    -29         697    +13    3  16   89   -4  209   +3  209    3   3  0  0 L3B D7
C33 FF 60303 160200  780 603 1404    +9418618    +15        -759    +10    5  16   93   -6 1247   +3 1247    3   4  0  0 L3B F7
C38 FF 60303 160200  780 736 2594    -1262493    -17         875     +7    2  16   84   +0  138   -7  138   -7   1  0  0 L3B D7
C40 FF 60303 160200  780 604 1631     +493589    -14         781    -29   12  16   93   +3  167  +10  167   10  13  0  0 L3B F9
C41 FF 60303 160200  780 222 1913    +8753432    +97         -95    +77    7  16  214  -63  651  -17  651  -17   5  0  0 L3B 29
C42 FF 60303 160200  780 373  531    +4753594    -80        -100    -20    6  16  133  +14  608   -9  608   -9   5  0  0 L3B F3
C43 FF 60303 160200  780 444 1023     -536911    -43         535    -27    9  16  115  +11  276   +3  276    3   7  0  0 L3B D4
C27 FF 60303 161800  780 258 3037    -2472517    -37         521    +14   12  16  185  -37  208  +21  208   21   7  0  0 L3B 23
C28 FF 60303 161800  780 717 3355    -1872125    -40         707     +3    4  16   85   -3  211   +7  211    7   3  0  0 L3B B4
C33 FF 60303 161800  780 656 1285    +9418637    +17        -744    +13    4  16   89   -3 1244   -5 1244   -5   3  0  0 L3B 1A
C38 FF 60303 161800  780 740 2717    -1262510    -15         881     +9    2  16   84   +0  133   -6  133   -6   1  0  0 L3B BD
C40 FF 60303 161800  780 570 1680     +493602     +0         780    -15   47  16   96   +4  159   +4  159    4  46  0  0 L3B D5
C41 FF 60303 161800  780 290 1921    +8753515    +97         -32    +77    8  16  167  -38  635  -23  635  -23   5  0  0 L3B 35
C42 FF 60303 161800  780 326  483    +4753507    -94        -129    -34    7  16  149  +21  606   -1  606   -1   5  0  0 L3B FF
C43 FF 60303 161800  780 393 1088     -536959    -43         501    -27    7  16  127  +14  283   +3  283    3   5  0  0 L3B EC
C27 FF 60303 163400  780 312 3066    -2472531     +8         557    +60    7  16  156  -26  204  -27  204  -27   5  0  0 L3B 0D
C28 FF 60303 163400  780 773 3498    -1872156    -46         717     -4    2  16   83   -2  213   +9  213    9   2  0  0 L3B CC
C33 FF 60303 163400  780 689 1113    +9418646     +0        -740     -5    3  16   87   -1 1243   +2 1243    2   2  0  0 L3B CE
C38 FF 60303 163400  780 740 2837    -1262532    -20         883     +4    3  16   84   +0  131   -4  131   -4   2  0  0 L3B B5
C40 FF 60303 163400  780 535 1722     +493590    +16         754     +2    5  16  100   +5  175  -13  175  -13   3  0  0 L3B DA
C41 FF 60303 163400  780 359 1933    +8753580    +50          14    +31    7  16  138  -24  631  +12  631   12   5  0  0 L3B F9
C42 FF 60303 163400  780 275  450    +4753413    -89        -166    -29    8  16  174  +32  606  -15  606  -15   7  0  0 L3B 2C
C43 FF 60303 163400  780 341 1146     -537002    -60         474    -44   10  16  144  +20  279   +6  279    6   8  0  0 L3B EA
C27 FF 60303 165000  780 369 3091    -2472542    -13         595    +38   10  16  135  -19  196   -4  196   -4   7  0  0 L3B 21
C28 FF 60303 165000  780 820  187    -1872190    -33         724    +10    2  16   82   -1  210   -3  210   -3   2  0  0 L3B A9
C33 FF 60303 165000  780 694  907    +9418645     -9        -745    -14    4  16   86   +1 1243   +5 1243    5   3  0  0 L3B E6
C38 FF 60303 165000  780 736 2949    -1262563    -19         875     +6    2  16   84   +0  136   -5  136   -5   2  0  0 L3B D6
C40 FF 60303 165000  780 498 1759     +493595     -6         745    -21    7  16  106   +6  173   +6  173    6   5  0  0 L3B CF
C41 FF 60303 165000  780 431 1947    +8753636    +57          51    +37    5  16  118  -17  634   +0  634    0   5  0  0 L3B E1
C42 FF 60303 165000  780 220  430    +4753301   -132        -220    -72    8  16  214  +52  621  +22  621   22   6  0  0 L3B F7
C43 FF 60303 165000  780 288 1199     -537051    -89         441    -73   12  16  167  +29  285  +29  285   29  10  0  0 L3B 42
C27 FF 60303 170600  780 428 3110    -2472562    -29         635    +23    6  17  119  -14  198   +1  198    1   5  0  0 L3B F5
C28 FF 60303 170600  780 829  741    -1872230    -51         723     -9    3  17   82   +0  212   +8  212    8   2  0  0 L3B A2
C33 FF 60303 170600  780 669  727    +9418637     -4        -751     -7    4  17   88   +2 1241   -8 1241   -8   3  0  0 L3B EA
C38 FF 60303 170600  780 731 3051    -1262584    -39         874    -15    4  17   84   +0  131   +9  131    9   3  0  0 L3B CD
C40 FF 60303 170600  780 461 1790     +493593    -11         724    -26    4  17  112   +7  175   +4  175    4   3  0  0 L3B C8
C41 FF 60303 170600  780 504 1966    +8753695    +51          78    +29    4  17  105  -12  629   +5  629    5   3  0  0 L3B F5
C42 FF 60303 170600  780 165  419    +4753172   -112        -296    -52   28  17  281  +93  640  +16  640   16  21  0  0 L3B 48
C43 FF 60303 170600  780 234 1245     -537100    -75         406    -59   16  17  202  +45  286  +21  286   21  11  0  0 L3B 1A
C27 FF 60303 172200  780 490 3120    -2472582    -26         665    +26    5  17  107  -11  198   +6  198    6   4  0  0 L3B FA
C28 FF 60303 172200  780 787 1120    -1872276    -42         718     +0    2  17   82   +2  213   -6  213   -6   2  0  0 L3B BC
C33 FF 60303 172200  780 624  604    +9418628    -17        -763    -20    3  17   91   +4 1234   -5 1234   -5   2  0  0 L3B F3
C38 FF 60303 172200  780 724 3143    -1262610    -20         871     +4    3  17   85   +0  131  -10  131  -10   3  0  0 L3B C3
C40 FF 60303 172200  780 424 1818     +493625     -6         742    -21   67  17  120   +9  144   +9  144    9  66  0  0 L3B E6
C41 FF 60303 172200  780 578 1989    +8753745    +35         107    +13    5  17   96   -8  629  +11  629   11   4  0  0 L3B 0D
C42 FF 60303 172200  780 110  418    +4753107    -99        -304    -39   38  17  415 +203  618   -4  618   -4  30  0  0 L3B 2E
C27 FF 60303 173800  780 553 3117    -2472598    -38         699    +15    4  17   98   -8  193   +9  193    9   3  0  0 L3B FF
C28 FF 60303 173800  780 726 1287    -1872327    -64         707    -21    3  17   85   +3  214   +7  214    7   3  0  0 L3B D9
C33 FF 60303 173800  780 568  532    +9418605    -32        -790    -35    4  17   97   +7 1234   +5 1234    5   4  0  0 L3B FC
C38 FF 60303 173800  780 718 3227    -1262637    -30         867     -6    3  17   85   +0  133   +5  133    5   2  0  0 L3B BF
C41 FF 60303 173800  780 652 2017    +8753794    +51         136    +30    2  17   89   -6  624   -4  624   -4   2  0  0 L3B E3
C27 FF 60303 175400  780 617 3095    -2472626    -21         722    +32    3  17   92   -6  196   -5  196   -5   3  0  0 L3B E9
C28 FF 60303 175400  780 659 1379    -1872388    -70         687    -28    4  17   89   +5  219   +7  219    7   3  0  0 L3B 01
C30 FF 60303 175400  780 117 3134     +115644    -43         277    -59   31  17  395 -183  282  +76  282   76  23  0  0 L3B 4A
C32 FF 60303 175400  780 179 2204    +5463653   +127         388    +88   17  17  263  -86  334  -33  334  -33  15  0  0 L3B 6E
C33 FF 60303 175400  780 507  492    +9418582    -22        -816    -25    7  17  104   +9 1230   -3 1230   -3   5  0  0 L3B 07
C38 FF 60303 175400  780 711 3303    -1262664    -30         864     -6    2  17   85   +0  133   +3  133    3   1  0  0 L3B A8
C41 FF 60303 175400  780 726 2054    +8753834    +36         155    +15    2  17   85   -4  620   -3  620   -3   2  0  0 L3B D6
C27 FF 60303 181000  780 679 3038    -2472655    -46         752     +7    3  18   87   -4  197  +15  197   15   3  0  0 L3B FD
C28 FF 60303 181000  780 591 1441    -1872462    -80         665    -36    4  18   94   +7  229  +10  229   10   3  0  0 L3B F5
C30 FF 60303 181000  780 172 3142     +115716    +87         358    +73   20  18  272  -88  271  -20  271  -20  16  0  0 L3B 27
C32 FF 60303 181000  780 237 2240    +5463742    +56         445    +18   11  18  201  -48  327  +25  327   25   7  0  0 L3B 1E
C33 FF 60303 181000  780 446  475    +9418548    -46        -842    -48    6  18  115  +13 1235  +11 1235   11   4  0  0 L3B 34
C38 FF 60303 181000  780 706 3374    -1262683    -20         870     +4    3  18   86   +0  132   -2  132   -2   2  0  0 L3B B5
C41 FF 60303 181000  780 799 2114    +8753862    +19         160     -2    2  18   82   -2  621   +5  621    5   2  0  0 L3B B5
C27 FF 60303 182600  780 734 2912    -2472688    -35         770    +18    3  18   84   -2  196   -3  196   -3   2  0  0 L3B F3
C28 FF 60303 182600  780 521 1487    -1872526    -84         642    -41    4  18  102  +10  227   +7  227    7   2  0  0 L3B F2
C30 FF 60303 182600  780 229 3143     +115763    +85         390    +71   12  18  208  -50  277  -28  277  -28  10  0  0 L3B 37
C32 FF 60303 182600  780 296 2281    +5463819   +117         486    +79    7  18  164  -30  327  -32  327  -32   5  0  0 L3B 4B
C33 FF 60303 182600  780 384  473    +9418509    -43        -883    -46    8  18  130  +18 1239   +7 1239    7   6  0  0 L3B 2F
C38 FF 60303 182600  780 702 3441    -1262705    -32         871     -8    5  18   86   +0  130   +7  130    7   4  0  0 L3B B3
C41 FF 60303 182600  780 869 2339    +8753886    +23         164     +1    2  18   81   -1  618   -4  618   -4   2  0  0 L3B DC
C27 FF 60303 184200  780 768 2667    -2472737    -47         772     +7    3  18   83   -1  203   -1  203   -1   3  0  0 L3B D2
C28 FF 60303 184200  780 452 1523    -1872608    -97         602    -53    4  18  114  +14  235  +14  235   14   4  0  0 L3B 11
C30 FF 60303 184200  780 286 3135     +115824    +70         437    +55    8  18  169  -32  271  -22  271  -22   6  0  0 L3B 0D
C32 FF 60303 184200  780 354 2329    +5463891    +85         520    +46    9  18  140  -21  326  -18  326  -18   8  0  0 L3B 2F
C33 FF 60303 184200  780 324  481    +9418466    -49        -929    -52   11  18  150  +25 1242  +12 1242   12   7  0  0 L3B 43
C38 FF 60303 184200  780 699 3505    -1262729    -21         871     +3    4  18   86   +0  131   -5  131   -5   2  0  0 L3B C8
C41 FF 60303 184200  780 854  111    +8753903     +4         160    -18    4  18   81   +1  616   +8  616    8   3  0  0 L3B A7
C27 FF 60303 185800  780 762 2354    -2472790    -60         771     -7    3  18   83   +1  205   +4  205    4   2  0  0 L3B BF
C28 FF 60303 185800  780 383 1552    -1872690    -82         562    -38    9  18  130  +20  237   -4  237   -4   8  0  0 L3B 15
C30 FF 60303 185800  780 342 3116     +115882    +49         481    +34    8  18  144  -21  268   +2  268    2   6  0  0 L3B E2
C32 FF 60303 185800  780 411 2385    +5463970    +56         563    +17    6  18  123  -14  314   +5  314    5   4  0  0 L3B F2
C33 FF 60303 185800  780 267  497    +9418428    -48        -968    -50    9  18  179  +36 1241   +3 1241    3   6  0  0 L3B 36
C38 FF 60303 185800  780 698 3568    -1262758     -8         864    +16    4  18   86   +0  136  -11  136  -11   3  0  0 L3B 09
C41 FF 60303 185800  780 786  251    +8753908     +8         145    -14    3  18   82   +2  616   -6  616   -6   3  0  0 L3B CB
C27 FF 60303 191400  780 718 2135    -2472849    -67         763    -14    3  19   85   +3  208   +4  208    4   2  0  0 L3B DC
C28 FF 60303 191400  780 315 1575    -1872770    -69         515    -26    8  19  154  +30  239   -3  239   -3   5  0  0 L3B 13
C30 FF 60303 191400  780 396 3082     +115930    +36         503    +20    5  19  127  -15  271  +16  271   16   4  0  0 L3B F0
C32 FF 60303 191400  780 467 2449    +5464036    +89         564    +48    3  19  111  -10  306  -29  306  -29   3  0  0 L3B 2F
C33 FF 60303 191400  780 211  519    +9418378    -69       -1021    -72   11  19  223  +56 1256  +23 1256   23   8  0  0 L3B 5B
C38 FF 60303 191400  780 699   30    -1262777    -28         869     -4    4  19   86   +0  129   +5  129    5   2  0  0 L3B B2
C41 FF 60303 191400  780 719  312    +8753917     -7         135    -28    4  19   85   +3  612   +9  612    9   3  0  0 L3B B8
C27 FF 60303 193000  780 656 2019    -2472916    -83         747    -30    4  19   89   +5  212   +8  212    8   3  0  0 L3B DB
C28 FF 60303 193000  780 248 1593    -1872870    -80         457    -38   11  19  192  +49  251   -2  251   -2   8  0  0 L3B 23
C30 FF 60303 193000  780 445 3032     +115975    +67         532    +51    4  19  115  -10  269  -19  269  -19   3  0  0 L3B 10
C32 FF 60303 193000  780 520 2525    +5464101    +66         589    +24    4  19  103   -8  297   -9  297   -9   3  0  0 L3B FA
C33 FF 60303 193000  780 158  546    +9418338    +33       -1064    +30   12  19  293  +94 1256  -48 1256  -48   9  0  0 L3B 7B
C38 FF 60303 193000  780 702   93    -1262801     -4         868    +20    3  19   86   +0  129  -18  129  -18   2  0  0 L3B C9
C41 FF 60303 193000  780 655  360    +8753915    -10         112    -31    5  19   89   +5  610   +2  610    2   3  0  0 L3B AA
C27 FF 60303 194600  780 587 1958    -2472997    -96         718    -43    4  19   95   +7  217  +15  217   15   3  0  0 L3B 24
C28 FF 60303 194600  780 183 1607    -1872954   -142         413   -100   17  19  255  +87  252  +42  252   42  13  0  0 L3B 63
C30 FF 60303 194600  780 487 2961     +116012    +42         554    +26    4  19  108   -6  272   -8  272   -8   3  0  0 L3B DC
C32 FF 60303 194600  780 571 2615    +5464159    +61         608    +19    4  19   96   -5  292   -8  292   -8   3  0  0 L3B F7
C38 FF 60303 194600  780 706  159    -1262823    -25         869     -1    3  19   86   +0  128   +3  128    3   2  0  0 L3B B3
C39 FF 60303 194600  780 275 1702      +63496    -12         798    -14   46  19  175  -22   67  +55   67   55  46  0  0 L3B 19
C41 FF 60303 194600  780 593  406    +8753911     -8          88    -29    5  19   94   +6  607   -6  607   -6   4  0  0 L3B CA
C27 FF 60303 200200  780 515 1922    -2473078    -96         696    -42    5  20  103  +11  219   +9  219    9   4  0  0 L3B F2
C30 FF 60303 200200  780 517 2868     +116048    +40         566    +23    3  20  103   -3  270   -7  270   -7   2  0  0 L3B BB
C32 FF 60303 200200  780 616 2724    +5464210    +52         635    +13    3  20   92   -4  289   +0  289    0   3  0  0 L3B B5
C38 FF 60303 200200  780 712  227    -1262852    -26         862     -2    3  20   85   +0  134   +6  134    6   2  0  0 L3B 90
C41 FF 60303 200200  780 534  451    +8753898     -6          62    -27    4  20  101   +8  609   -7  609   -7   3  0  0 L3B BA
C20 FF 60303 201800  780 142 2538      +42871   +388         682    +37   12  20  326 -104  191   +8  191    8   8  0  0 L3B 00
C27 FF 60303 201800  780 443 1900    -2473168    -92         659    -38    4  20  115  +15  223   +3  223    3   3  0  0 L3B E4
C30 FF 60303 201800  780 532 2758     +116067    +14         568     -3    3  20  101   -1  277   +7  277    7   2  0  0 L3B AC
C32 FF 60303 201800  780 656 2856    +5464257    +49         644     +9    4  20   89   -3  287   -5  287   -5   3  0  0 L3B E7
C38 FF 60303 201800  780 719  301    -1262873    -28         864     -4    2  20   85   +0  134   +0  134    0   2  0  0 L3B 93
C41 FF 60303 201800  780 478  496    +8753891    -12          35    -32    5  20  109  +10  603   -3  603   -3   4  0  0 L3B D2
C20 FF 60303 203400  780 188 2589      +43235   +430         710    +78   14  20  250  -60  193  -43  193  -43  13  0  0 L3B 26
C25 FF 60303 203400  780 169  770    -2864777   -162         476    -74   13  20  276  -32  178  +64  178   64  11  0  0 L3B 56
C27 FF 60303 203400  780 372 1884    -2473268   -122         611    -67    7  20  133  +22  229  +18  229   18   4  0  0 L3B 29
C29 FF 60303 203400  780 173 3185    -2193438    -15         593    +36   18  20  271  -71  144   +0  144    0  14  0  0 L3B 0A
C30 FF 60303 203400  780 528 2642     +116090    +19         574     +2    5  20  101   +2  274   -3  274   -3   4  0  0 L3B A6
C32 FF 60303 203400  780 687 3017    +5464301    +44         650     +5    3  20   87   -2  285   -2  285   -2   2  0  0 L3B BA
C38 FF 60303 203400  780 727  382    -1262897    -19         863     +5    3  20   85   +0  134   -2  134   -2   2  0  0 L3B B1
C39 FF 60303 203400  780 386 1753      +63580    +55         886    +54   49  20  129  -11   65  -28   65  -28  48  0  0 L3B 1B
C41 FF 60303 203400  780 424  542    +8753873     -4          -2    -24    7  20  120  +12  606  -11  606  -11   5  0  0 L3B CA
C20 FF 60303 205000  780 233 2643      +43614   +439         751    +88   13  20  204  -38  176  -57  176  -57  10  0  0 L3B 2E
C25 FF 60303 205000  780 185  707    -2864825    -40         513    +48   18  20  253  -16  154  -41  154  -41  16  0  0 L3B 2E
C27 FF 60303 205000  780 303 1871    -2473364   -128         567    -73   11  20  160  +33  231  +21  231   21   8  0  0 L3B 1E
C29 FF 60303 205000  780 216 3146    -2193440    -45         641     +6   12  20  219  -40  133  +17  133   17   8  0  0 L3B FD
C30 FF 60303 205000  780 507 2532     +116096     +1         564    -16    3  20  104   +4  278   +5  278    5   2  0  0 L3B A0
C32 FF 60303 205000  780 706 3207    +5464336    +27         647    -12    3  20   86   -1  284   +1  284    1   2  0  0 L3B BB
C38 FF 60303 205000  780 735  471    -1262917    -11         866    +13    3  20   84   +0  132   -7  132   -7   2  0  0 L3B B5
C39 FF 60303 205000  780 423 1776      +63607    +58         913    +57   54  20  120   -9   63  -24   63  -24  52  0  0 L3B EC
C41 FF 60303 205000  780 373  589    +8753862    +12         -33     -8    5  20  133  +16  603  -22  603  -22   5  0  0 L3B EB
C20 FF 60303 210600  780 278 2699      +43971   +392         773    +41   12  21  173  -27  167  -23  167  -23   7  0  0 L3B 2C
C23 FF 60303 210600  780 222 1151    +7986288    -27         889    +27   18  21  213  -42   18  +12   18   12  15  0  0 L3B 13
C25 FF 60303 210600  780 192  642    -2864901    -61         530    +28   15  21  243   -4  147  -35  147  -35  13  0  0 L3B 18
C27 FF 60303 210600  780 236 1859    -2473462   -102         518    -48   13  21  201  +54  235   +0  235    0  11  0  0 L3B 0E
C29 FF 60303 210600  780 252 3097    -2193470    -15         653    +37   12  21  189  -24  138   -6  138   -6   9  0  0 L3B 1A
C30 FF 60303 210600  780 472 2436     +116089     -8         553    -23    4  21  110   +8  284   +6  284    6   3  0  0 L3B AD
C32 FF 60303 210600  780 711 3414    +5464375    +39         647     +0    4  21   85   +0  280   -4  280   -4   3  0  0 L3B B6
C38 FF 60303 210600  780 742  572    -1262932    -20         872     +4    3  21   84   +0  129   -1  129   -1   3  0  0 L3B A3
C39 FF 60303 210600  780 460 1803      +63628    +51         929    +49   44  21  112   -7   67  -24   67  -24  42  0  0 L3B F0
C41 FF 60303 210600  780 323  636    +8753841    -39         -80    -60    7  21  151  +21  615  +22  615   22   7  0  0 L3B F1
C20 FF 60303 212200  780 322 2757      +44341   +392         807    +41   11  21  151  -19  152  -21  152  -21   7  0  0 L3B FD
C23 FF 60303 212200  780 265 1094    +7986263    +10         915    +63   19  21  181  -27   11  -38   11  -38  11  0  0 L3B 18
C25 FF 60303 212200  780 190  578    -2865001    -67         516    +22   14  21  246   +9  158  -28  158  -28  14  0  0 L3B 26
C27 FF 60303 212200  780 172 1847    -2473575   -143         457    -89   17  21  271  +97  250  +29  250   29  13  0  0 L3B 5D
C29 FF 60303 212200  780 281 3039    -2193476    -21         696    +30   18  21  171  -14  122  +10  122   10  13  0  0 L3B 19
C30 FF 60303 212200  780 426 2358     +116079    -12         528    -28    7  21  119  +12  292   +7  292    7   6  0  0 L3B D8
C32 FF 60303 212200  780 703   15    +5464408    +34         643     -5    2  21   86   +1  277   -5  277   -5   1  0  0 L3B 96
C38 FF 60303 212200  780 748  684    -1262960    -12         867    +12    3  21   84   +0  135   -5  135   -5   2  0  0 L3B C1
C39 FF 60303 212200  780 497 1833      +63672    -11         972    -12   63  21  106   -6   46  +28   46   28  62  0  0 L3B E6
C41 FF 60303 212200  780 276  685    +8753820    -26        -121    -47    9  21  174  +28  621  +15  621   15   8  0  0 L3B 11
C20 FF 60303 213800  780 367 2818      +44704   +376         833    +25    9  21  135  -15  140  -11  140  -11   7  0  0 L3B FE
C23 FF 60303 213800  780 303 1030    +7986240    +23         942    +77   12  21  160  -17    8  -51    8  -51  10  0  0 L3B E8
C25 FF 60303 213800  780 178  517    -2865094    -24         508    +65   14  21  261  +23  154  -60  154  -60  13  0  0 L3B 31
C29 FF 60303 213800  780 300 2971    -2193525    -57         696     -5    9  21  161   -7  141   +8  141    8   7  0  0 L3B D8
C30 FF 60303 213800  780 373 2295     +116057    -15         492    -31    8  21  133  +17  300   +0  300    0   7  0  0 L3B BA
C32 FF 60303 213800  780 682  194    +5464437    +26         633    -14    2  21   87   +2  275   +4  275    4   2  0  0 L3B BB
C38 FF 60303 213800  780 751  808    -1262979    -26         871     -2    3  21   84   +0  131   +3  131    3   2  0  0 L3B A0
C39 FF 60303 213800  780 532 1867      +63666    +44         965    +43   34  21  101   -5   69  -32   69  -32  34  0  0 L3B FB
C41 FF 60303 213800  780 230  734    +8753819    -17        -142    -38   10  21  205  +39  614   -3  614   -3   7  0  0 L3B 05
C20 FF 60303 215400  780 412 2882      +45063   +368         855    +17    6  21  123  -11  138   +0  138    0   5  0  0 L3B C8
C23 FF 60303 215400  780 334  958    +7986212     +6         965    +59    7  21  147  -11    3  -39    3  -39   7  0  0 L3B CC
C25 FF 60303 215400  780 158  461    -2865190    -44         497    +45   23  21  293  +45  152  -50  152  -50  20  0  0 L3B 30
C29 FF 60303 215400  780 308 2898    -2193542    -42         729    +10   14  21  157   -1  126   +0  126    0  10  0  0 L3B F1
C30 FF 60303 215400  780 317 2243     +116039    -18         458    -33    7  21  153  +25  304   -2  304   -2   5  0  0 L3B CF
C32 FF 60303 215400  780 654  345    +5464460    +32         619     -8    4  21   89   +2  275   -7  275   -7   3  0  0 L3B C0
C37 FF 60303 215400  780 201 1536    +9315478    +92         208    +96   10  21  234  -67  378  -46  378  -46   9  0  0 L3B 4F
C38 FF 60303 215400  780 749  939    -1263005    -46         868    -22    2  21   84   +0  134  +18  134   18   2  0  0 L3B E2
C39 FF 60303 215400  780 567 1907      +63679    +22         976    +21   23  21   97   -4   76   -2   76   -2  24  0  0 L3B CA
C41 FF 60303 215400  780 186  783    +8753795    +18        -186     -3   10  21  251  +58  627  -24  627  -24   9  0  0 L3B 35
C20 FF 60303 221000  780 457 2949      +45418   +376         868    +26    3  22  113   -9  135  -10  135  -10   3  0  0 L3B F2
C23 FF 60303 221000  780 356  880    +7986170    -47         973     +6   11  22  139   -6    5   +3    5    3   9  0  0 L3B 8A
C25 FF 60303 221000  780 129  411    -2865299    -44         461    +44   22  22  354  +86  153  -54  153  -54  20  0  0 L3B 2F
C29 FF 60303 221000  780 304 2823    -2193606    -83         716    -32   12  22  159   +5  143  +31  143   31   9  0  0 L3B 03
C30 FF 60303 221000  780 260 2199     +116008    -27         421    -42    9  22  184  +39  316   +7  316    7   6  0  0 L3B CF
C32 FF 60303 221000  780 619  474    +5464485    +31         612     -7    4  22   92   +3  272   -8  272   -8   3  0  0 L3B B3
C37 FF 60303 221000  780 261 1503    +9315526    +53         261    +57   11  22  184  -41  373  -14  373  -14   9  0  0 L3B 25
C38 FF 60303 221000  780 743 1070    -1263028    -10         867    +14    3  22   84   +0  136   -8  136   -8   3  0  0 L3B C6
C39 FF 60303 221000  780 600 1953      +63684    +14         974    +12    5  22   93   -3   84   +0   84    0   4  0  0 L3B 78
C20 FF 60303 222600  780 503 3020      +45787   +385         901    +35    3  22  105   -7  123  -12  123  -12   2  0  0 L3B D7
C23 FF 60303 222600  780 366  799    +7986136    -54         989     -2    6  22  135   -1   -7   -2   -7   -2   5  0  0 L3B B2
C29 FF 60303 222600  780 289 2748    -2193661     +5         710    +56   18  22  166  +11  150  -41  150  -41  15  0  0 L3B 2E
C30 FF 60303 222600  780 202 2160     +115974    -76         373    -90   14  22  232  +63  328  +46  328   46  11  0  0 L3B 19
C32 FF 60303 222600  780 582  584    +5464500    +11         591    -27    5  22   95   +4  276   +9  276    9   3  0  0 L3B C5
C37 FF 60303 222600  780 322 1467    +9315571    +61         310    +65    7  22  152  -27  364  -21  364  -21   7  0  0 L3B 1A
C38 FF 60303 222600  780 731 1194    -1263053     +7         864    +30    7  22   84   +1  138  -25  138  -25   5  0  0 L3B E7
C39 FF 60303 222600  780 632 2007      +63709    +24         996    +22    5  22   91   -3   75   -5   75   -5   3  0  0 L3B 95
C20 FF 60303 224200  780 549 3096      +46145   +365         923    +15    4  22   99   -6  120   +1  120    1   3  0  0 L3B A5
C23 FF 60303 224200  780 364  717    +7986081    -64         985    -12    8  22  136   +3   -8  +11   -8   11   7  0  0 L3B C9
C29 FF 60303 224200  780 265 2678    -2193733    -75         688    -23   10  22  180  +19  167  +22  167   22   8  0  0 L3B 38
C30 FF 60303 224200  780 147 2124     +115953    -71         338    -86   15  22  315 +115  324  +48  324   48  14  0  0 L3B 2D
C32 FF 60303 224200  780 541  682    +5464516    +25         569    -13    4  22  100   +5  282   -4  282   -4   3  0  0 L3B CB
C37 FF 60303 224200  780 383 1424    +9315597     +9         339    +13    9  22  131  -18  371  +19  371   19   7  0  0 L3B 10
C38 FF 60303 224200  780 714 1306    -1263075    -39         866    -15    5  22   85   +1  137  +12  137   12   3  0  0 L3B E7
C39 FF 60303 224200  780 661 2069      +63718    +19        1003    +16    3  22   88   -2   76   -4   76   -4   2  0  0 L3B A2
C20 FF 60303 225800  780 596 3181      +46499   +370         942    +20    5  22   94   -5  118   -5  118   -5   4  0  0 L3B CF
C23 FF 60303 225800  780 350  641    +7986024    -55         978     -2    8  22  141   +7   -3   -7   -3   -7   7  0  0 L3B A4
C29 FF 60303 225800  780 233 2613    -2193787    -96         683    -45   15  22  203  +30  164  +40  164   40  10  0  0 L3B 37
C32 FF 60303 225800  780 499  769    +5464538     -3         554    -42    4  22  106   +7  282  +26  282   26   4  0  0 L3B F4
C37 FF 60303 225800  780 442 1370    +9315631    +38         377    +42    8  22  116  -12  369   -6  369   -6   6  0  0 L3B 0E
C38 FF 60303 225800  780 692 1404    -1263108    -26         855     -2    4  22   86   +1  145   +1  145    1   3  0  0 L3B AF
C39 FF 60303 225800  780 688 2143      +63732     +8        1015     +6    3  22   87   -2   74   +0   74    0   2  0  0 L3B 6B
C19 FF 60303 231400  780 196 2939    +9468391     +7         597    +60   15  23  240  -57  220  -34  220  -34  13  0  0 L3B 3F
C20 FF 60303 231400  780 642 3279      +46846   +372         944    +21    3  23   90   -4  123   +2  123    2   3  0  0 L3B A5
C23 FF 60303 231400  780 324  573    +7985947    -79         953    -26   14  23  150  +13   11  +16   11   16  12  0  0 L3B 00
C29 FF 60303 231400  780 195 2554    -2193866   -106         649    -55   13  23  240  +48  179  +33  179   33   8  0  0 L3B 54
C32 FF 60303 231400  780 455  848    +5464543    +26         515    -13    5  23  113   +9  305   +7  305    7   4  0  0 L3B C5
C37 FF 60303 231400  780 496 1300    +9315656    +13         424    +19    6  23  106   -8  371   +8  371    8   5  0  0 L3B DF
C38 FF 60303 231400  780 666 1487    -1263135    -32         850     -9    5  23   88   +2  153   +8  153    8   3  0  0 L3B C4
C39 FF 60303 231400  780 712 2229      +63736     -1         991     -6    3  23   85   -1   79  +11   79   11   2  0  0 L3B 86
C46 FF 60303 231400  780 156 1838    +1104804   +154        1108   +124   14  23  301 -121  -67  -42  -67  -42   7  0  0 L3B 5D
C19 FF 60303 233000  780 244 2981    +9468376    -71         633    -18    8  23  195  -38  211  +25  211   25   7  0  0 L3B 24
C20 FF 60303 233000  780 687 3400      +47195   +355         957     +4    3  23   87   -3  130  +13  130   13   2  0  0 L3B B6
C23 FF 60303 233000  780 289  517    +7985874    -61         931     -9   14  23  167  +21   27  +12   27   12  11  0  0 L3B F5
C29 FF 60303 233000  780 153 2499    -2193953    -92         612    -41   13  23  301  +83  203  +33  203   33  12  0  0 L3B 26
C32 FF 60303 233000  780 410  920    +5464554     +6         489    -34    5  23  123  +12  325  +33  325   33   4  0  0 L3B DB
C37 FF 60303 233000  780 543 1210    +9315679    -22         452    -16    3  23  100   -5  372  +36  372   36   3  0  0 L3B F3
C38 FF 60303 233000  780 637 1558    -1263166    -35         842    -11    4  23   90   +2  165  +15  165   15   3  0  0 L3B EA
C39 FF 60303 233000  780 732 2330      +63746    +13         997     +8    3  23   84   -1   84   +6   84    6   2  0  0 L3B 76
C46 FF 60303 233000  780 220 1833    +1104886    +92        1162    +62   15  23  216  -63  -69   -6  -69   -6  10  0  0 L3B 23
C19 FF 60303 234600  780 294 3022    +9468359     +6         667    +60    9  23  164  -27  225   -1  225   -1   7  0  0 L3B FA
C20 FF 60303 234600  780 728 3562      +47539   +355         964     +4    5  23   85   -2  141  +13  141   13   4  0  0 L3B C7
C23 FF 60303 234600  780 246  472    +7985794    -64         902    -11   14  23  193  +34   49  +12   49   12  12  0  0 L3B 0C
C32 FF 60303 234600  780 363  986    +5464567     +1         464    -38    8  23  136  +16  352  +37  352   37   6  0  0 L3B 06
C35 FF 60303 234600  780 103 2998    -4722627    +40         450    -42   32  23  436  +44  248  +47  248   47  29  0  0 L3B 4A
C37 FF 60303 234600  780 577 1095    +9315683     -5         462     +1    4  23   96   -3  384  +14  384   14   2  0  0 L3B DB
C38 FF 60303 234600  780 605 1619    -1263193    -51         838    -27    7  23   93   +3  176  +30  176   30   5  0  0 L3B FB
C39 FF 60303 234600  780 748 2445      +63750     +1         996     -4    2  23   84   -1   91  +14   91   14   1  0  0 L3B 88
C46 FF 60303 234600  780 286 1829    +1104963    +76        1209    +46   10  23  169  -38  -73  -14  -73  -14   8  0  0 L3B 4C
