CGGTTS     GENERIC DATA FORMAT VERSION = 2E
REV DATE = 2023-12-15                    
RCVR = TRIMBLE NETR9 5049K72188      R2CGGTTS v8.6    
CH = 12 
IMS = TRIMBLE NETR9 5049K72188      
LAB = CEPNT                         
X = -2154293.56 m 
Y = +4373452.74 m 
Z = +4098891.74 m 
FRAME = ITRF
COMMENTS =           no comments                   
TOT DLY =    0.0 ns (GAL E1),    0.0 ns (GAL E5a)
REF = ITRF10                        
CKSUM = 91

SAT CL  MJD  STTIME TRKL ELV AZTH   REFSV      SRSV     REFSYS    SRSYS  DSG IOE MDTR SMDT MDIO SMDI MSIO SMSI ISG FR HC FRC CK
             hhmmss  s  .1dg .1dg    .1ns     .1ps/s     .1ns    .1ps/s .1ns     .1ns.1ps/s.1ns.1ps/s.1ns.1ps/s.1ns
E04 FF 60303 000600  780 712 3506    +2878383    +79         396     -9    4  16   85   +0  264  +21  264   21   3  0  0 L3E E6
E09 FF 60303 000600  780 322 2814    +2749912   +174         213    +37    8  16  152  -17  305  +10  305   10   6  0  0 L3E 13
E10 FF 60303 000600  780 299 2124    +5889296    -32         202    -62    6  14  161  +30  360  +58  360   58   5  0  0 L3E 16
E11 FF 60303 000600  780 405 2448   -32750100   -115         286    -29    4  16  124  +12  311  +27  311   27   3  0  0 L3E 18
E21 FF 60303 000600  780 258  617    +5705059     -4         103    -24    7  16  185   +2  368  +56  368   56   6  0  0 L3E EA
E36 FF 60303 000600  780 283 3051    +1623597   +121         191    +68   14  10  170   -9  291  -19  291  -19  11  0  0 L3E 40
E04 FF 60303 002200  780 711   82    +2878464    +85         394     -3    3  18   85   +0  279  +16  279   16   2  0  0 L3E C8
E09 FF 60303 002200  780 360 2868    +2750068   +169         239    +33    7  18  137  -13  317   +4  317    4   7  0  0 L3E 0B
E10 FF 60303 002200  780 239 2098    +5889278    -60         156    -89   12  14  198  +47  403  +82  403   82   9  0  0 L3E 43
E11 FF 60303 002200  780 357 2391   -32750216   -122         253    -36    4  17  138  +17  344  +37  344   37   3  0  0 L3E 30
E19 FF 60303 002200  780 244  790    +9483263   -827          98    -69   27  18  194  +29  403 +103  403  103  27  0  0 L3E 61
E21 FF 60303 002200  780 249  558    +5705061     +4          86    -15   15  18  191   +9  410  +25  410   25  16  0  0 L3E E3
E36 FF 60303 002200  780 293 2988    +1623654    +65         197    +13   10  18  164   -3  319  +17  319   17   8  0  0 L3E 24
E04 FF 60303 003800  780 701  252    +2878542    +86         388     -2    3  19   86   +1  294  +18  294   18   2  0  0 L3E DE
E09 FF 60303 003800  780 399 2922    +2750226   +160         269    +24    6  19  126  -11  322   +9  322    9   6  0  0 L3E 08
E10 FF 60303 003800  780 182 2074    +5889267    -49         117    -78   15  14  256  +78  440  +59  440   59  14  0  0 L3E 59
E11 FF 60303 003800  780 306 2342   -32750323   -130         228    -45    6  17  158  +25  371  +40  371   40   5  0  0 L3E 26
E21 FF 60303 003800  780 232  503    +5705087    -26          95    -45   15  19  204  +18  428  +92  428   92  18  0  0 L3E 21
E31 FF 60303 003800  780 199 1645     +123762    +55          91    +47   17  19  237  -68  441  -39  441  -39  15  0  0 L3E 3A
E36 FF 60303 003800  780 294 2922    +1623695    +58         188     +6   15  19  164   +2  352  +13  352   13  11  0  0 L3E 18
E04 FF 60303 005400  780 683  406    +2878616    +61         379    -26    4  21   87   +1  312  +26  312   26   3  0  0 L3E DF
E09 FF 60303 005400  780 440 2976    +2750382   +162         292    +26    3  21  116   -9  332   +6  332    6   3  0  0 L3E EA
E10 FF 60303 005400  780 126 2051    +5889238    -33          61    -62   20  21  362 +152  508  +91  508   91  20  0  0 L3E 2E
E11 FF 60303 005400  780 253 2301   -32750446   -159         189    -73   10  21  188  +38  408  +80  408   80   9  0  0 L3E 53
E21 FF 60303 005400  780 207  454    +5705068    -54          61    -73   10  21  226  +30  483  +98  483   98  10  0  0 L3E 18
E31 FF 60303 005400  780 258 1629     +123824    +81         145    +73    9  21  186  -42  422  -38  422  -38   7  0  0 L3E 15
E36 FF 60303 005400  780 285 2855    +1623761    +15         203    -37   11  20  169   +8  367  +43  367   43   9  0  0 L3E 20
E04 FF 60303 011000  780 660  544    +2878686    +68         364    -20    5  23   88   +2  328  +18  328   18   4  0  0 L3E EE
E09 FF 60303 011000  780 481 3031    +2750536   +162         315    +26    2  23  109   -7  338   -5  338   -5   2  0  0 L3E ED
E21 FF 60303 011000  780 176  413    +5705074    -12          49    -31   17  23  265  +51  519  +22  519   22  17  0  0 L3E 04
E31 FF 60303 011000  780 318 1613     +123882    +65         195    +57    6  23  153  -28  410  -25  410  -25   5  0  0 L3E FE
E36 FF 60303 011000  780 266 2790    +1623789    +36         179    -16   11  23  179  +15  405  +31  405   31   7  0  0 L3E 28
E04 FF 60303 012600  780 632  665    +2878761    +75         355    -13    4  24   91   +3  342  +12  342   12   3  0  0 L3E D8
E09 FF 60303 012600  780 524 3087    +2750689   +171         337    +34    3  24  102   -6  345   -4  345   -4   3  0  0 L3E FE
E21 FF 60303 012600  780 139  380    +5705061    +41          19    +23   22  24  331  +91  552   +4  552    4  20  0  0 L3E D4
E31 FF 60303 012600  780 381 1594     +123934    +60         239    +52    7  24  131  -19  404   -7  404   -7   6  0  0 L3E E5
E34 FF 60303 012600  780 101 3228     +852123    +26           1     +6   40  23  446  -61  470  +44  470   44  37  0  0 L3E DC
E36 FF 60303 012600  780 240 2729    +1623842    +33         180    -20   15  24  198  +24  420  +54  420   54  13  0  0 L3E 26
E04 FF 60303 014200  780 599  772    +2878833    +65         342    -23    4  26   93   +3  355  +37  355   37   4  0  0 L3E F8
E09 FF 60303 014200  780 569 3145    +2750841   +147         357    +10    2  26   97   -5  349  +13  349   13   2  0  0 L3E 0A
E31 FF 60303 014200  780 444 1571     +123971    +55         270    +47    4  26  116  -14  407   -5  407   -5   3  0  0 L3E DE
E34 FF 60303 014200  780 111 3177     +852187    +27          45     +6   17  23  407  -22  472  +36  472   36  15  0  0 L3E 01
E36 FF 60303 014200  780 207 2673    +1623853    +43         139    -10   11  26  227  +38  477  +31  477   31   8  0  0 L3E 29
E04 FF 60303 015800  780 563  867    +2878895    +66         318    -22    3  27   97   +4  384  +29  384   29   2  0  0 L3E 0F
E05 FF 60303 015800  780 116 2955   -47037569    -52          46    -15   34  27  395 -136  505  +86  505   86  32  0  0 L3E 6F
E09 FF 60303 015800  780 616 3206    +2750985   +153         371    +16    4  27   92   -4  362  +12  362   12   4  0  0 L3E 03
E31 FF 60303 015800  780 508 1540     +124022    +38         314    +30    4  27  104  -10  392   -1  392   -1   3  0  0 L3E C6
E34 FF 60303 015800  780 114 3124     +852203    +33          41    +12   12  23  399   +6  511  +25  511   25  11  0  0 L3E DF
E36 FF 60303 015800  780 169 2622    +1623864    +37         100    -16   13  27  274  +63  530  +33  530   33  10  0  0 L3E 2C
E04 FF 60303 021400  780 525  951    +2878955    +66         293    -22    4  29  102   +6  418  +16  418   16   3  0  0 L3E FC
E05 FF 60303 021400  780 158 2990   -47037556     -9          94    +27   16  29  295  -79  519  +30  519   30  12  0  0 L3E 48
E09 FF 60303 021400  780 664 3273    +2751129   +135         384     -1    3  29   88   -3  369  +21  369   21   3  0  0 L3E FC
E24 FF 60303 021400  780 176 1931    +5045162   +271          96    +61   21  29  266  -87  622  -32  622  -32  18  0  0 L3E 4A
E31 FF 60303 021400  780 569 1495     +124056    +42         343    +34    5  29   97   -7  403  -15  403  -15   4  0  0 L3E E8
E34 FF 60303 021400  780 108 3069     +852220    +31          37    +10   29  29  419  +37  544  +35  544   35  27  0  0 L3E 13
E36 FF 60303 021400  780 128 2575    +1623884    -22          69    -75   19  28  356 +114  582 +101  582  101  17  0  0 L3E 6A
E04 FF 60303 023000  780 483 1026    +2879031    +73         285    -16    3  31  108   +7  423  +11  423   11   3  0  0 L3E E8
E05 FF 60303 023000  780 201 3022   -47037582    +26         102    +63   12  31  234  -51  549   -3  549   -3  11  0  0 L3E 18
E09 FF 60303 023000  780 713 3354    +2751272   +146         396    +10    3  31   85   -3  375   +6  375    6   2  0  0 L3E DC
E24 FF 60303 023000  780 235 1941    +5045418   +254         152    +44   12  31  202  -50  565  -41  565  -41  11  0  0 L3E 3E
E31 FF 60303 023000  780 627 1427     +124087    +43         368    +35    3  31   91   -5  395  -15  395  -15   2  0  0 L3E EA
E04 FF 60303 024600  780 440 1094    +2879077    +51         247    -37    3  32  116  +10  458  +22  458   22   3  0  0 L3E 12
E05 FF 60303 024600  780 247 3051   -47037574    +18         145    +55   14  32  193  -35  537  -38  537  -38  11  0  0 L3E 68
E09 FF 60303 024600  780 763 3464    +2751413   +142         406     +5    2  32   83   -2  377   -1  377   -1   1  0  0 L3E D4
E24 FF 60303 024600  780 296 1955    +5045656   +258         189    +48    9  32  164  -32  537  -46  537  -46   8  0  0 L3E 63
E31 FF 60303 024600  780 678 1321     +124111    +25         386    +17    2  32   87   -3  388  -10  388  -10   1  0  0 L3E E0
E04 FF 60303 030200  780 395 1155    +2879141    +55         225    -34    5  34  127  +13  474  +35  474   35   4  0  0 L3E 15
E05 FF 60303 030200  780 294 3076   -47037575    +59         179    +96    7  34  164  -26  506  -86  506  -86   5  0  0 L3E 5F
E09 FF 60303 030200  780 810   57    +2751545   +146         409    +10    2  33   82   -1  381   -7  381   -7   2  0  0 L3E BC
E24 FF 60303 030200  780 358 1973    +5045897   +253         229    +44    5  34  138  -22  514   -9  514   -9   4  0  0 L3E 22
E31 FF 60303 030200  780 713 1160     +124123     +7         391     -1    3  34   85   -1  386   -3  386   -3   2  0  0 L3E 8A
E04 FF 60303 031800  780 348 1209    +2879187    +48         186    -40   12  35  141  +17  509  +29  509   29  10  0  0 L3E 49
E05 FF 60303 031800  780 343 3095   -47037579     +1         209    +38    4  35  143  -19  479  -41  479  -41   4  0  0 L3E 3B
E09 FF 60303 031800  780 840  488    +2751678   +144         410     +7    2  33   81   +0  378   +0  378    0   2  0  0 L3E BC
E24 FF 60303 031800  780 420 1995    +5046144   +241         276    +32    6  35  121  -15  485  -33  485  -33   4  0  0 L3E 35
E31 FF 60303 031800  780 724  955     +124131     +7         391     -1    4  35   85   +0  379  -15  379  -15   2  0  0 L3E B6
E04 FF 60303 033400  780 300 1258    +2879231    +15         145    -73   10  37  161  +24  545  +78  545   78   8  0  0 L3E 2F
E05 FF 60303 033400  780 395 3109   -47037572    +13         252    +49    7  37  127  -15  439  -46  439  -46   7  0  0 L3E 50
E09 FF 60303 033400  780 822 1016    +2751811   +124         412    -12    3  33   82   +1  373   +4  373    4   3  0  0 L3E C3
E24 FF 60303 033400  780 484 2022    +5046382   +235         313    +25    3  37  108  -11  453  -20  453  -20   3  0  0 L3E 19
E31 FF 60303 033400  780 707  763     +124131    -10         383    -18    4  37   86   +2  373   -2  373   -2   3  0  0 L3E A9
E04 FF 60303 035000  780 251 1302    +2879295     +8         124    -80   11  39  190  +36  585 +112  585  112  10  0  0 L3E 42
E05 FF 60303 035000  780 447 3114   -47037581    -38         280     -2    7  39  115  -11  421   -1  421   -1   6  0  0 L3E EF
E09 FF 60303 035000  780 774 1264    +2751932   +122         405    -14    3  39   83   +2  375   +5  375    5   2  0  0 L3E DF
E24 FF 60303 035000  780 548 2056    +5046617   +238         348    +28    4  39   99   -8  421  -26  421  -26   4  0  0 L3E 23
E31 FF 60303 035000  780 670  627     +124124     +3         370     -5    2  39   88   +3  368  -15  368  -15   2  0  0 L3E B1
E04 FF 60303 040600  780 201 1341    +2879330    +41          73    -47   11  40  233  +57  677  +90  677   90  11  0  0 L3E 23
E05 FF 60303 040600  780 501 3108   -47037582    -23         315    +14    3  40  105   -9  398   +2  398    2   4  0  0 L3E EB
E09 FF 60303 040600  780 716 1384    +2752049   +130         390     -7    3  40   85   +3  382   +2  382    2   3  0  0 L3E C6
E24 FF 60303 040600  780 611 2099    +5046844   +232         374    +22    3  39   92   -6  401  -16  401  -16   3  0  0 L3E 07
E31 FF 60303 040600  780 622  546     +124114     -6         355    -14    4  40   91   +4  365   +2  365    2   2  0  0 L3E 7F
E05 FF 60303 042200  780 555 3087   -47037594    -30         339     +7    3  42   98   -7  386   +9  386    9   2  0  0 L3E F2
E09 FF 60303 042200  780 655 1458    +2752163   +114         372    -23    3  41   89   +5  392  +17  392   17   3  0  0 L3E 0A
E24 FF 60303 042200  780 674 2155    +5047064   +216         392     +6    3  39   88   -4  389   -2  389   -2   3  0  0 L3E ED
E31 FF 60303 042200  780 569  502     +124092    -32         326    -40    3  42   96   +6  376  +16  376   16   2  0  0 L3E C6
E05 FF 60303 043800  780 607 3043   -47037609    -17         360    +19    2  43   93   -5  385   -5  385   -5   2  0  0 L3E FC
E09 FF 60303 043800  780 592 1510    +2752268    +96         346    -41    4  41   94   +6  403  +24  403   24   4  0  0 L3E F3
E24 FF 60303 043800  780 735 2237    +5047277   +214         404     +4    4  39   84   -3  378   -2  378   -2   3  0  0 L3E E7
E25 FF 60303 043800  780 194 2269      +14915    +43         130    +48   10  43  243  -61  661  -75  661  -75   8  0  0 L3E 1C
E31 FF 60303 043800  780 515  482     +124070     -7         296    -15    5  43  103   +8  380   -6  380   -6   5  0  0 L3E B1
E03 FF 60303 045400  780 154 3162     +824333   +155          74   +129   20  45  303  -96  582 -111  582 -111  17  0  0 L3E 63
E05 FF 60303 045400  780 653 2964   -47037624    -21         380    +15    3  45   89   -3  375   +3  375    3   3  0  0 L3E EE
E09 FF 60303 045400  780 529 1550    +2752378   +108         320    -28    4  45  101   +9  411  +11  411   11   3  0  0 L3E FF
E24 FF 60303 045400  780 791 2380    +5047493   +230         422    +21    4  45   82   -2  368  -28  368  -28   3  0  0 L3E 1B
E25 FF 60303 045400  780 243 2308      +14948    +32         169    +37   10  45  196  -38  577  -68  577  -68   8  0  0 L3E 3A
E31 FF 60303 045400  780 460  478     +124045    -30         265    -38    6  45  112  +10  391   +2  391    2   5  0  0 L3E BB
E03 FF 60303 051000  780 203 3161     +824397    +75         113    +49   16  47  233  -55  554  -44  554  -44  10  0  0 L3E 31
E05 FF 60303 051000  780 689 2839   -47037650    -31         390     +5    3  47   87   -2  380  -12  380  -12   4  0  0 L3E 08
E09 FF 60303 051000  780 465 1583    +2752474   +102         285    -35    3  47  111  +12  426  +25  426   25   3  0  0 L3E 1E
E24 FF 60303 051000  780 835 2704    +5047695   +205         421     -5    2  46   81   -1  365   +2  365    2   3  0  0 L3E C4
E25 FF 60303 051000  780 291 2353      +14981    +32         208    +37    6  47  166  -26  529  -35  529  -35   5  0  0 L3E 09
E31 FF 60303 051000  780 407  485     +124011    -41         225    -49    5  47  124  +14  410  +37  410   37   5  0  0 L3E D4
E03 FF 60303 052600  780 251 3151     +824469    +56         160    +30   12  48  190  -35  502  -45  502  -45  10  0  0 L3E 22
E05 FF 60303 052600  780 707 2664   -47037676    -30         399     +6    3  48   86   +0  372   -5  372   -5   3  0  0 L3E F4
E09 FF 60303 052600  780 402 1609    +2752566   +100         245    -37    7  48  125  +17  458  +34  458   34   6  0  0 L3E 35
E24 FF 60303 052600  780 837 3289    +5047893   +210         418     +0    3  46   81   +0  355  -10  355  -10   3  0  0 L3E FA
E25 FF 60303 052600  780 339 2403      +15002    +50         234    +55    7  48  145  -18  504  -52  504  -52   4  0  0 L3E EE
E31 FF 60303 052600  780 356  500     +123978    -47         186    -55    7  48  138  +18  426  +38  426   38   5  0  0 L3E 0C
E03 FF 60303 054200  780 299 3132     +824527    +87         192    +61   11  50  162  -24  464  -56  464  -56   8  0  0 L3E 31
E05 FF 60303 054200  780 699 2476   -47037713    -45         398     -8    2  50   86   +1  372   -5  372   -5   2  0  0 L3E F6
E09 FF 60303 054200  780 340 1630    +2752654    +89         201    -48    8  50  144  +24  504  +72  504   72   7  0  0 L3E 14
E24 FF 60303 054200  780 797   27    +5048080   +190         404    -20    3  46   82   +1  355   +3  355    3   3  0  0 L3E B2
E25 FF 60303 054200  780 385 2458      +15041    +20         278    +25    8  49  130  -13  463   -9  463   -9   7  0  0 L3E E2
E31 FF 60303 054200  780 306  521     +123959     -7         159    -14    7  50  158  +23  431   -6  431   -6   5  0  0 L3E C2
E03 FF 60303 055800  780 344 3103     +824577    +71         217    +45    8  51  143  -16  449  -34  449  -34   6  0  0 L3E 1E
E05 FF 60303 055800  780 668 2319   -47037759    -53         387    -16    3  51   88   +3  378  +18  378   18   2  0  0 L3E 36
E09 FF 60303 055800  780 279 1647    +2752738    +93         154    -44    7  51  172  +35  577  +73  577   73   6  0  0 L3E 47
E24 FF 60303 055800  780 748  181    +5048270   +193         392    -17    3  46   84   +2  355   -2  355   -2   3  0  0 L3E E6
E25 FF 60303 055800  780 429 2520      +15053    +22         294    +27    3  49  119  -10  444  -30  444  -30   3  0  0 L3E F0
E31 FF 60303 055800  780 259  547     +123906    -49          99    -56    5  51  184  +32  473  +35  473   35   4  0  0 L3E FD
E03 FF 60303 061400  780 385 3060     +824640    +78         253    +52    6  53  130  -11  418  -29  418  -29   5  0  0 L3E 10
E05 FF 60303 061400  780 621 2210   -47037805    -59         377    -22    2  53   91   +5  382  +12  382   12   2  0  0 L3E FB
E09 FF 60303 061400  780 219 1660    +2752824    +82         109    -55   12  52  215  +57  657 +106  657  106  12  0  0 L3E 65
E24 FF 60303 061400  780 697  277    +5048455   +188         378    -22    3  53   86   +3  355   +7  355    7   3  0  0 L3E ED
E25 FF 60303 061400  780 472 2587      +15073    +18         320    +24    5  49  110   -8  425  -18  425  -18   4  0  0 L3E E9
E31 FF 60303 061400  780 213  577     +123894    -40          81    -48   11  53  220  +45  477  +38  477   38  10  0  0 L3E 09
E03 FF 60303 063000  780 419 3004     +824694    +69         282    +43    9  55  121   -7  407  -39  407  -39   6  0  0 L3E 0E
E05 FF 60303 063000  780 565 2138   -47037866    -45         351     -8    3  53   97   +7  398   -6  398   -6   3  0  0 L3E 04
E09 FF 60303 063000  780 160 1669    +2752899    +96          53    -41   15  52  289 +102  797 +178  797  178  11  0  0 L3E 91
E24 FF 60303 063000  780 648  351    +5048634   +171         356    -38    2  55   89   +4  351  +20  351   20   2  0  0 L3E EC
E25 FF 60303 063000  780 513 2662      +15094    +28         347    +33    5  55  104   -6  397  -29  397  -29   6  0  0 L3E FE
E31 FF 60303 063000  780 170  610     +123871    -13          52    -20   21  55  273  +67  477  -10  477  -10  20  0  0 L3E F7
E03 FF 60303 064600  780 445 2935     +824726    +30         289     +4    7  56  115   -4  402   +4  402    4   6  0  0 L3E BA
E05 FF 60303 064600  780 505 2088   -47037928    -75         324    -39    3  53  105  +10  410  +18  410   18   3  0  0 L3E 28
E24 FF 60303 064600  780 600  415    +5048814   +184         336    -26    5  56   93   +5  353   +0  353    0   6  0  0 L3E CB
E25 FF 60303 064600  780 551 2745      +15103    +16         361    +21    6  56   99   -5  386  -27  386  -27   5  0  0 L3E EB
E03 FF 60303 070200  780 460 2855     +824762    +15         300    -11    4  58  112   -2  396  +14  396   14   4  0  0 L3E E6
E05 FF 60303 070200  780 443 2054   -47037997    -68         284    -31    4  58  116  +13  434  +20  434   20   4  0  0 L3E 2A
E12 FF 60303 070200  780 216  916    +8336643   +194          70    +30   20  58  218  -34  480  -56  480  -56  20  0  0 L3E 37
E24 FF 60303 070200  780 554  474    +5048985   +174         306    -36    4  58   98   +6  356   +5  356    5   4  0  0 L3E EC
E25 FF 60303 070200  780 586 2837      +15106     +3         370     +9    4  58   95   -4  373  -12  373  -12   4  0  0 L3E B9
E02 FF 60303 073000  780 183 2679     -894718    +37         104    +68   14  58  255  -51  568  -86  568  -86   9  0  0 L3E 5B
E03 FF 60303 073000  780 455 2703     +824817    +22         310     -5    5  61  113   +3  377   +1  377    1   4  0  0 L3E A7
E05 FF 60303 073000  780 335 2011   -47038132    -63         209    -27   11  61  146  +24  471   +6  471    6   9  0  0 L3E 0B
E08 FF 60303 073000  780 165 3195    +1975404    +59          98     +1    9  55  283  -60  516  -35  516  -35   5  0  0 L3E 19
E10 FF 60303 073000  780 268 1087    +5889996    +77         122    +48   13  61  179  -28  439  -83  439  -83  11  0  0 L3E 76
E12 FF 60303 073000  780 267  812    +8336964   +198         115    +34    7  61  179  -15  407  -42  407  -42   7  0  0 L3E 34
E24 FF 60303 073000  780 477  572    +5049292   +178         261    -31    4  61  109   +8  349   -3  349   -3   3  0  0 L3E FA
E25 FF 60303 073000  780 641 3026      +15114     +4         389    +10    3  61   90   -2  343  -22  343  -22   2  0  0 L3E A7
E02 FF 60303 074600  780 221 2728     -894705    -47         147    -16   15  58  214  -35  511   -5  511   -5   9  0  0 L3E 0B
E03 FF 60303 074600  780 436 2619     +824827    +28         294     +2    4  62  117   +6  384  -18  384  -18   5  0  0 L3E 03
E05 FF 60303 074600  780 274 1992   -47038199    -81         178    -45    9  61  175  +36  489  +37  489   37   7  0  0 L3E 6B
E08 FF 60303 074600  780 197 3155    +1975461   +113         102    +55   15  62  239  -35  488  -68  488  -68  11  0  0 L3E 7D
E10 FF 60303 074600  780 310 1032    +5890039    +83         138    +53   10  62  157  -19  412  -67  412  -67  10  0  0 L3E 3E
E11 FF 60303 074600  780 241 1336   -32752614    -49         125    +35   20  62  198  -43  465  -86  465  -86  19  0  0 L3E 75
E12 FF 60303 074600  780 285  747    +8337128   +165         123     +1   10  62  169   -8  391   -1  391   -1   9  0  0 L3E F6
E24 FF 60303 074600  780 436  626    +5049470   +184         238    -25    6  61  117   +9  343   -1  343   -1   5  0  0 L3E F2
E25 FF 60303 074600  780 666 3153      +15111     +1         391     +7    2  62   88   -2  332  -19  332  -19   2  0  0 L3E AE
E02 FF 60303 080200  780 258 2779     -894713    -12         169    +19   19  58  185  -26  471  -59  471  -59  11  0  0 L3E 60
E03 FF 60303 080200  780 406 2544     +824835    -12         277    -38    6  64  124   +9  386   +6  386    6   6  0  0 L3E E1
E05 FF 60303 080200  780 215 1975   -47038288    -77         123    -41    8  61  219  +57  551  +64  551   64   6  0  0 L3E 42
E08 FF 60303 080200  780 222 3108    +1975554    +62         137     +4   14  64  212  -21  441   -7  441   -7  10  0  0 L3E FF
E10 FF 60303 080200  780 346  970    +5890097    +15         170    -14    6  64  142  -12  377  +14  377   14   5  0  0 L3E 07
E11 FF 60303 080200  780 295 1297   -32752665    -79         154     +5   10  64  164  -28  415  -17  415  -17  10  0  0 L3E 53
E12 FF 60303 080200  780 295  680    +8337298   +161         136     -3   13  64  164   -2  366  -16  366  -16  12  0  0 L3E 2C
E24 FF 60303 080200  780 395  680    +5049635   +163         203    -46    6  61  127  +11  347   +9  347    9   4  0  0 L3E FC
E25 FF 60303 080200  780 687 3296      +15109     -4         392     +1    3  64   87   -1  317  -18  317  -18   3  0  0 L3E BF
E02 FF 60303 081800  780 296 2829     -894722    +11         192    +42   15  65  163  -20  423  -63  423  -63  12  0  0 L3E 3B
E03 FF 60303 081800  780 368 2479     +824837     -9         253    -35    6  64  135  +13  385   +8  385    8   5  0  0 L3E F3
E05 FF 60303 081800  780 159 1957   -47038360   -118          86    -82   24  61  291  +99  622 +141  622  141  19  0  0 L3E 8E
E08 FF 60303 081800  780 240 3055    +1975618    +63         143     +5   14  65  197  -11  422  -17  422  -17  10  0  0 L3E 33
E10 FF 60303 081800  780 375  899    +5890143    +57         188    +28    6  64  133   -8  354  -42  354  -42   6  0  0 L3E 21
E11 FF 60303 081800  780 348 1253   -32752694    -56         205    +29   10  64  142  -19  367  -21  367  -21   8  0  0 L3E 56
E12 FF 60303 081800  780 294  614    +8337459   +162         141     -1    9  65  164   +3  344  -18  344  -18   8  0  0 L3E 0F
E24 FF 60303 081800  780 356  734    +5049808   +178         175    -31    7  61  138  +14  341   -6  341   -6   6  0  0 L3E 0F
E25 FF 60303 081800  780 701 3454      +15102     -3         390     +3    3  65   86   -1  305  -15  305  -15   2  0  0 L3E A0
E02 FF 60303 083400  780 335 2881     -894721    +22         225    +53    9  67  146  -16  375  -63  375  -63   8  0  0 L3E 2D
E03 FF 60303 083400  780 325 2422     +824841    +15         232    -11    7  64  150  +19  384  -22  384  -22   5  0  0 L3E 04
E08 FF 60303 083400  780 250 2996    +1975698    +54         165     -5   10  67  190   -4  382  -12  382  -12   9  0  0 L3E 2E
E10 FF 60303 083400  780 394  823    +5890188    +12         204    -17    7  64  127   -4  329   +3  329    3   7  0  0 L3E D8
E11 FF 60303 083400  780 399 1200   -32752757    -62         222    +22    6  67  126  -13  343  -18  343  -18   5  0  0 L3E 38
E12 FF 60303 083400  780 283  551    +8337587   +133         112    -31    6  66  170   +9  352   +0  352    0   5  0  0 L3E D7
E24 FF 60303 083400  780 318  787    +5049986   +202         152     -7    5  61  153  +17  332  -24  332  -24   5  0  0 L3E 19
E25 FF 60303 083400  780 708   24      +15092     +4         386    +10    2  67   86   +0  297  -21  297  -21   1  0  0 L3E A0
E02 FF 60303 085000  780 375 2932     -894732     -4         245    +28    7  67  133  -13  346  -42  346  -42   6  0  0 L3E 0F
E03 FF 60303 085000  780 278 2374     +824825    -39         191    -66    6  64  173  +28  396  +25  396   25   5  0  0 L3E 28
E08 FF 60303 085000  780 250 2935    +1975761    +99         170    +40   11  69  190   +3  367  -37  367  -37   9  0  0 L3E 42
E10 FF 60303 085000  780 402  743    +5890219    +54         207    +25    6  64  125   -1  313  -38  313  -38   6  0  0 L3E F8
E11 FF 60303 085000  780 445 1135   -32752798    -66         262    +18    3  69  115   -9  308  -18  308  -18   2  0  0 L3E 38
E12 FF 60303 085000  780 263  494    +8337737   +171         106     +8   11  69  182  +16  329  -40  329  -40  10  0  0 L3E 38
E24 FF 60303 085000  780 280  840    +5050155   +208         120     -1   15  69  171  +22  333  -37  333  -37  13  0  0 L3E 20
E25 FF 60303 085000  780 706  198      +15084    -12         384     -7    2  69   86   +0  286   -9  286   -9   1  0  0 L3E AA
E36 FF 60303 085000  780 209 1671    +1625166   +105         100    +52    9  69  226  -64  470 -106  470 -106   9  0  0 L3E 5A
E02 FF 60303 090600  780 416 2983     -894733     -7         275    +24    5  67  122  -10  318  -25  318  -25   5  0  0 L3E 0E
E03 FF 60303 090600  780 229 2331     +824812    -42         154    -68    9  70  206  +43  395  +21  395   21   7  0  0 L3E 08
E08 FF 60303 090600  780 242 2873    +1975805    +93         157    +34   23  70  196  +10  368  -21  368  -21  17  0  0 L3E 59
E10 FF 60303 090600  780 397  665    +5890240    +16         209    -13    6  70  126   +3  297  -17  297  -17   6  0  0 L3E 11
E11 FF 60303 090600  780 483 1057   -32752861    -53         280    +31    4  70  108   -6  293  -31  293  -31   3  0  0 L3E 22
E12 FF 60303 090600  780 235  444    +8337869   +147          82    -17   10  70  202  +26  318  -20  318  -20   9  0  0 L3E 23
E24 FF 60303 090600  780 242  891    +5050305   +161          71    -48   15  70  196  +29  340   +7  340    7  13  0  0 L3E FE
E25 FF 60303 090600  780 696  366      +15073     -6         379     -1    2  70   86   +1  277  -18  277  -18   3  0  0 L3E BB
E36 FF 60303 090600  780 271 1659    +1625262   +121         146    +69   11  70  178  -39  392  -65  392  -65   9  0  0 L3E 65
E02 FF 60303 092200  780 458 3034     -894745     -9         292    +22    5  67  113   -9  303  -15  303  -15   4  0  0 L3E F1
E03 FF 60303 092200  780 180 2292     +824808    -45         126    -72   11  72  259  +69  392  +36  392   36   8  0  0 L3E 2C
E08 FF 60303 092200  780 225 2812    +1975852    +33         147    -27   10  72  210  +19  368  +17  368   17   8  0  0 L3E 35
E10 FF 60303 092200  780 381  593    +5890260    +25         202     -3    5  72  131   +6  280  -19  280  -19   5  0  0 L3E E5
E11 FF 60303 092200  780 511  966   -32752925    -75         297     +9    3  72  104   -3  273  -12  273  -12   3  0  0 L3E 06
E24 FF 60303 092200  780 204  942    +5050496   +223          61    +14   12  70  229  +41  322  -44  322  -44  10  0  0 L3E 19
E25 FF 60303 092200  780 678  520      +15056    -19         367    -14    4  70   87   +1  272   -9  272   -9   3  0  0 L3E B0
E36 FF 60303 092200  780 334 1648    +1625368    +72         201    +19    8  72  147  -26  343   -2  343   -2   8  0  0 L3E 05
E02 FF 60303 093800  780 503 3085     -894750    -18         317    +14    3  67  105   -7  284   -3  284   -3   3  0  0 L3E E6
E03 FF 60303 093800  780 132 2257     +824774    -48          68    -74   11  73  348 +124  429  +60  429   60  11  0  0 L3E 3B
E08 FF 60303 093800  780 201 2755    +1975905    +29         144    -30   17  73  233  +31  363  +14  363   14  13  0  0 L3E 3A
E10 FF 60303 093800  780 355  530    +5890270     -3         186    -32    6  73  139  +11  266   -3  266   -3   6  0  0 L3E E1
E11 FF 60303 093800  780 525  864   -32753001    -89         302     -5    4  73  102   -1  260   -7  260   -7   3  0  0 L3E D5
E25 FF 60303 093800  780 653  656      +15041    -18         358    -12    2  70   89   +2  262   -4  262   -4   2  0  0 L3E A5
E36 FF 60303 093800  780 399 1635    +1625456    +96         239    +44    5  73  126  -18  322  -18  322  -18   4  0  0 L3E 40
E02 FF 60303 095400  780 549 3136     -894755    -12         345    +20    2  75   99   -6  267   -9  267   -9   1  0  0 L3E ED
E08 FF 60303 095400  780 171 2701    +1975924    +60         106     +1   13  75  272  +51  383  -10  383  -10  11  0  0 L3E 27
E10 FF 60303 095400  780 321  479    +5890272     -6         161    -35    7  74  152  +16  260   +5  260    5   7  0  0 L3E D1
E11 FF 60303 095400  780 523  760   -32753089    -67         299    +17    5  75  102   +1  254  -29  254  -29   5  0  0 L3E 29
E25 FF 60303 095400  780 623  776      +15023    -26         345    -21    3  70   91   +3  256   +0  256    0   2  0  0 L3E 88
E36 FF 60303 095400  780 466 1618    +1625547    +76         277    +23    3  75  111  -13  305   -3  305   -3   2  0  0 L3E 01
E02 FF 60303 101000  780 597 3188     -894766    -18         362    +14    4  77   94   -5  257   -9  257   -9   4  0  0 L3E F0
E10 FF 60303 101000  780 280  440    +5890264    -10         125    -39   10  74  171  +25  260   -5  260   -5   9  0  0 L3E E5
E11 FF 60303 101000  780 507  666   -32753180   -113         291    -29    4  76  104   +4  247   +5  247    5   3  0  0 L3E E9
E25 FF 60303 101000  780 588  881      +15001    -36         331    -30    3  77   94   +4  251   +8  251    8   2  0  0 L3E 88
E30 FF 60303 101000  780 102 2973    +7701830   +466          13   +158   33  77  445 -175  412 -161  412 -161  25  0  0 L3E 84
E36 FF 60303 101000  780 533 1594    +1625633    +70         311    +17    2  77  101   -9  287   +1  287    1   2  0  0 L3E D1
E02 FF 60303 102600  780 647 3243     -894784    -10         374    +22    1  78   89   -4  252  -14  252  -14   1  0  0 L3E F1
E10 FF 60303 102600  780 235  411    +5890271    -60         104    -89   13  74  201  +38  244  +41  244   41  12  0  0 L3E 0F
E11 FF 60303 102600  780 478  586   -32753274    -93         278     -9    5  76  109   +6  236  -18  236  -18   4  0  0 L3E 22
E25 FF 60303 102600  780 549  972      +14969    -30         305    -24    4  78   99   +5  256   -1  256   -1   3  0  0 L3E B5
E30 FF 60303 102600  780 144 3007    +7702197   +355          83    +47   22  78  321  -95  336  -58  336  -58  18  0  0 L3E 5D
E34 FF 60303 102600  780 166 1964     +852914    +45         104    +23   18  76  283  -99  387  -48  387  -48  15  0  0 L3E 60
E36 FF 60303 102600  780 599 1557    +1625713    +90         340    +38    2  78   94   -6  275  -25  275  -25   2  0  0 L3E 17
E02 FF 60303 104200  780 699 3303     -894803    -18         385    +14    2  80   86   -3  248   -9  248   -9   1  0  0 L3E DE
E10 FF 60303 104200  780 188  393    +5890253     -7          58    -36   13  80  249  +63  254   -3  254   -3  12  0  0 L3E F2
E11 FF 60303 104200  780 440  525   -32753388   -104         244    -21    4  76  116   +9  240  -10  240  -10   3  0  0 L3E 05
E25 FF 60303 104200  780 507 1052      +14941    -11         282     -5    6  80  104   +7  256  -15  256  -15   5  0  0 L3E C7
E30 FF 60303 104200  780 188 3038    +7702510   +292         102    -16   22  80  249  -59  311  +16  311   16  21  0  0 L3E 35
E34 FF 60303 104200  780 225 1979     +852963    +55         132    +34    9  76  211  -55  350  -30  350  -30   6  0  0 L3E 11
E36 FF 60303 104200  780 662 1495    +1625787    +68         363    +16    3  80   88   -4  266   -6  266   -6   2  0  0 L3E F7
E02 FF 60303 105800  780 753 3379     -894821    -27         398     +4    3  80   84   -2  244   +5  244    5   3  0  0 L3E BD
E11 FF 60303 105800  780 395  481   -32753491   -130         221    -47    4  76  127  +13  234   +9  234    9   3  0  0 L3E 07
E25 FF 60303 105800  780 463 1123      +14915    -40         263    -34    5  81  112   +9  252  +12  252   12   5  0  0 L3E C6
E30 FF 60303 105800  780 234 3065    +7702841   +325         138    +17   13  81  203  -40  290   -9  290   -9   9  0  0 L3E 22
E34 FF 60303 105800  780 285 1999     +853027    +75         176    +53    8  76  169  -34  316  -38  316  -38   7  0  0 L3E 40
E36 FF 60303 105800  780 718 1383    +1625852    +57         378     +5    2  81   85   -3  261   +0  261    0   2  0  0 L3E BE
E02 FF 60303 111400  780 808 3502     -894846    -35         402     -3    3  80   82   -1  244   +5  244    5   3  0  0 L3E A1
E11 FF 60303 111400  780 346  452   -32753613   -148         182    -64   10  83  142  +18  236  +23  236   23   9  0  0 L3E 33
E25 FF 60303 111400  780 416 1185      +14877    -63         229    -57    4  83  121  +12  260  +27  260   27   4  0  0 L3E EC
E30 FF 60303 111400  780 282 3088    +7703181   +327         180    +19   10  83  171  -28  257   +9  257    9   8  0  0 L3E 21
E34 FF 60303 111400  780 346 2024     +853082    +65         215    +43    7  83  142  -23  300  -17  300  -17   5  0  0 L3E F8
E36 FF 60303 111400  780 757 1186    +1625914    +60         390     +7    2  83   83   -1  251   -9  251   -9   2  0  0 L3E CD
E02 FF 60303 113000  780 856  253     -894875    -29         404     +2    2  80   81   +0  243   -1  243   -1   2  0  0 L3E 95
E11 FF 60303 113000  780 295  436   -32753726   -143         151    -59    7  85  163  +26  232  +10  232   10   7  0  0 L3E 1E
E25 FF 60303 113000  780 368 1241      +14844    -56         200    -50    6  85  135  +16  262  +15  262   15   5  0  0 L3E DF
E30 FF 60303 113000  780 332 3105    +7703503   +309         205     +1   10  85  147  -21  253  +17  253   17   9  0  0 L3E 09
E34 FF 60303 113000  780 408 2055     +853152    +78         264    +57    8  85  124  -16  279  -34  279  -34   6  0  0 L3E 26
E36 FF 60303 113000  780 766  909    +1625963    +35         387    -18    3  85   83   +0  247   +7  247    7   3  0  0 L3E D5
E02 FF 60303 114600  780 849 1088     -894906    -34         409     -3    1  86   81   +1  240   -6  240   -6   1  0  0 L3E BD
E11 FF 60303 114600  780 244  430   -32753842   -136         115    -52   22  86  194  +39  225  +14  225   14  21  0  0 L3E 41
E25 FF 60303 114600  780 318 1290      +14801    -75         164    -70    8  86  153  +22  266  +32  266   32   6  0  0 L3E F1
E30 FF 60303 114600  780 384 3116    +7703839   +347         245    +38    5  86  130  -16  237  -11  237  -11   4  0  0 L3E 38
E34 FF 60303 114600  780 470 2093     +853202    +52         294    +31    4  86  111  -12  275   -2  275   -2   4  0  0 L3E DE
E36 FF 60303 114600  780 740  675    +1626007    +39         381    -13    2  85   84   +2  242   -7  242   -7   2  0  0 L3E C9
E02 FF 60303 120200  780 795 1368     -894946    -45         401    -13    3  88   82   +2  243   +3  243    3   3  0  0 L3E BF
E25 FF 60303 120200  780 268 1334      +14765    -31         133    -25    9  88  179  +32  264   -9  264   -9   9  0  0 L3E EC
E30 FF 60303 120200  780 437 3118    +7704163   +315         274     +7   10  88  117  -12  235  +17  235   17   8  0  0 L3E 1E
E34 FF 60303 120200  780 531 2140     +853259    +56         331    +35    2  86  101   -8  261   -9  261   -9   1  0  0 L3E CD
E36 FF 60303 120200  780 693  541    +1626041    +30         364    -23    2  85   86   +3  239   +0  239    0   2  0  0 L3E AA
E02 FF 60303 121800  780 733 1470     -894988    -50         390    -18    3  89   84   +3  241   +3  241    3   2  0  0 L3E C5
E25 FF 60303 121800  780 216 1372      +14734    -58         106    -52   10  89  217  +50  255  +12  255   12   9  0  0 L3E FA
E30 FF 60303 121800  780 491 3109    +7704490   +345         305    +36    5  89  107   -9  228  -10  228  -10   5  0  0 L3E 24
E34 FF 60303 121800  780 592 2199     +853303    +50         355    +30    4  86   94   -6  255  -11  255  -11   4  0  0 L3E F0
E36 FF 60303 121800  780 639  474    +1626067    +42         339    -10    3  85   90   +4  238  -15  238  -15   3  0  0 L3E F6
E02 FF 60303 123400  780 670 1530     -895036    -46         372    -14    2  89   88   +4  243   -7  243   -7   2  0  0 L3E D1
E15 FF 60303 123400  780 135 2261     +765867    +78          76    +57   18  85  344 -123  377  -78  377  -78  17  0  0 L3E 6A
E25 FF 60303 123400  780 165 1406      +14668    -25          45    -20    8  91  281  +87  276  -14  276  -14   6  0  0 L3E F7
E30 FF 60303 123400  780 544 3083    +7704808   +333         328    +25    4  91  100   -7  230   -5  230   -5   3  0  0 L3E EC
E34 FF 60303 123400  780 650 2276     +853344    +40         376    +19    3  86   89   -4  247   -9  247   -9   3  0  0 L3E E3
E36 FF 60303 123400  780 582  445    +1626093     +9         314    -44    3  85   95   +6  235  +10  235   10   2  0  0 L3E C8
E02 FF 60303 125000  780 605 1572     -895094    -64         345    -32    3  89   93   +6  248   +7  248    7   2  0  0 L3E D1
E15 FF 60303 125000  780 183 2300     +765928    +96         122    +75    8  93  256  -66  327  -60  327  -60   7  0  0 L3E 24
E30 FF 60303 125000  780 594 3035    +7705124   +335         348    +27    4  93   94   -5  229   -4  229   -4   3  0  0 L3E F4
E34 FF 60303 125000  780 704 2384     +853374    +39         387    +18    3  93   86   -3  244  -12  244  -12   2  0  0 L3E F4
E36 FF 60303 125000  780 525  438    +1626115    +36         289    -17    4  93  102   +8  231  -15  231  -15   4  0  0 L3E F5
E02 FF 60303 130600  780 540 1605     -895153    -59         317    -27    3  89  100   +9  250   -3  250   -3   3  0  0 L3E D3
E15 FF 60303 130600  780 231 2344     +765977    +51         153    +30    8  94  206  -41  310  -18  310  -18   8  0  0 L3E 0A
E27 FF 60303 130600  780 135 3178    +2328670    +58          61    -36   26  92  343 -124  228  +48  228   48  22  0  0 L3E 4B
E30 FF 60303 130600  780 639 2953    +7705440   +333         368    +25    2  94   90   -3  226   -9  226   -9   2  0  0 L3E F9
E34 FF 60303 130600  780 751 2546     +853406    +21         398     +0    3  94   84   -2  236   +3  236    3   2  0  0 L3E A5
E36 FF 60303 130600  780 470  444    +1626130    +35         254    -17    6  94  110  +10  232  -16  232  -16   5  0  0 L3E F7
E02 FF 60303 132200  780 475 1631     -895212    -75         284    -43    5  96  109  +12  251   +5  251    5   4  0  0 L3E DD
E15 FF 60303 132200  780 277 2393     +766029    +69         186    +48    8  95  174  -27  291  -38  291  -38   7  0  0 L3E 3F
E27 FF 60303 132200  780 184 3176    +2328769   +217          70   +124   12  92  255  -67  250  -85  250  -85   9  0  0 L3E 5C
E30 FF 60303 132200  780 672 2830    +7705747   +325         380    +17    2  96   88   -2  229   -4  229   -4   2  0  0 L3E F8
E34 FF 60303 132200  780 784 2797     +853423    +19         395     -2    2  96   83   -1  240   -3  240   -3   2  0  0 L3E BC
E36 FF 60303 132200  780 416  459    +1626135    +20         210    -33    4  96  121  +13  242   +0  242    0   3  0  0 L3E B8
E02 FF 60303 133800  780 410 1653     -895285    -78         240    -46    6  97  123  +16  258   +7  258    7   5  0  0 L3E FA
E15 FF 60303 133800  780 322 2446     +766085    +54         222    +34    8  95  151  -19  277  -18  277  -18   6  0  0 L3E 29
E27 FF 60303 133800  780 232 3165    +2328922   +152         134    +59   11  92  205  -41  216  -12  216  -12   9  0  0 L3E 3A
E30 FF 60303 133800  780 686 2668    +7706053   +317         391     +9    2  97   87   +0  227   -6  227   -6   2  0  0 L3E F4
E34 FF 60303 133800  780 791 3127     +853441    +22         393     +1    3  97   82   +0  235  -10  235  -10   2  0  0 L3E CC
E36 FF 60303 133800  780 364  481    +1626148    +14         174    -38    4  97  136  +17  245   +5  245    5   3  0  0 L3E EC
E02 FF 60303 135400  780 347 1670     -895352    -78         203    -46    5  99  142  +23  259   +1  259    1   4  0  0 L3E EF
E15 FF 60303 135400  780 366 2505     +766130    +79         247    +59    7  95  136  -14  266  -36  266  -36   6  0  0 L3E 30
E27 FF 60303 135400  780 279 3145    +2329044   +143         164    +49   11  99  172  -27  221  -13  221  -13  10  0  0 L3E 4F
E30 FF 60303 135400  780 677 2496    +7706343   +305         384     -3    2  98   87   +1  232   +0  232    0   2  0  0 L3E CD
E34 FF 60303 135400  780 772 3419     +853453     +2         383    -19    2  99   83   +1  234   +6  234    6   2  0  0 L3E B4
E36 FF 60303 135400  780 315  509    +1626179    +45         155     -7    6  98  154  +22  232  -23  232  -23   5  0  0 L3E 02
E02 FF 60303 141000  780 285 1684     -895429    -99         158    -67    8 101  169  +34  256  +24  256   24   6  0  0 L3E 36
E15 FF 60303 141000  780 408 2569     +766182    +52         277    +32    6 101  124  -11  247  -11  247  -11   4  0  0 L3E 13
E27 FF 60303 141000  780 323 3115    +2329164    +54         193    -39    9 101  151  -18  217  +60  217   60   9  0  0 L3E 1D
E30 FF 60303 141000  780 647 2352    +7706632   +287         378    -21    4  98   89   +3  232  +11  232   11   4  0  0 L3E 03
E34 FF 60303 141000  780 736   18     +853464     +5         377    -15    2 101   84   +2  226   -2  226   -2   2  0  0 L3E 94
E36 FF 60303 141000  780 268  540    +1626174     -8          99    -61    7  98  178  +29  253  +30  253   30   6  0  0 L3E F2
E02 FF 60303 142600  780 224 1694     -895506    -65         112    -33    9 102  210  +54  261  -14  261  -14   8  0  0 L3E 19
E09 FF 60303 142600  780 109  590    +2756697    +98         -41    -38   26 102  416  -46  263  +39  263   39  24  0  0 L3E 55
E15 FF 60303 142600  780 448 2639     +766217    +42         292    +22    4 102  115   -8  246  -12  246  -12   5  0  0 L3E 0C
E27 FF 60303 142600  780 363 3072    +2329279   +103         217    +10    5 102  136  -12  217  +21  217   21   4  0  0 L3E 1B
E30 FF 60303 142600  780 601 2247    +7706905   +285         356    -23    3  98   93   +5  241   +7  241    7   2  0  0 L3E E6
E34 FF 60303 142600  780 695  155     +853467     +0         359    -20    2 102   86   +2  227   +4  227    4   2  0  0 L3E A5
E36 FF 60303 142600  780 224  575    +1626197    +58          72     +6   13  98  211  +40  250  -26  250  -26  12  0  0 L3E 0F
E02 FF 60303 144200  780 165 1700     -895584    -36          64     -4   17 104  280  +96  270  -13  270  -13  12  0  0 L3E 1E
E09 FF 60303 144200  780 118  536    +2756855   +255         -12   +119   30 104  386  -16  239 -113  239 -113  30  0  0 L3E 8A
E15 FF 60303 144200  780 486 2714     +766247    +23         304     +3    4 104  108   -6  241   +3  241    3   3  0  0 L3E B8
E27 FF 60303 144200  780 396 3017    +2329397    +91         245     -3    6 104  127   -8  215  +25  215   25   5  0  0 L3E 07
E30 FF 60303 144200  780 547 2175    +7707187   +269         342    -39    3 104   99   +7  232  +17  232   17   3  0  0 L3E 23
E34 FF 60303 144200  780 652  259     +853464     -8         337    -28    4 104   89   +3  231   +7  231    7   3  0  0 L3E B1
E36 FF 60303 144200  780 181  613    +1626215    +18          37    -34   11 104  257  +58  247  +13  247   13   9  0  0 L3E 0F
E05 FF 60303 145800  780 201 1005   -47039286    +26          56    +64   15 104  234  -43  250  -31  250  -31  11  0  0 L3E 41
E15 FF 60303 145800  780 521 2796     +766288    +36         326    +16    4 104  102   -5  232   -7  232   -7   3  0  0 L3E F0
E27 FF 60303 145800  780 421 2950    +2329502   +110         261    +17    8 105  121   -5  218   -3  218   -3   6  0  0 L3E FD
E30 FF 60303 145800  780 488 2124    +7707448   +274         307    -34    3 105  107  +10  242   +5  242    5   2  0  0 L3E 0C
E34 FF 60303 145800  780 610  345     +853468     -6         322    -27    4 104   92   +4  226   +4  226    4   3  0  0 L3E A6
E36 FF 60303 145800  780 141  653    +1626223    +36          -6    -16   23 105  326  +90  260   +0  260    0  21  0  0 L3E E3
E05 FF 60303 151400  780 236  952   -47039308    -27          66     +9    6 107  201  -27  265   +7  265    7   6  0  0 L3E F0
E09 FF 60303 151400  780 112  432    +2757122    +10          -6   -126   37 107  403  +36  233  +95  233   95  35  0  0 L3E 27
E15 FF 60303 151400  780 555 2886     +766317    +26         336     +6    4 107   98   -4  233   +1  233    1   3  0  0 L3E BF
E27 FF 60303 151400  780 435 2873    +2329597    +94         265     +0    3 107  117   -2  227  +11  227   11   2  0  0 L3E FE
E30 FF 60303 151400  780 427 2087    +7707706   +284         271    -24    7 107  119  +14  249  -11  249  -11   6  0  0 L3E 4B
E34 FF 60303 151400  780 568  421     +853464     -8         299    -29    3 107   97   +5  230   +7  230    7   2  0  0 L3E B6
E03 FF 60303 153000  780 172 1427     +825291   +104          53    +79    9 109  272  -81  258  -38  258  -38   9  0  0 L3E 38
E05 FF 60303 153000  780 267  895   -47039295    -13         109    +23   10 109  180  -18  243   +1  243    1   7  0  0 L3E 12
E15 FF 60303 153000  780 585 2983     +766343    +34         343    +14    2 109   95   -3  235   -9  235   -9   2  0  0 L3E E7
E21 FF 60303 153000  780 106 3246    +5705997    +77           4    +58   24 109  431 -152  243  -19  243  -19  20  0  0 L3E 4B
E27 FF 60303 153000  780 437 2790    +2329688    +81         266    -12    4 107  117   +1  235  +14  235   14   4  0  0 L3E 13
E30 FF 60303 153000  780 365 2059    +7707962   +253         231    -55    5 108  135  +20  255  +17  255   17   4  0  0 L3E 38
E34 FF 60303 153000  780 527  491     +853463    +10         277    -10    3 109  101   +6  228   -9  228   -9   3  0  0 L3E D5
E03 FF 60303 154600  780 224 1395     +825360    +51          96    +26    7 110  212  -49  253   +9  253    9   6  0  0 L3E E2
E05 FF 60303 154600  780 290  832   -47039320    -54         118    -17   12 110  166  -11  249  +27  249   27  11  0  0 L3E 49
E13 FF 60303 154600  780 155 2721     +197626    +31         107    +31   24 110  299  -69  283   -4  283   -4  21  0  0 L3E 22
E15 FF 60303 154600  780 614 3089     +766373    +31         354    +11    3 110   92   -2  231   -3  231   -3   3  0  0 L3E C6
E21 FF 60303 154600  780 141 3213    +5706056    +38          45    +19   25 110  327  -76  236  +14  236   14  23  0  0 L3E 2D
E27 FF 60303 154600  780 426 2707    +2329784    +96         272     +3    6 107  119   +4  229   -4  229   -4   5  0  0 L3E FF
E30 FF 60303 154600  780 304 2036    +7708228   +289         201    -19    8 108  159  +29  250  -17  250  -17   5  0  0 L3E 4D
E34 FF 60303 154600  780 488  557     +853464    -21         257    -42    3 110  107   +7  229  +19  229   19   3  0  0 L3E 01
E03 FF 60303 160200  780 277 1360     +825422    +75         132    +49    8 112  174  -32  252  -19  252  -19   8  0  0 L3E 1F
E05 FF 60303 160200  780 305  767   -47039344    -51         128    -15    6 112  159   -5  248  +10  248   10   6  0  0 L3E 14
E13 FF 60303 160200  780 191 2771     +197642    +39         124    +39   20 110  245  -46  280  -28  280  -28  13  0  0 L3E 42
E15 FF 60303 160200  780 639 3206     +766400    +19         360     -1    3 112   90   -2  228   +3  228    3   3  0  0 L3E A5
E21 FF 60303 160200  780 172 3172    +5706092    +82          63    +63   21 112  271  -43  245  -36  245  -36  19  0  0 L3E 3E
E27 FF 60303 160200  780 404 2629    +2329858    +72         257    -21    5 107  124   +7  242  +17  242   17   5  0  0 L3E 15
E30 FF 60303 160200  780 245 2015    +7708473   +281         151    -27   10 108  194  +44  265   +3  265    3   7  0  0 L3E 1E
E34 FF 60303 160200  780 449  622     +853457     +8         229    -13    3 112  114   +8  234  -10  234  -10   3  0  0 L3E D8
E03 FF 60303 161800  780 330 1320     +825487   +110         171    +85    6 113  148  -22  250  -46  250  -46   5  0  0 L3E 24
E05 FF 60303 161800  780 311  699   -47039361    -19         146    +17    9 113  156   -1  234  -19  234  -19   9  0  0 L3E 36
E13 FF 60303 161800  780 228 2822     +197665    +78         146    +77   13 110  208  -33  269  -43  269  -43   9  0  0 L3E 4F
E15 FF 60303 161800  780 660 3335     +766425    +13         365     -7    2 113   88   -1  227   +9  227    9   2  0  0 L3E C4
E21 FF 60303 161800  780 196 3125    +5706148    +21         102     +2    9 113  240  -25  232  +18  232   18   8  0  0 L3E 01
E27 FF 60303 161800  780 373 2558    +2329942    +73         246    -21    5 113  133  +11  242  +10  242   10   6  0  0 L3E 16
E30 FF 60303 161800  780 188 1996    +7708732   +266         111    -42   17 113  249  +73  264   -7  264   -7  16  0  0 L3E 61
E34 FF 60303 161800  780 411  684     +853455     -8         205    -28    6 113  123   +9  237   +3  237    3   6  0  0 L3E BF
E03 FF 60303 163400  780 382 1273     +825544    +41         204    +16    6 113  131  -15  248  +15  248   15   5  0  0 L3E 05
E05 FF 60303 163400  780 308  634   -47039394    -24         149    +12   14 115  158   +4  231  -15  231  -15  13  0  0 L3E 3D
E13 FF 60303 163400  780 265 2873     +197691    +36         171    +36   13 110  181  -25  257  -29  257  -29   9  0  0 L3E 49
E15 FF 60303 163400  780 677 3477     +766446    +25         365     +5    3 115   87   -1  225   -5  225   -5   3  0  0 L3E D9
E21 FF 60303 163400  780 212 3073    +5706173     +2         110    -16    9 115  222  -13  240  +40  240   40   6  0  0 L3E EA
E27 FF 60303 163400  780 335 2496    +2330005    +68         219    -26    7 115  146  +16  255   +7  255    7   6  0  0 L3E 0B
E34 FF 60303 163400  780 374  745     +853446    -13         177    -33    6 115  133  +12  242   +8  242    8   5  0  0 L3E E1
E03 FF 60303 165000  780 431 1217     +825602    +46         237    +21    3 113  118  -11  244   +7  244    7   2  0  0 L3E D3
E05 FF 60303 165000  780 294  572   -47039450    -68         128    -32   11 117  164   +9  239  +20  239   20  11  0  0 L3E 3A
E08 FF 60303 165000  780 171 1727    +1977357    +84          73    +26    9 117  273  -91  273   +5  273    5   9  0  0 L3E 0F
E13 FF 60303 165000  780 304 2923     +197725    +27         206    +27    9 117  160  -19  245  -12  245  -12   6  0  0 L3E 1D
E15 FF 60303 165000  780 688   32     +766465    +26         365     +6    2 117   87   +0  226   -3  226   -3   2  0  0 L3E A7
E21 FF 60303 165000  780 220 3016    +5706194     -4         114    -23   13 117  214   -3  251  +27  251   27   8  0  0 L3E FA
E27 FF 60303 165000  780 291 2442    +2330066    +68         190    -26    6 115  165  +24  263   -2  263   -2   6  0  0 L3E 08
E34 FF 60303 165000  780 337  804     +853445    +22         157     +2    6 117  145  +14  240  -11  240  -11   6  0  0 L3E E6
E03 FF 60303 170600  780 474 1148     +825655    +39         266    +14    4 113  110   -7  239   +5  239    5   4  0  0 L3E E1
E05 FF 60303 170600  780 272  517   -47039501    -23         112    +13   12 117  176  +16  239  -31  239  -31  13  0  0 L3E 48
E08 FF 60303 170600  780 230 1717    +1977467   +111         127    +53   11 118  207  -52  258  -11  258  -11  12  0  0 L3E 62
E13 FF 60303 170600  780 343 2973     +197744     +5         226     +5    7 118  143  -15  241   +3  241    3   6  0  0 L3E C7
E15 FF 60303 170600  780 692  196     +766482    +17         363     -3    3 118   86   +0  226   +3  226    3   2  0  0 L3E AD
E21 FF 60303 170600  780 219 2956    +5706220     -9         122    -27   11 118  215   +5  255  +29  255   29   8  0  0 L3E 1A
E27 FF 60303 170600  780 245 2395    +2330128    +58         162    -35   10 115  194  +36  264   -1  264   -1   9  0  0 L3E 20
E34 FF 60303 170600  780 300  862     +853429    +27         121     +7    7 118  161  +18  255  -29  255  -29   7  0  0 L3E 08
E03 FF 60303 172200  780 508 1064     +825703    +41         284    +15    4 120  104   -5  235   +2  235    2   3  0  0 L3E BE
E05 FF 60303 172200  780 242  471   -47039551    -84          97    -48   15 117  196  +26  235  +20  235   20  14  0  0 L3E 40
E08 FF 60303 172200  780 291 1708    +1977562   +109         166    +51    5 120  166  -34  260   -8  260   -8   5  0  0 L3E 2B
E13 FF 60303 172200  780 385 3022     +197778    +17         259    +17    6 120  130  -12  229   +4  229    4   6  0  0 L3E EF
E15 FF 60303 172200  780 688  362     +766499    +24         360     +4    4 120   87   +0  228   -3  228   -3   4  0  0 L3E BD
E21 FF 60303 172200  780 210 2897    +5706232    +91         118    +72   14 120  224  +14  259  -39  259  -39  11  0  0 L3E 57
E27 FF 60303 172200  780 197 2353    +2330180    +87         124     -6   12 115  237  +57  272  -24  272  -24   8  0  0 L3E 34
E34 FF 60303 172200  780 263  919     +853424     -3          96    -24    9 120  181  +24  257  +12  257   12   6  0  0 L3E E2
E03 FF 60303 173800  780 531  968     +825734    +30         288     +4    5 121  101   -2  240   +5  240    5   3  0  0 L3E AB
E05 FF 60303 173800  780 206  433   -47039610    -63          73    -26   13 117  228  +41  233   -6  233   -6  13  0  0 L3E 1D
E08 FF 60303 173800  780 354 1699    +1977664    +97         212    +38    6 121  140  -23  253   +2  253    2   5  0  0 L3E 12
E13 FF 60303 173800  780 428 3070     +197793    +36         275    +35    4 121  119  -10  236   -9  236   -9   3  0  0 L3E 09
E15 FF 60303 173800  780 676  522     +766508    +17         350     -4    3 121   87   +1  233   -2  233   -2   3  0  0 L3E AF
E21 FF 60303 173800  780 192 2838    +5706247    +16         116     -2   17 121  243  +26  267   +6  267    6  10  0  0 L3E 18
E27 FF 60303 173800  780 149 2315    +2330222    +27          74    -67   14 121  309  +97  285  +30  285   30  12  0  0 L3E 39
E34 FF 60303 173800  780 226  973     +853413    -39          64    -59   18 121  209  +34  262  +22  262   22  15  0  0 L3E 1F
E03 FF 60303 175400  780 540  863     +825762    +26         291     +0    4 123  100   +0  239   -1  239   -1   4  0  0 L3E B3
E05 FF 60303 175400  780 166  403   -47039695    -56          23    -20   21 117  280  +70  247  -12  247  -12  19  0  0 L3E 4A
E08 FF 60303 175400  780 418 1689    +1977767    +94         258    +36    3 123  121  -16  247   -2  247   -2   3  0  0 L3E 2C
E13 FF 60303 175400  780 473 3118     +197818    +32         299    +32    6 123  110   -9  232   -2  232   -2   5  0  0 L3E E6
E15 FF 60303 175400  780 655  668     +766520     +3         342    -17    1 123   89   +2  234  +13  234   13   1  0  0 L3E C7
E21 FF 60303 175400  780 168 2783    +5706247    -29          99    -48   21 123  276  +44  280  +28  280   28  14  0  0 L3E 57
E03 FF 60303 181000  780 533  761     +825785     -2         288    -28    5 125  101   +2  237  +21  237   21   4  0  0 L3E D5
E05 FF 60303 181000  780 122  383   -47039738    -81          15    -45   33 125  373 +133  228   +9  228    9  31  0  0 L3E 30
E08 FF 60303 181000  780 484 1676    +1977862    +98         296    +40    3 125  108  -12  241   -7  241   -7   2  0  0 L3E 21
E13 FF 60303 181000  780 521 3164     +197848    +22         328    +22    7 125  103   -7  228   +3  228    3   6  0  0 L3E D5
E15 FF 60303 181000  780 628  798     +766533    +14         334     -6    3 125   91   +3  233   -4  233   -4   3  0  0 L3E B6
E21 FF 60303 181000  780 138 2730    +5706237     +4          73    -14   17 125  331  +75  295   -3  295   -3  11  0  0 L3E 09
E03 FF 60303 182600  780 512  670     +825799     +2         278    -24    3 126  104   +4  236   +7  236    7   3  0  0 L3E BF
E08 FF 60303 182600  780 550 1656    +1977947    +86         325    +27    4 126   99   -8  242   +5  242    5   3  0  0 L3E FF
E13 FF 60303 182600  780 571 3210     +197871    +28         349    +27    3 126   96   -6  228   -5  228   -5   3  0  0 L3E EA
E15 FF 60303 182600  780 594  912     +766537     +5         318    -16    4 126   94   +4  239   +3  239    3   3  0  0 L3E BB
E21 FF 60303 182600  780 105 2681    +5706215    +10          33     -8   22 126  431 +141  316  -10  316  -10  18  0  0 L3E 26
E03 FF 60303 184200  780 480  596     +825806    +19         258     -7    4   0  109   +6  235   -9  235   -9   3  0  0 L3E B4
E07 FF 60303 184200  780 165 2015     +949443   +101          92    +81   18   0  284  -97  279  -35  279  -35  15  0  0 L3E 3A
E08 FF 60303 184200  780 616 1624    +1978036   +103         356    +45    4   0   92   -6  237  -18  237  -18   3  0  0 L3E 08
E13 FF 60303 184200  780 623 3255     +197892    +17         371    +17    4   0   91   -5  227   +2  227    2   4  0  0 L3E A6
E15 FF 60303 184200  780 556 1010     +766536    +10         296    -10    4   0   98   +5  245   -3  245   -3   4  0  0 L3E AD
E26 FF 60303 184200  780 116 3043    -3201576    -50          23    +61   12   0  396 -147  283  -27  283  -27  12  0  0 L3E 2E
E03 FF 60303 185800  780 440  541     +825805     -7         233    -33    5   0  116   +9  237   +3  237    3   4  0  0 L3E 8F
E07 FF 60303 185800  780 222 2032     +949501    +76         131    +57    9   1  214  -54  281   -8  281   -8   8  0  0 L3E E4
E08 FF 60303 185800  780 678 1567    +1978115    +92         377    +33    4   1   87   -4  234  -14  234  -14   3  0  0 L3E 07
E13 FF 60303 185800  780 678 3302     +197907    +14         385    +13    3   1   87   -4  230   +3  230    3   2  0  0 L3E A3
E15 FF 60303 185800  780 513 1095     +766545     -3         284    -23    6   1  103   +7  241   +2  241    2   5  0  0 L3E 9F
E26 FF 60303 185800  780 161 3073    -3201619    -28          86    +83   16   1  290  -82  250  -52  250  -52  13  0  0 L3E 25
E03 FF 60303 191400  780 394  503     +825800    -26         202    -52    9   0  127  +13  236  +19  236   19   7  0  0 L3E D7
E07 FF 60303 191400  780 280 2053     +949569    +51         179    +32    4   3  172  -34  271   +3  271    3   3  0  0 L3E CE
E08 FF 60303 191400  780 735 1459    +1978187    +68         391     +9    3   3   84   -2  231   -1  231   -1   2  0  0 L3E C2
E13 FF 60303 191400  780 735 3352     +197922    +18         400    +17    3   3   84   -3  230   -1  230   -1   2  0  0 L3E 9D
E15 FF 60303 191400  780 468 1169     +766540     -5         258    -26    5   3  111   +9  244   +5  244    5   5  0  0 L3E B2
E26 FF 60303 191400  780 207 3099    -3201672    -53         140    +59   12   3  227  -51  237  -11  237  -11  10  0  0 L3E 25
E03 FF 60303 193000  780 346  479     +825795    -40         173    -66    5   0  142  +18  234  +28  234   28   3  0  0 L3E E9
E07 FF 60303 193000  780 339 2080     +949618    +64         213    +45    6   5  145  -23  271   -8  271   -8   5  0  0 L3E E6
E08 FF 60303 193000  780 776 1249    +1978249    +51         397     -7    4   5   83   -1  230   +9  230    9   3  0  0 L3E C0
E13 FF 60303 193000  780 795 3419     +197933    +12         411    +12    2   5   82   -2  231   -3  231   -3   2  0  0 L3E A2
E15 FF 60303 193000  780 419 1234     +766531    -10         232    -30    5   5  121  +12  247   +1  247    1   4  0  0 L3E AE
E26 FF 60303 193000  780 256 3120    -3201778    -80         140    +31   11   5  187  -35  263   +4  263    4   9  0  0 L3E E8
E03 FF 60303 194600  780 296  466     +825794    -14         144    -41    8   6  163  +26  228   +3  228    3   8  0  0 L3E CF
E07 FF 60303 194600  780 398 2112     +949674    +63         251    +43    6   5  126  -16  266  -11  266  -11   6  0  0 L3E 0D
E08 FF 60303 194600  780 785  938    +1978309    +45         401    -13    2   6   83   +0  225   +5  225    5   2  0  0 L3E B5
E13 FF 60303 194600  780 855 3573     +197939     +8         417     +7    2   6   81   -1  234   +0  234    0   1  0  0 L3E 8B
E15 FF 60303 194600  780 369 1291     +766523    +43         204    +23    5   6  134  +16  248  -47  248  -47   4  0  0 L3E 0E
E26 FF 60303 194600  780 307 3135    -3201832    -78         193    +33   11   6  158  -25  245   +5  245    5   8  0  0 L3E F9
E03 FF 60303 200200  780 245  463     +825779     -8         106    -35   11   8  193  +38  227  -11  227  -11   9  0  0 L3E EB
E07 FF 60303 200200  780 457 2151     +949738    +47         299    +28    6   8  113  -12  252   +2  252    2   5  0  0 L3E CF
E08 FF 60303 200200  780 756  684    +1978355    +52         390     -6    3   7   83   +2  227   -8  227   -8   2  0  0 L3E B6
E13 FF 60303 200200  780 873 1229     +197945     +2         423     +2    2   8   81   +0  233   -2  233   -2   2  0  0 L3E 77
E15 FF 60303 200200  780 318 1340     +766504    +16         166     -5   11   8  153  +23  255  -23  255  -23  10  0  0 L3E F6
E26 FF 60303 200200  780 359 3143    -3201904    -71         228    +40    7   8  138  -18  242   -9  242   -9   6  0  0 L3E EB
E03 FF 60303 201800  780 196  468     +825760    -26          61    -53   15   9  239  +59  234  +16  234   16  13  0  0 L3E FD
E07 FF 60303 201800  780 515 2197     +949788    +60         329    +41    5   9  103   -9  247  -13  247  -13   5  0  0 L3E 00
E08 FF 60303 201800  780 709  552    +1978402    +30         382    -29    2   7   86   +3  221   +9  221    9   2  0  0 L3E AA
E13 FF 60303 201800  780 811 1515     +197938    -10         415    -11    2   9   82   +1  238   +7  238    7   2  0  0 L3E A2
E15 FF 60303 201800  780 265 1383     +766482     +3         124    -18    7   9  180  +34  263  -16  263  -16   7  0  0 L3E F4
E26 FF 60303 201800  780 413 3143    -3201978   -106         261     +5    7   9  123  -14  241  +27  241   27   6  0  0 L3E F7
E03 FF 60303 203400  780 147  479     +825729    -87           7   -114   20  11  314 +101  255  +57  255   57  17  0  0 L3E 1A
E07 FF 60303 203400  780 573 2255     +949834    +48         355    +28    3  11   96   -6  245   -7  245   -7   3  0  0 L3E DE
E08 FF 60303 203400  780 654  492    +1978436    +41         359    -18    4   7   89   +4  223   -6  223   -6   4  0  0 L3E CA
E13 FF 60303 203400  780 745 1585     +197937    -14         414    -14    3   9   84   +3  233   +3  233    3   3  0  0 L3E A6
E15 FF 60303 203400  780 212 1421     +766470    -46          90    -67   10  11  222  +54  262  +28  262   28   9  0  0 L3E F8
E26 FF 60303 203400  780 467 3130    -3202049    -78         297    +32    6  11  111  -10  239   +1  239    1   4  0  0 L3E DE
E07 FF 60303 205000  780 628 2327     +949877    +44         376    +25    4  13   91   -5  241   -9  241   -9   3  0  0 L3E D9
E08 FF 60303 205000  780 598  468    +1978475    +27         337    -32    3  13   93   +6  217   +2  217    2   3  0  0 L3E C8
E13 FF 60303 205000  780 677 1627     +197916    -29         393    -29    4   9   87   +4  240   +9  240    9   3  0  0 L3E C1
E26 FF 60303 205000  780 519 3101    -3202130    -70         322    +41    3  13  103   -8  241  -10  241  -10   3  0  0 L3E D3
E07 FF 60303 210600  780 681 2423     +949915    +29         396    +10    1  14   87   -3  235   +3  235    3   1  0  0 L3E B9
E08 FF 60303 210600  780 542  465    +1978501    +45         306    -14    4  14  100   +7  219  -12  219  -12   3  0  0 L3E EB
E13 FF 60303 210600  780 609 1657     +197893    -23         369    -24    3   9   92   +6  245   -1  245   -1   2  0  0 L3E C2
E26 FF 60303 210600  780 569 3051    -3202212    -88         346    +23    3  14   97   -5  240   -1  240   -1   3  0  0 L3E C6
E33 FF 60303 210600  780 106 3205      -48380    -38          27    -31   33   9  432 -199  256  +70  256   70  29  0  0 L3E 0C
E07 FF 60303 212200  780 728 2556     +949943    +35         404    +15    3  16   85   -2  233   -8  233   -8   2  0  0 L3E D0
E08 FF 60303 212200  780 487  475    +1978525    +38         274    -21    3  16  107   +9  219   -9  219   -9   3  0  0 L3E F2
E13 FF 60303 212200  780 541 1682     +197866    -26         334    -27    4  16  100   +9  248   -2  248   -2   3  0  0 L3E D8
E26 FF 60303 212200  780 612 2970    -3202301    -91         364    +20    3  16   92   -4  241   +3  241    3   3  0  0 L3E AB
E33 FF 60303 212200  780 156 3205      -48347    +39          66    +46   12  16  299  -95  261   -5  261   -5  10  0  0 L3E F2
E07 FF 60303 213800  780 765 2752     +949970    +20         412     +0    3  16   83   -1  229   -1  229   -1   2  0  0 L3E B2
E08 FF 60303 213800  780 435  493    +1978544    +17         236    -42    3  17  117  +11  225  +11  225   11   3  0  0 L3E F9
E13 FF 60303 213800  780 474 1702     +197837    -28         303    -28    3  17  110  +12  249   -3  249   -3   2  0  0 L3E E8
E26 FF 60303 213800  780 643 2853    -3202386   -102         384     +9    2  17   90   -2  236   +4  236    4   2  0  0 L3E CA
E33 FF 60303 213800  780 206 3197      -48294    +48         127    +55   13  17  229  -54  248  -14  248  -14  11  0  0 L3E 2F
E07 FF 60303 215400  780 785 3026     +949988    +22         412     +2    3  16   83   +0  228   -5  228   -5   3  0  0 L3E BE
E08 FF 60303 215400  780 385  517    +1978570    +41         206    -18    5  19  130  +14  222  -11  222  -11   4  0  0 L3E 00
E13 FF 60303 215400  780 407 1718     +197798    -35         261    -36    4  19  124  +17  256   +6  256    6   3  0  0 L3E F0
E26 FF 60303 215400  780 657 2706    -3202489   -109         387     +2    2  19   89   +0  241   +6  241    6   2  0  0 L3E D3
E33 FF 60303 215400  780 254 3181      -48275     +9         150    +15   14  19  188  -34  250  +16  250   16  11  0  0 L3E F9
E07 FF 60303 221000  780 781 3326     +950005    +17         405     -3    2  21   83   +0  226   -2  226   -2   2  0  0 L3E 93
E08 FF 60303 221000  780 337  546    +1978591     +0         170    -60    5  21  145  +18  226  +25  226   25   5  0  0 L3E EA
E13 FF 60303 221000  780 342 1731     +197753    -28         218    -29    5  21  143  +25  263   -8  263   -8   3  0  0 L3E E8
E26 FF 60303 221000  780 648 2551    -3202596   -118         387     -7    1  21   89   +1  244   +6  244    6   1  0  0 L3E CE
E33 FF 60303 221000  780 300 3154      -48244    +33         186    +39   10  21  161  -23  251   -8  251   -8   7  0  0 L3E D4
E02 FF 60303 222600  780 119  645     -896522    +41          -4    +73   19  22  383  -53  264  -49  264  -49  18  0  0 L3E 21
E07 FF 60303 222600  780 757 3567     +950019    +25         400     +5    3  22   83   +1  224  -13  224  -13   3  0  0 L3E C7
E08 FF 60303 222600  780 291  579    +1978619    +21         141    -38    9  22  166  +24  223  +10  223   10   8  0  0 L3E 03
E13 FF 60303 222600  780 278 1741     +197704    -46         168    -47    7  22  173  +37  275   +7  275    7   6  0  0 L3E F9
E26 FF 60303 222600  780 619 2417    -3202707   -129         382    -18    2  22   92   +3  246   +8  246    8   2  0  0 L3E E4
E33 FF 60303 222600  780 343 3116      -48217    +29         218    +36   14  22  143  -15  246   -9  246   -9  12  0  0 L3E FA
E02 FF 60303 224200  780 132  590     -896576    -81         -28    -49   16  22  346  -25  302  +67  302   67  14  0  0 L3E 1D
E07 FF 60303 224200  780 723  138     +950025     +4         386    -15    2  24   85   +2  223   +0  223    0   1  0  0 L3E 78
E08 FF 60303 224200  780 247  615    +1978641    +14         107    -45    8  24  192  +32  237  +27  237   27   8  0  0 L3E 0F
E13 FF 60303 224200  780 216 1748     +197655    -60         118    -61   14  24  218  +60  293  +40  293   40   8  0  0 L3E 16
E26 FF 60303 224200  780 575 2315    -3202830   -111         366     +0    2  22   96   +5  252   -9  252   -9   2  0  0 L3E CC
E33 FF 60303 224200  780 380 3065      -48187    +11         252    +17    5  24  131  -10  241   +8  241    8   4  0  0 L3E B6
E02 FF 60303 225800  780 138  536     -896582    -24          -4     +8   37  22  332   -5  292   +3  292    3  34  0  0 L3E C1
E07 FF 60303 225800  780 684  264     +950032     +9         374    -10    5  25   87   +2  222   -1  222   -1   5  0  0 L3E 99
E08 FF 60303 225800  780 205  653    +1978672    +38          80    -21    8  25  229  +45  254  +27  254   27   7  0  0 L3E 09
E13 FF 60303 225800  780 156 1751     +197616    -61          79    -62   22  25  297 +111  321  +57  321   57  20  0  0 L3E 2D
E26 FF 60303 225800  780 522 2241    -3202957   -144         346    -32    4  22  102   +8  256  +13  256   13   3  0  0 L3E 07
E30 FF 60303 225800  780 196 1056    +7716093   +347          70    +38   24  25  239  -49  302  -17  302  -17  20  0  0 L3E 4D
E33 FF 60303 225800  780 408 3001      -48179    +15         265    +21   11  25  124   -6  247   +3  247    3   9  0  0 L3E C4
E07 FF 60303 231400  780 645  364     +950033     -5         356    -25    3  27   90   +3  227  +14  227   14   3  0  0 L3E B1
E08 FF 60303 231400  780 165  693    +1978664    -24          14    -83   25  27  281  +66  318 +105  318  105  23  0  0 L3E 4A
E26 FF 60303 231400  780 464 2188    -3203096   -134         314    -23    6  22  111  +11  270   +8  270    8   6  0  0 L3E F3
E30 FF 60303 231400  780 235 1006    +7716406   +303          88     -6   10  27  202  -31  308  +33  308   33   7  0  0 L3E FF
E33 FF 60303 231400  780 426 2926      -48166    -17         283    -10    6  27  119   -3  248  +26  248   26   4  0  0 L3E EA
E07 FF 60303 233000  780 605  450     +950032     -4         337    -24    3  29   93   +4  240  +18  240   18   3  0  0 L3E A7
E26 FF 60303 233000  780 403 2148    -3203235   -146         273    -36    5  29  125  +16  292  +26  292   26   4  0  0 L3E 22
E30 FF 60303 233000  780 270  950    +7716737   +325         125    +17   14  29  178  -20  301   -8  301   -8  13  0  0 L3E 18
E33 FF 60303 233000  780 432 2844      -48165     +9         290    +15    6  29  118   +0  259   +1  259    1   4  0  0 L3E A5
E07 FF 60303 234600  780 565  527     +950030     -4         315    -24    3  30   97   +5  256  +22  256   22   3  0  0 L3E B3
E26 FF 60303 234600  780 342 2117    -3203386   -143         227    -32    5  30  143  +23  328  +28  328   28   4  0  0 L3E 20
E27 FF 60303 234600  780 197 1452    +2332310   +145          83    +51   12  30  239  -64  381  -36  381  -36   9  0  0 L3E 37
E30 FF 60303 234600  780 298  888    +7717048   +326         140    +18   11  30  162  -13  308  +13  308   13  11  0  0 L3E 33
E33 FF 60303 234600  780 426 2760      -48177    -21         283    -15    3  30  119   +3  281  +35  281   35   2  0  0 L3E DA
