CGGTTS     GENERIC DATA FORMAT VERSION = 2E
REV DATE = 2023-12-15                    
RCVR = TRIMBLE NETR9 5049K72188      R2CGGTTS v8.6    
CH = 12 
IMS = TRIMBLE NETR9 5049K72188      
LAB = CEPNT                         
X = -2154293.56 m 
Y = +4373452.74 m 
Z = +4098891.74 m 
FRAME = ITRF
COMMENTS =           no comments                   
TOT DLY =    0.0 ns (GAL E1),    0.0 ns (GAL E5a)
REF = ITRF10                        
CKSUM = 91

SAT CL  MJD  STTIME TRKL ELV AZTH   REFSV      SRSV     REFSYS    SRSYS  DSG IOE MDTR SMDT MDIO SMDI MSIO SMSI ISG FR HC FRC CK
             hhmmss  s  .1dg .1dg    .1ns     .1ps/s     .1ns    .1ps/s .1ns     .1ns.1ps/s.1ns.1ps/s.1ns.1ps/s.1ns
E04 FF 60303 000600  780 712 3506    +2878391    +79         404     -9    4  16   85   +0  185  +20  185   20   3  0  0 L3E DD
E09 FF 60303 000600  780 322 2814    +2749921   +174         222    +38    8  16  152  -17  224  +10  224   10   6  0  0 L3E 14
E10 FF 60303 000600  780 299 2124    +5889304    -30         210    -59    5  14  161  +30  280  +55  280   55   4  0  0 L3E 09
E11 FF 60303 000600  780 405 2448   -32750091   -108         294    -22    4  16  124  +12  232  +20  232   20   3  0  0 L3E 11
E19 FF 60303 000600  780 282  741    +9484013   -794         117    -36   17  16  170  +22  293  +42  293   42  16  0  0 L3E 40
E21 FF 60303 000600  780 258  617    +5705067     -1         111    -21    8  16  185   +2  290  +52  290   52   8  0  0 L3E D1
E36 FF 60303 000600  780 283 3051    +1623606   +124         199    +72   13  10  170   -9  212  -24  212  -24  10  0  0 L3E 25
E04 FF 60303 002200  780 711   82    +2878471    +84         401     -4    3  18   85   +0  201  +15  201   15   2  0  0 L3E 9B
E09 FF 60303 002200  780 360 2868    +2750075   +165         247    +28    8  18  137  -13  239   +7  239    7   7  0  0 L3E 15
E10 FF 60303 002200  780 239 2098    +5889284    -65         162    -94   11  14  198  +47  325  +85  325   85   8  0  0 L3E 48
E11 FF 60303 002200  780 357 2391   -32750207   -129         262    -43    3  17  138  +17  265  +41  265   41   2  0  0 L3E 2D
E19 FF 60303 002200  780 244  790    +9483266   -826         101    -68   25  18  194  +29  328 +103  328  103  25  0  0 L3E 6B
E21 FF 60303 002200  780 249  558    +5705066     +3          91    -16   15  18  191   +9  333  +25  333   25  15  0  0 L3E EB
E36 FF 60303 002200  780 293 2988    +1623660    +66         203    +14   10  18  164   -3  241  +15  241   15   8  0  0 L3E 07
E04 FF 60303 003800  780 701  252    +2878550    +86         396     -2    2  19   86   +1  215  +18  215   18   2  0  0 L3E CD
E09 FF 60303 003800  780 399 2922    +2750234   +158         276    +22    5  19  126  -11  243  +10  243   10   5  0  0 L3E 1C
E10 FF 60303 003800  780 182 2074    +5889272    -56         122    -85   13  14  256  +78  364  +65  364   65  12  0  0 L3E 4D
E11 FF 60303 003800  780 306 2342   -32750314   -127         238    -41    6  17  158  +25  290  +37  290   37   4  0  0 L3E 34
E21 FF 60303 003800  780 232  503    +5705093    -21         101    -40   15  19  204  +18  350  +88  350   88  19  0  0 L3E 17
E36 FF 60303 003800  780 294 2922    +1623703    +58         196     +6   14  19  164   +2  272  +13  272   13  10  0  0 L3E 0D
E04 FF 60303 005400  780 683  406    +2878624    +59         387    -29    4  21   87   +1  233  +28  233   28   3  0  0 L3E EF
E09 FF 60303 005400  780 440 2976    +2750390   +160         301    +24    3  21  116   -9  252   +8  252    8   2  0  0 L3E E1
E10 FF 60303 005400  780 126 2051    +5889239    -48          63    -77   19  21  362 +152  435 +104  435  104  18  0  0 L3E 60
E11 FF 60303 005400  780 253 2301   -32750442   -170         192    -84   14  17  188  +38  334  +89  334   89  14  0  0 L3E 67
E21 FF 60303 005400  780 207  454    +5705075    -54          67    -72   10  21  226  +30  406  +99  406   99   9  0  0 L3E 0B
E31 FF 60303 005400  780 258 1629     +123832    +88         153    +80   10  21  186  -42  343  -45  343  -45   9  0  0 L3E 22
E36 FF 60303 005400  780 285 2855    +1623771    +12         212    -40   12  20  169   +8  287  +45  287   45  10  0  0 L3E 27
E04 FF 60303 011000  780 660  544    +2878694    +70         372    -18    4  23   88   +2  249  +16  249   16   3  0  0 L3E EA
E09 FF 60303 011000  780 481 3031    +2750543   +160         323    +24    4  23  109   -7  259   -3  259   -3   3  0  0 L3E E9
E31 FF 60303 011000  780 318 1613     +123890    +63         203    +55    5  23  153  -28  331  -23  331  -23   5  0  0 L3E EE
E36 FF 60303 011000  780 266 2790    +1623796    +32         185    -20   11  23  179  +15  328  +34  328   34   7  0  0 L3E 28
E04 FF 60303 012600  780 632  665    +2878769    +75         362    -13    4  24   91   +3  263  +10  263   10   3  0  0 L3E DE
E09 FF 60303 012600  780 524 3087    +2750696   +170         344    +34    4  24  102   -6  267   -4  267   -4   3  0  0 L3E 00
E21 FF 60303 012600  780 139  380    +5705067     +4          24    -14   24  24  331  +91  475  +38  475   38  23  0  0 L3E 02
E31 FF 60303 012600  780 381 1594     +123940    +57         245    +49    6  24  131  -19  326   -5  326   -5   6  0  0 L3E EC
E34 FF 60303 012600  780 101 3228     +852132    +40          10    +19   35  23  446  -61  390  +33  390   33  34  0  0 L3E FB
E36 FF 60303 012600  780 240 2729    +1623848    +33         186    -19   13  24  198  +24  343  +53  343   53  12  0  0 L3E 3D
E04 FF 60303 014200  780 599  772    +2878840    +66         349    -22    3  26   93   +3  277  +36  277   36   3  0  0 L3E FF
E09 FF 60303 014200  780 569 3145    +2750848   +148         365    +11    3  26   97   -5  271  +11  271   11   2  0  0 L3E 03
E31 FF 60303 014200  780 444 1571     +123978    +53         277    +45    4  26  116  -14  329   -3  329   -3   3  0  0 L3E EA
E36 FF 60303 014200  780 207 2673    +1623860    +44         146     -9   13  26  227  +38  398  +32  398   32  11  0  0 L3E 30
E04 FF 60303 015800  780 563  867    +2878901    +68         325    -20    3  27   97   +4  307  +28  307   28   2  0  0 L3E F5
E05 FF 60303 015800  780 116 2955   -47037566    -22          49    +15   40  27  395 -136  430  +59  430   59  37  0  0 L3E 66
E09 FF 60303 015800  780 616 3206    +2750992   +153         378    +17    3  27   92   -4  284  +13  284   13   4  0  0 L3E 10
E31 FF 60303 015800  780 508 1540     +124028    +38         320    +30    3  27  104  -10  315   +1  315    1   2  0  0 L3E AE
E34 FF 60303 015800  780 114 3124     +852203     -2          41    -23   16  23  399   +6  439  +63  439   63  15  0  0 L3E EF
E36 FF 60303 015800  780 169 2622    +1623868    +37         104    -16   14  27  274  +63  455  +36  455   36  12  0  0 L3E 49
E04 FF 60303 021400  780 525  951    +2878961    +64         300    -24    4  29  102   +6  340  +17  340   17   3  0  0 L3E E4
E05 FF 60303 021400  780 158 2990   -47037549    -11         101    +26   19  29  295  -79  441  +32  441   32  15  0  0 L3E 55
E09 FF 60303 021400  780 664 3273    +2751136   +136         391     -1    3  29   88   -3  291  +21  291   21   3  0  0 L3E ED
E24 FF 60303 021400  780 176 1931    +5045163   +293          98    +84   16  29  266  -87  549  -54  549  -54  11  0  0 L3E 6B
E31 FF 60303 021400  780 569 1495     +124063    +43         350    +35    5  29   97   -7  325  -16  325  -16   4  0  0 L3E EE
E34 FF 60303 021400  780 108 3069     +852225    +28          42     +8   25  29  419  +37  468  +35  468   35  22  0  0 L3E 12
E04 FF 60303 023000  780 483 1026    +2879037    +75         291    -13    3  31  108   +7  345  +10  345   10   3  0  0 L3E EE
E05 FF 60303 023000  780 201 3022   -47037576    +30         108    +66   13  31  234  -51  472   -3  472   -3  12  0  0 L3E 17
E09 FF 60303 023000  780 713 3354    +2751279   +148         403    +11    2  31   85   -3  297   +7  297    7   2  0  0 L3E E2
E24 FF 60303 023000  780 235 1941    +5045425   +263         159    +53   12  31  202  -50  487  -49  487  -49  11  0  0 L3E 59
E31 FF 60303 023000  780 627 1427     +124094    +45         375    +37    3  31   91   -5  316  -16  316  -16   2  0  0 L3E DE
E04 FF 60303 024600  780 440 1094    +2879086    +54         255    -34    3  32  116  +10  378  +20  378   20   2  0  0 L3E 0E
E05 FF 60303 024600  780 247 3051   -47037565    +14         154    +51   13  32  193  -35  457  -34  457  -34  10  0  0 L3E 58
E09 FF 60303 024600  780 763 3464    +2751421   +143         414     +6    2  32   83   -2  298   -2  298   -2   2  0  0 L3E DB
E24 FF 60303 024600  780 296 1955    +5045663   +255         196    +45    9  32  164  -32  458  -42  458  -42   8  0  0 L3E 55
E31 FF 60303 024600  780 678 1321     +124117    +25         392    +17    1  32   87   -3  310  -11  310  -11   1  0  0 L3E C6
E04 FF 60303 030200  780 395 1155    +2879148    +56         232    -33    5  34  127  +13  395  +33  395   33   5  0  0 L3E 1B
E05 FF 60303 030200  780 294 3076   -47037568    +66         186   +103    6  34  164  -26  428  -93  428  -93   5  0  0 L3E 63
E09 FF 60303 030200  780 810   57    +2751552   +144         416     +7    2  33   82   -1  303   -5  303   -5   2  0  0 L3E 9C
E24 FF 60303 030200  780 358 1973    +5045903   +257         235    +47    5  34  138  -22  437  -12  437  -12   4  0  0 L3E 36
E31 FF 60303 030200  780 713 1160     +124132     +6         400     -2    3  34   85   -1  306   -3  306   -3   3  0  0 L3E 72
E04 FF 60303 031800  780 348 1209    +2879196    +49         195    -39   11  35  141  +17  429  +29  429   29  10  0  0 L3E 53
E05 FF 60303 031800  780 343 3095   -47037569     +2         219    +39    4  35  143  -19  397  -41  397  -41   3  0  0 L3E 3A
E09 FF 60303 031800  780 840  488    +2751687   +148         419    +11    2  33   81   +0  298   -3  298   -3   2  0  0 L3E EB
E24 FF 60303 031800  780 420 1995    +5046153   +238         285    +28    6  35  121  -15  405  -29  405  -29   4  0  0 L3E 3A
E31 FF 60303 031800  780 724  955     +124140    +11         400     +3    3  35   85   +0  299  -17  299  -17   2  0  0 L3E BD
E04 FF 60303 033400  780 300 1258    +2879240    +16         153    -72    8  37  161  +24  465  +78  465   78   7  0  0 L3E 26
E05 FF 60303 033400  780 395 3109   -47037564    +11         261    +47    8  37  127  -15  359  -44  359  -44   7  0  0 L3E 4C
E09 FF 60303 033400  780 822 1016    +2751820   +125         422    -12    3  33   82   +1  293   +4  293    4   3  0  0 L3E C7
E24 FF 60303 033400  780 484 2022    +5046391   +235         322    +26    3  37  108  -11  372  -21  372  -21   2  0  0 L3E 1B
E31 FF 60303 033400  780 707  763     +124140    -10         393    -18    4  37   86   +2  292   -2  292   -2   3  0  0 L3E AA
E04 FF 60303 035000  780 251 1302    +2879305    +11         133    -77   11  39  190  +36  505 +107  505  107  11  0  0 L3E 43
E05 FF 60303 035000  780 447 3114   -47037572    -39         290     -2    7  39  115  -11  340   -2  340   -2   6  0  0 L3E F3
E09 FF 60303 035000  780 774 1264    +2751941   +122         414    -14    3  39   83   +2  295   +3  295    3   2  0  0 L3E DD
E24 FF 60303 035000  780 548 2056    +5046626   +238         357    +29    4  39   99   -8  341  -26  341  -26   4  0  0 L3E 26
E31 FF 60303 035000  780 670  627     +124133     -2         379    -10    3  39   88   +3  288  -13  288  -13   2  0  0 L3E C6
E04 FF 60303 040600  780 201 1341    +2879340    +43          84    -45   12  40  233  +57  595  +88  595   88  13  0  0 L3E 35
E05 FF 60303 040600  780 501 3108   -47037574    -24         324    +13    3  40  105   -9  318   +3  318    3   3  0  0 L3E DD
E09 FF 60303 040600  780 716 1384    +2752057   +128         398     -8    3  40   85   +3  302   +3  302    3   3  0  0 L3E C7
E24 FF 60303 040600  780 611 2099    +5046854   +228         384    +18    3  39   92   -6  320  -13  320  -13   3  0  0 L3E 0D
E31 FF 60303 040600  780 622  546     +124123     -7         364    -15    4  40   91   +4  285   +3  285    3   3  0  0 L3E 86
E05 FF 60303 042200  780 555 3087   -47037586    -32         347     +5    3  42   98   -7  306  +11  306   11   2  0  0 L3E F4
E09 FF 60303 042200  780 655 1458    +2752173   +111         382    -26    3  41   89   +5  311  +19  311   19   3  0  0 L3E FE
E24 FF 60303 042200  780 674 2155    +5047074   +213         402     +3    3  39   88   -4  308   +0  308    0   3  0  0 L3E BB
E25 FF 60303 042200  780 144 2233      +14899    +55         108    +60   19  42  322 -111  664 -111  664 -111  15  0  0 L3E 48
E31 FF 60303 042200  780 569  502     +124101    -31         335    -39    3  42   96   +6  295  +16  295   16   2  0  0 L3E C4
E03 FF 60303 043800  780 105 3157     +824268   +119          33    +93   18  43  436 -197  559  -90  559  -90  15  0  0 L3E 67
E05 FF 60303 043800  780 607 3043   -47037600    -18         368    +18    2  43   93   -5  305   -4  305   -4   2  0  0 L3E E9
E09 FF 60303 043800  780 592 1510    +2752278    +95         355    -41    4  41   94   +6  323  +26  323   26   3  0  0 L3E F8
E24 FF 60303 043800  780 735 2237    +5047286   +214         413     +4    3  39   84   -3  298   -3  298   -3   3  0  0 L3E EA
E25 FF 60303 043800  780 194 2269      +14923    +48         138    +53    9  43  243  -61  581  -80  581  -80   7  0  0 L3E 15
E31 FF 60303 043800  780 515  482     +124079     -3         305    -11    5  43  103   +8  299   -9  299   -9   5  0  0 L3E C1
E03 FF 60303 045400  780 154 3162     +824344   +141          85   +115   21  45  303  -96  500  -98  500  -98  19  0  0 L3E 48
E05 FF 60303 045400  780 653 2964   -47037615    -21         389    +16    3  45   89   -3  295   +3  295    3   3  0  0 L3E FA
E09 FF 60303 045400  780 529 1550    +2752385   +109         328    -27    4  45  101   +9  332  +10  332   10   3  0  0 L3E 07
E24 FF 60303 045400  780 791 2380    +5047501   +227         429    +17    4  45   82   -2  289  -25  289  -25   3  0  0 L3E 21
E25 FF 60303 045400  780 243 2308      +14956    +31         177    +37   10  45  196  -38  498  -66  498  -66   8  0  0 L3E 37
E31 FF 60303 045400  780 460  478     +124053    -30         273    -37    6  45  112  +10  312   +1  312    1   5  0  0 L3E A8
E03 FF 60303 051000  780 203 3161     +824404    +68         120    +42   15  47  233  -55  476  -41  476  -41   9  0  0 L3E 16
E05 FF 60303 051000  780 689 2839   -47037641    -33         399     +3    3  47   87   -2  300  -11  300  -11   3  0  0 L3E FE
E09 FF 60303 051000  780 465 1583    +2752482   +100         293    -37    3  47  111  +12  347  +25  347   25   3  0  0 L3E 20
E24 FF 60303 051000  780 835 2704    +5047703   +204         430     -5    3  46   81   -1  286   +1  286    1   4  0  0 L3E BD
E25 FF 60303 051000  780 291 2353      +14990    +35         217    +40    5  47  166  -26  450  -38  450  -38   4  0  0 L3E FC
E31 FF 60303 051000  780 407  485     +124018    -39         233    -46    5  47  124  +14  331  +34  331   34   5  0  0 L3E DC
E03 FF 60303 052600  780 251 3151     +824478    +51         169    +25   13  48  190  -35  421  -40  421  -40  11  0  0 L3E 22
E05 FF 60303 052600  780 707 2664   -47037668    -29         407     +7    3  48   86   +0  293   -6  293   -6   3  0  0 L3E FA
E09 FF 60303 052600  780 402 1609    +2752574    +98         254    -38    8  48  125  +17  379  +36  379   36   7  0  0 L3E 3F
E24 FF 60303 052600  780 837 3289    +5047902   +211         427     +2    3  46   81   +0  275  -12  275  -12   4  0  0 L3E FB
E25 FF 60303 052600  780 339 2403      +15009    +51         242    +57    6  48  145  -18  425  -52  425  -52   3  0  0 L3E F9
E31 FF 60303 052600  780 356  500     +123985    -51         193    -59    7  48  138  +18  347  +41  347   41   5  0  0 L3E FF
E03 FF 60303 054200  780 299 3132     +824534    +84         200    +58   11  50  162  -24  386  -54  386  -54   8  0  0 L3E 2A
E05 FF 60303 054200  780 699 2476   -47037705    -45         406     -8    2  50   86   +1  292   -6  292   -6   2  0  0 L3E F1
E09 FF 60303 054200  780 340 1630    +2752662    +92         210    -45    8  50  144  +24  425  +69  425   69   7  0  0 L3E 1A
E24 FF 60303 054200  780 797   27    +5048088   +192         412    -18    3  46   82   +1  276   +1  276    1   3  0  0 L3E C2
E25 FF 60303 054200  780 385 2458      +15049    +20         285    +26    8  49  130  -13  384   -9  384   -9   7  0  0 L3E ED
E31 FF 60303 054200  780 306  521     +123966    -13         166    -20    8  50  158  +23  352   -1  352   -1   5  0  0 L3E C3
E03 FF 60303 055800  780 344 3103     +824586    +72         226    +46    7  51  143  -16  369  -34  369  -34   5  0  0 L3E 20
E05 FF 60303 055800  780 668 2319   -47037751    -53         395    -17    3  51   88   +3  300  +19  300   19   2  0  0 L3E 12
E09 FF 60303 055800  780 279 1647    +2752747    +87         163    -50    6  51  172  +35  497  +80  497   80   5  0  0 L3E 43
E24 FF 60303 055800  780 748  181    +5048278   +196         400    -14    3  46   84   +2  276   -3  276   -3   3  0  0 L3E EA
E25 FF 60303 055800  780 429 2520      +15062    +23         304    +29    3  49  119  -10  363  -31  363  -31   2  0  0 L3E EC
E31 FF 60303 055800  780 259  547     +123916    -43         109    -50    5  51  184  +32  392  +32  392   32   4  0  0 L3E F4
E03 FF 60303 061400  780 385 3060     +824648    +77         261    +51    6  53  130  -11  338  -28  338  -28   5  0  0 L3E 15
E05 FF 60303 061400  780 621 2210   -47037797    -59         385    -22    2  53   91   +5  303  +11  303   11   2  0  0 L3E F4
E09 FF 60303 061400  780 219 1660    +2752833    +76         118    -61   13  52  215  +57  578 +111  578  111  12  0  0 L3E 62
E24 FF 60303 061400  780 697  277    +5048462   +187         386    -23    3  53   86   +3  276   +8  276    8   3  0  0 L3E F0
E25 FF 60303 061400  780 472 2587      +15082    +18         329    +23    5  49  110   -8  346  -17  346  -17   4  0  0 L3E F3
E31 FF 60303 061400  780 213  577     +123903    -47          90    -54    9  53  220  +45  397  +43  397   43   8  0  0 L3E EC
E03 FF 60303 063000  780 419 3004     +824703    +71         291    +45    8  55  121   -7  327  -40  327  -40   6  0  0 L3E F1
E05 FF 60303 063000  780 565 2138   -47037858    -44         359     -7    4  53   97   +7  318   -6  318   -6   3  0  0 L3E FC
E24 FF 60303 063000  780 648  351    +5048642   +168         364    -41    2  55   89   +4  271  +21  271   21   2  0  0 L3E EE
E25 FF 60303 063000  780 513 2662      +15102    +31         354    +36    6  55  104   -6  318  -32  318  -32   6  0  0 L3E D6
E31 FF 60303 063000  780 170  610     +123880    -17          61    -25   16  55  273  +67  397   -5  397   -5  16  0  0 L3E F3
E03 FF 60303 064600  780 445 2935     +824734    +32         297     +6    7  56  115   -4  323   +1  323    1   6  0  0 L3E BA
E05 FF 60303 064600  780 505 2088   -47037921    -74         331    -38    3  53  105  +10  332  +17  332   17   3  0  0 L3E 21
E24 FF 60303 064600  780 600  415    +5048822   +184         344    -25    6  56   93   +5  274   -1  274   -1   6  0  0 L3E DE
E25 FF 60303 064600  780 551 2745      +15111    +15         369    +20    7  56   99   -5  307  -27  307  -27   5  0  0 L3E E3
E31 FF 60303 064600  780 128  646     +123849    -46          23    -53   48  56  356 +110  402   +3  402    3  47  0  0 L3E F0
E33 FF 60303 064600  780 108  442      -48062   -108           8   -101   32  56  417   +8  419  +76  419   76  32  0  0 L3E FC
E03 FF 60303 070200  780 460 2855     +824770    +14         308    -13    5  58  112   -2  316  +14  316   14   4  0  0 L3E DF
E05 FF 60303 070200  780 443 2054   -47037989    -67         292    -30    4  58  116  +13  354  +19  354   19   4  0  0 L3E 3A
E12 FF 60303 070200  780 216  916    +8336647   +201          73    +36   23  58  218  -34  405  -63  405  -63  22  0  0 L3E 34
E24 FF 60303 070200  780 554  474    +5048994   +170         315    -39    4  58   98   +6  275   +7  275    7   4  0  0 L3E EF
E25 FF 60303 070200  780 586 2837      +15114     +3         378     +9    4  58   95   -4  293  -13  293  -13   3  0  0 L3E C3
E02 FF 60303 073000  780 183 2679     -894712    +36         111    +67   16  58  255  -51  490  -85  490  -85  11  0  0 L3E 4E
E03 FF 60303 073000  780 455 2703     +824826    +23         319     -4    5  61  113   +3  297   +0  297    0   4  0  0 L3E B0
E05 FF 60303 073000  780 335 2011   -47038124    -64         218    -28    9  61  146  +24  392   +9  392    9   8  0  0 L3E 0E
E08 FF 60303 073000  780 165 3195    +1975413    +50         108     -8   10  55  283  -60  435  -27  435  -27   7  0  0 L3E 2D
E10 FF 60303 073000  780 268 1087    +5890003    +76         130    +47   13  61  179  -28  361  -83  361  -83  11  0  0 L3E 4A
E12 FF 60303 073000  780 267  812    +8336968   +187         119    +23   11  61  179  -15  331  -30  331  -30  10  0  0 L3E 3F
E24 FF 60303 073000  780 477  572    +5049301   +178         270    -32    4  61  109   +8  269   -2  269   -2   3  0  0 L3E F2
E25 FF 60303 073000  780 641 3026      +15123     +6         397    +12    3  61   90   -2  264  -24  264  -24   2  0  0 L3E B2
E02 FF 60303 074600  780 221 2728     -894697    -40         156     -9   16  58  214  -35  432  -11  432  -11   9  0  0 L3E 1F
E03 FF 60303 074600  780 436 2619     +824836    +32         303     +6    4  62  117   +6  305  -22  305  -22   4  0  0 L3E E0
E05 FF 60303 074600  780 274 1992   -47038190    -83         186    -47    9  61  175  +36  410  +39  410   39   8  0  0 L3E 4A
E08 FF 60303 074600  780 197 3155    +1975468   +123         109    +64   13  62  239  -35  410  -76  410  -76   9  0  0 L3E 61
E10 FF 60303 074600  780 310 1032    +5890047    +81         146    +51   10  62  157  -19  333  -66  333  -66   9  0  0 L3E 32
E11 FF 60303 074600  780 241 1336   -32752606    -63         133    +22   26  62  198  -43  387  -71  387  -71  25  0  0 L3E 6A
E12 FF 60303 074600  780 285  747    +8337139   +169         134     +5   10  62  169   -8  310   -5  310   -5   8  0  0 L3E F7
E24 FF 60303 074600  780 436  626    +5049479   +184         247    -25    6  61  117   +9  264   -1  264   -1   5  0  0 L3E FF
E25 FF 60303 074600  780 666 3153      +15121     +0         400     +6    3  62   88   -2  252  -18  252  -18   3  0  0 L3E A6
E02 FF 60303 080200  780 258 2779     -894704    -13         178    +18   18  58  185  -26  390  -58  390  -58  11  0  0 L3E 5D
E03 FF 60303 080200  780 406 2544     +824844     -9         285    -36    7  64  124   +9  306   +4  306    4   6  0  0 L3E C1
E05 FF 60303 080200  780 215 1975   -47038279    -76         132    -40    8  61  219  +57  470  +64  470   64   6  0  0 L3E 40
E08 FF 60303 080200  780 222 3108    +1975563    +71         145    +12   14  64  212  -21  362  -15  362  -15  10  0  0 L3E 2F
E10 FF 60303 080200  780 346  970    +5890105    +20         177     -9    6  64  142  -12  298   +9  298    9   5  0  0 L3E E0
E11 FF 60303 080200  780 295 1297   -32752656    -84         163     +0   24  64  164  -28  333  -13  333  -13  23  0  0 L3E 49
E12 FF 60303 080200  780 295  680    +8337304   +170         142     +6   11  64  164   -2  289  -25  289  -25  10  0  0 L3E 22
E24 FF 60303 080200  780 395  680    +5049643   +165         211    -44    6  61  127  +11  268   +7  268    7   4  0  0 L3E FA
E25 FF 60303 080200  780 687 3296      +15117     -3         400     +3    3  64   87   -1  237  -18  237  -18   2  0  0 L3E B6
E02 FF 60303 081800  780 296 2829     -894714    +11         201    +42   14  65  163  -20  343  -63  343  -63  11  0  0 L3E 33
E03 FF 60303 081800  780 368 2479     +824844     -7         260    -33    6  64  135  +13  306   +8  306    8   5  0  0 L3E DD
E05 FF 60303 081800  780 159 1957   -47038355   -120          91    -84   26  61  291  +99  545 +144  545  144  22  0  0 L3E 93
E08 FF 60303 081800  780 240 3055    +1975627    +65         152     +6   14  65  197  -11  343  -20  343  -20  10  0  0 L3E 2E
E10 FF 60303 081800  780 375  899    +5890152    +63         196    +34    6  64  133   -8  274  -47  274  -47   6  0  0 L3E 26
E11 FF 60303 081800  780 348 1253   -32752688    -59         211    +26   12  64  142  -19  290  -18  290  -18   9  0  0 L3E 5B
E12 FF 60303 081800  780 294  614    +8337469   +160         150     -4    9  65  164   +3  263  -16  263  -16   8  0  0 L3E 0D
E24 FF 60303 081800  780 356  734    +5049817   +176         184    -33    7  61  138  +14  262   -4  262   -4   6  0  0 L3E 0F
E25 FF 60303 081800  780 701 3454      +15110     -2         399     +4    3  65   86   -1  225  -15  225  -15   2  0  0 L3E AA
E02 FF 60303 083400  780 335 2881     -894714    +25         233    +57    9  67  146  -16  296  -66  296  -66   8  0  0 L3E 3F
E03 FF 60303 083400  780 325 2422     +824849    +16         239    -11    7  64  150  +19  305  -24  305  -24   5  0  0 L3E 0A
E08 FF 60303 083400  780 250 2996    +1975705    +58         172     -1    7  67  190   -4  303  -15  303  -15   7  0  0 L3E 0D
E10 FF 60303 083400  780 394  823    +5890195    +17         211    -12    6  64  127   -4  251   -2  251   -2   6  0  0 L3E D3
E11 FF 60303 083400  780 399 1200   -32752748    -64         231    +21    6  67  126  -13  263  -15  263  -15   5  0  0 L3E 35
E12 FF 60303 083400  780 283  551    +8337593   +135         117    -29    5  66  170   +9  274   -4  274   -4   5  0  0 L3E FE
E24 FF 60303 083400  780 318  787    +5049993   +200         159     -9    6  61  153  +17  253  -21  253  -21   6  0  0 L3E 1E
E25 FF 60303 083400  780 708   24      +15101     +7         395    +12    2  67   86   +0  217  -24  217  -24   1  0  0 L3E 92
E02 FF 60303 085000  780 375 2932     -894723     -8         254    +23    6  67  133  -13  267  -40  267  -40   5  0  0 L3E 0C
E03 FF 60303 085000  780 278 2374     +824833    -42         198    -68    6  64  173  +28  317  +26  317   26   5  0  0 L3E 1E
E08 FF 60303 085000  780 250 2935    +1975770   +102         179    +43   12  69  190   +3  288  -40  288  -40   9  0  0 L3E 48
E10 FF 60303 085000  780 402  743    +5890226    +53         215    +24    7  64  125   -1  234  -37  234  -37   7  0  0 L3E F7
E11 FF 60303 085000  780 445 1135   -32752790    -66         270    +18    3  69  115   -9  229  -20  229  -20   2  0  0 L3E 25
E12 FF 60303 085000  780 263  494    +8337746   +169         115     +6   12  69  182  +16  249  -41  249  -41  12  0  0 L3E 44
E24 FF 60303 085000  780 280  840    +5050163   +209         129     -1   15  69  171  +22  253  -37  253  -37  13  0  0 L3E 2B
E25 FF 60303 085000  780 706  198      +15093    -12         393     -6    2  69   86   +0  207  -11  207  -11   1  0  0 L3E AD
E36 FF 60303 085000  780 209 1671    +1625174   +100         108    +48    9  69  226  -64  391 -103  391 -103   9  0  0 L3E 5F
E02 FF 60303 090600  780 416 2983     -894725     -2         282    +30    5  67  122  -10  239  -29  239  -29   5  0  0 L3E 11
E03 FF 60303 090600  780 229 2331     +824819    -44         161    -71   10  70  206  +43  317  +22  317   22   7  0  0 L3E 07
E08 FF 60303 090600  780 242 2873    +1975813    +97         164    +38   23  70  196  +10  289  -24  289  -24  17  0  0 L3E 68
E10 FF 60303 090600  780 397  665    +5890248    +18         217    -10    6  70  126   +3  218  -17  218  -17   6  0  0 L3E 09
E11 FF 60303 090600  780 483 1057   -32752852    -51         289    +33    4  70  108   -6  213  -31  213  -31   4  0  0 L3E 1C
E12 FF 60303 090600  780 235  444    +8337878   +148          91    -16    9  70  202  +26  239  -22  239  -22   8  0  0 L3E 22
E24 FF 60303 090600  780 242  891    +5050314   +159          80    -51   15  70  196  +29  260  +11  260   11  13  0  0 L3E 17
E25 FF 60303 090600  780 696  366      +15081     -5         387     +0    2  70   86   +1  197  -18  197  -18   2  0  0 L3E B6
E36 FF 60303 090600  780 271 1659    +1625269   +120         153    +68   10  70  178  -39  313  -63  313  -63   9  0  0 L3E 55
E02 FF 60303 092200  780 458 3034     -894737    -11         301    +21    5  67  113   -9  223  -14  223  -14   4  0  0 L3E F1
E03 FF 60303 092200  780 180 2292     +824818    -41         137    -67   12  72  259  +69  311  +31  311   31   9  0  0 L3E 15
E08 FF 60303 092200  780 225 2812    +1975861    +34         155    -25   10  72  210  +19  288  +14  288   14   8  0  0 L3E 2F
E10 FF 60303 092200  780 381  593    +5890269    +25         210     -4    5  72  131   +6  200  -19  200  -19   5  0  0 L3E DE
E11 FF 60303 092200  780 511  966   -32752916    -76         306     +8    3  72  104   -3  192  -11  192  -11   2  0  0 L3E FA
E12 FF 60303 092200  780 200  404    +8338016   +144          72    -20   18  72  234  +43  218  -15  218  -15  17  0  0 L3E 1F
E25 FF 60303 092200  780 678  520      +15064    -18         375    -13    4  70   87   +1  193  -10  193  -10   3  0  0 L3E C0
E36 FF 60303 092200  780 334 1648    +1625377    +68         210    +15    7  72  147  -26  263   +0  263    0   7  0  0 L3E F3
E02 FF 60303 093800  780 503 3085     -894741    -16         326    +15    3  67  105   -7  204   -4  204   -4   3  0  0 L3E D7
E03 FF 60303 093800  780 132 2257     +824782    -38          77    -64   17  73  348 +124  349  +52  349   52  16  0  0 L3E 47
E08 FF 60303 093800  780 201 2755    +1975912    +32         150    -27   16  73  233  +31  285  +11  285   11  12  0  0 L3E 33
E10 FF 60303 093800  780 355  530    +5890279     -3         194    -31    6  73  139  +11  187   -4  187   -4   5  0  0 L3E ED
E11 FF 60303 093800  780 525  864   -32752991    -87         312     -4    4  73  102   -1  179   -9  179   -9   3  0  0 L3E FA
E25 FF 60303 093800  780 653  656      +15049    -15         366    -10    2  70   89   +2  183   -6  183   -6   2  0  0 L3E AF
E36 FF 60303 093800  780 399 1635    +1625464    +96         246    +44    6  73  126  -18  244  -18  244  -18   5  0  0 L3E 45
E02 FF 60303 095400  780 549 3136     -894746    -14         353    +17    2  75   99   -6  188   -6  188   -6   2  0  0 L3E F3
E08 FF 60303 095400  780 171 2701    +1975933    +55         115     -4   15  75  272  +51  303   -5  303   -5  13  0  0 L3E 0C
E10 FF 60303 095400  780 321  479    +5890279     -2         167    -31    7  74  152  +16  182   +2  182    2   7  0  0 L3E D6
E11 FF 60303 095400  780 523  760   -32753080    -66         307    +17    5  75  102   +1  175  -28  175  -28   4  0  0 L3E 16
E25 FF 60303 095400  780 623  776      +15031    -27         353    -21    3  70   91   +3  177   +1  177    1   2  0  0 L3E 8D
E36 FF 60303 095400  780 466 1618    +1625554    +75         284    +22    3  75  111  -13  227   -3  227   -3   2  0  0 L3E 01
E02 FF 60303 101000  780 597 3188     -894759    -18         369    +14    4  77   94   -5  179   -9  179   -9   4  0  0 L3E FF
E10 FF 60303 101000  780 280  440    +5890272    -10         133    -39    9  74  171  +25  182   -5  182   -5   8  0  0 L3E E0
E11 FF 60303 101000  780 507  666   -32753171   -112         300    -28    4  76  104   +4  167   +2  167    2   3  0  0 L3E DA
E25 FF 60303 101000  780 588  881      +15009    -36         339    -30    2  77   94   +4  172   +8  172    8   2  0  0 L3E 9B
E36 FF 60303 101000  780 533 1594    +1625641    +71         319    +18    3  77  101   -9  209   +0  209    0   3  0  0 L3E CE
E02 FF 60303 102600  780 647 3243     -894777    -10         381    +21    2  78   89   -4  173  -13  173  -13   1  0  0 L3E F3
E10 FF 60303 102600  780 235  411    +5890278    -54         111    -83   13  74  201  +38  166  +36  166   36  12  0  0 L3E 1F
E11 FF 60303 102600  780 478  586   -32753266   -101         285    -17    6  76  109   +6  157  -11  157  -11   4  0  0 L3E 2D
E25 FF 60303 102600  780 549  972      +14976    -31         312    -25    3  78   99   +5  178   +0  178    0   2  0  0 L3E A6
E30 FF 60303 102600  780 144 3007    +7702205   +353          92    +45   21  78  321  -95  256  -58  256  -58  16  0  0 L3E 4E
E34 FF 60303 102600  780 166 1964     +852920    +41         110    +20   16  76  283  -99  309  -45  309  -45  12  0  0 L3E 3C
E36 FF 60303 102600  780 599 1557    +1625720    +89         347    +36    2  78   94   -6  197  -24  197  -24   1  0  0 L3E 25
E02 FF 60303 104200  780 699 3303     -894797    -17         391    +15    2  80   86   -3  170   -9  170   -9   2  0  0 L3E DC
E10 FF 60303 104200  780 188  393    +5890260     -2          65    -31   12  80  249  +63  175   -7  175   -7  11  0  0 L3E EE
E11 FF 60303 104200  780 440  525   -32753379   -107         253    -23    6  76  116   +9  160   -7  160   -7   4  0  0 L3E FB
E25 FF 60303 104200  780 507 1052      +14949    -12         291     -6    5  80  104   +7  177  -13  177  -13   5  0  0 L3E D0
E30 FF 60303 104200  780 188 3038    +7702514   +291         106    -18   18  80  249  -59  236  +17  236   17  17  0  0 L3E 56
E34 FF 60303 104200  780 225 1979     +852970    +59         139    +37    9  76  211  -55  271  -33  271  -33   6  0  0 L3E 27
E36 FF 60303 104200  780 662 1495    +1625795    +69         371    +16    2  80   88   -4  187   -5  187   -5   2  0  0 L3E F7
E02 FF 60303 105800  780 753 3379     -894813    -26         405     +5    3  80   84   -2  166   +5  166    5   3  0  0 L3E B9
E10 FF 60303 105800  780 139  383    +5890266    +45          44    +16   18  81  331 +116  153  -52  153  -52  17  0  0 L3E 35
E11 FF 60303 105800  780 395  481   -32753484   -134         229    -51    4  76  127  +13  156  +13  156   13   3  0  0 L3E 2C
E25 FF 60303 105800  780 463 1123      +14923    -38         270    -32    6  81  112   +9  173  +10  173   10   5  0  0 L3E C9
E30 FF 60303 105800  780 234 3065    +7702849   +329         146    +21   13  81  203  -40  211  -12  211  -12   9  0  0 L3E 2E
E34 FF 60303 105800  780 285 1999     +853036    +78         186    +57    7  76  169  -34  236  -40  236  -40   6  0  0 L3E 3A
E36 FF 60303 105800  780 718 1383    +1625860    +59         386     +6    2  81   85   -3  182   -1  182   -1   2  0  0 L3E D4
E02 FF 60303 111400  780 808 3502     -894839    -32         409     -1    3  80   82   -1  166   +3  166    3   2  0  0 L3E A6
E11 FF 60303 111400  780 346  452   -32753606   -149         189    -65   10  83  142  +18  157  +25  157   25   9  0  0 L3E 46
E25 FF 60303 111400  780 416 1185      +14884    -65         236    -59    4  83  121  +12  181  +28  181   28   3  0  0 L3E F1
E30 FF 60303 111400  780 282 3088    +7703188   +333         187    +25    9  83  171  -28  179   +3  179    3   8  0  0 L3E 1B
E34 FF 60303 111400  780 346 2024     +853091    +64         224    +43    7  83  142  -23  220  -16  220  -16   5  0  0 L3E F7
E36 FF 60303 111400  780 757 1186    +1625922    +60         397     +7    3  83   83   -1  173   -9  173   -9   2  0  0 L3E DA
E02 FF 60303 113000  780 856  253     -894866    -25         413     +7    2  80   81   +0  163   -5  163   -5   2  0  0 L3E A0
E11 FF 60303 113000  780 295  436   -32753716   -137         161    -53    7  85  163  +26  151   +4  151    4   7  0  0 L3E 01
E25 FF 60303 113000  780 368 1241      +14851    -58         207    -52    5  85  135  +16  184  +14  184   14   5  0  0 L3E EB
E30 FF 60303 113000  780 332 3105    +7703512   +311         214     +3   10  85  147  -21  172  +15  172   15   8  0  0 L3E FF
E34 FF 60303 113000  780 408 2055     +853159    +83         272    +62    8  85  124  -16  200  -40  200  -40   7  0  0 L3E FF
E36 FF 60303 113000  780 766  909    +1625972    +39         396    -14    3  85   83   +0  168   +2  168    2   3  0  0 L3E CF
E02 FF 60303 114600  780 849 1088     -894897    -32         418     +0    2  86   81   +1  161   -8  161   -8   2  0  0 L3E C9
E11 FF 60303 114600  780 244  430   -32753839   -130         119    -46   30  86  194  +39  151   +8  151    8  30  0  0 L3E 29
E25 FF 60303 114600  780 318 1290      +14811    -72         173    -66    8  86  153  +22  185  +30  185   30   6  0  0 L3E F0
E30 FF 60303 114600  780 384 3116    +7703849   +347         255    +39    5  86  130  -16  156  -11  156  -11   4  0  0 L3E 3B
E34 FF 60303 114600  780 470 2093     +853211    +54         303    +33    4  86  111  -12  194   -4  194   -4   3  0  0 L3E DC
E36 FF 60303 114600  780 740  675    +1626017    +39         390    -14    2  85   84   +2  162   -7  162   -7   3  0  0 L3E CE
E02 FF 60303 120200  780 795 1368     -894937    -47         409    -15    3  88   82   +2  163   +5  163    5   3  0  0 L3E D1
E25 FF 60303 120200  780 268 1334      +14775    -29         143    -23   10  88  179  +32  183  -10  183  -10   9  0  0 L3E 0B
E30 FF 60303 120200  780 437 3118    +7704172   +318         283    +10   10  88  117  -12  155  +15  155   15   8  0  0 L3E 29
E34 FF 60303 120200  780 531 2140     +853268    +57         340    +36    3  86  101   -8  181  -10  181  -10   2  0  0 L3E E3
E36 FF 60303 120200  780 693  541    +1626051    +32         373    -21    3  85   86   +3  159   -1  159   -1   2  0  0 L3E BF
E02 FF 60303 121800  780 733 1470     -894979    -51         399    -19    3  89   84   +3  161   +4  161    4   2  0  0 L3E D4
E25 FF 60303 121800  780 216 1372      +14743    -54         116    -48   10  89  217  +50  174   +8  174    8   9  0  0 L3E E6
E30 FF 60303 121800  780 491 3109    +7704499   +344         314    +36    5  89  107   -9  147  -10  147  -10   5  0  0 L3E 2C
E34 FF 60303 121800  780 592 2199     +853311    +52         363    +31    4  86   94   -6  175  -12  175  -12   4  0  0 L3E F5
E36 FF 60303 121800  780 639  474    +1626076    +43         348    -10    3  85   90   +4  158  -16  158  -16   3  0  0 L3E FB
E02 FF 60303 123400  780 670 1530     -895027    -48         381    -16    2  89   88   +4  163   -6  163   -6   2  0  0 L3E D5
E15 FF 60303 123400  780 135 2261     +765875    +68          83    +47   17  85  344 -123  297  -68  297  -68  15  0  0 L3E 62
E25 FF 60303 123400  780 165 1406      +14678    -17          55    -12    8  91  281  +87  195  -18  195  -18   7  0  0 L3E 04
E30 FF 60303 123400  780 544 3083    +7704817   +331         337    +23    3  91  100   -7  150   -5  150   -5   3  0  0 L3E E9
E34 FF 60303 123400  780 650 2276     +853353    +37         385    +16    3  86   89   -4  166   -7  166   -7   3  0  0 L3E E2
E36 FF 60303 123400  780 582  445    +1626102     +6         323    -47    3  85   95   +6  155  +13  155   13   2  0  0 L3E C7
E02 FF 60303 125000  780 605 1572     -895085    -64         354    -32    3  89   93   +6  167   +7  167    7   2  0  0 L3E D1
E15 FF 60303 125000  780 183 2300     +765936    +90         130    +70    8  93  256  -66  248  -56  248  -56   7  0  0 L3E 25
E30 FF 60303 125000  780 594 3035    +7705134   +334         357    +26    4  93   94   -5  149   -3  149   -3   3  0  0 L3E F3
E34 FF 60303 125000  780 704 2384     +853382    +38         396    +17    3  93   86   -3  164  -11  164  -11   2  0  0 L3E F1
E36 FF 60303 125000  780 525  438    +1626126    +32         299    -20    3  93  102   +8  149  -13  149  -13   4  0  0 L3E F9
E02 FF 60303 130600  780 540 1605     -895144    -59         325    -27    3  89  100   +9  169   -3  169   -3   3  0  0 L3E E4
E15 FF 60303 130600  780 231 2344     +765985    +58         161    +37    9  94  206  -41  231  -24  231  -24   9  0  0 L3E 16
E27 FF 60303 130600  780 135 3178    +2328678    +53          69    -41   28  92  343 -124  148  +52  148   52  24  0  0 L3E 4E
E30 FF 60303 130600  780 639 2953    +7705449   +333         376    +25    2  94   90   -3  146  -10  146  -10   2  0  0 L3E 13
E34 FF 60303 130600  780 751 2546     +853414    +22         406     +1    3  94   84   -2  157   +2  157    2   2  0  0 L3E 9E
E36 FF 60303 130600  780 470  444    +1626139    +34         264    -18    6  94  110  +10  151  -15  151  -15   5  0  0 L3E FF
E02 FF 60303 132200  780 475 1631     -895202    -76         293    -44    5  96  109  +12  170   +8  170    8   4  0  0 L3E E4
E15 FF 60303 132200  780 277 2393     +766037    +69         193    +49   10  95  174  -27  213  -39  213  -39   8  0  0 L3E 3D
E27 FF 60303 132200  780 184 3176    +2328778   +204          79   +111   11  92  255  -67  170  -76  170  -76   9  0  0 L3E 5E
E30 FF 60303 132200  780 672 2830    +7705756   +324         388    +16    2  96   88   -2  149   -3  149   -3   2  0  0 L3E FE
E34 FF 60303 132200  780 784 2797     +853432    +19         404     -2    2  96   83   -1  159   -3  159   -3   1  0  0 L3E C4
E36 FF 60303 132200  780 416  459    +1626144    +24         219    -29    4  96  121  +13  162   -2  162   -2   4  0  0 L3E E0
E02 FF 60303 133800  780 410 1653     -895276    -75         249    -43    5  97  123  +16  178   +3  178    3   5  0  0 L3E F6
E15 FF 60303 133800  780 322 2446     +766094    +52         231    +31    8  95  151  -19  196  -15  196  -15   6  0  0 L3E 1E
E27 FF 60303 133800  780 232 3165    +2328931   +157         143    +64   10  92  205  -41  135  -16  135  -16   8  0  0 L3E 41
E30 FF 60303 133800  780 686 2668    +7706062   +317         399     +9    3  97   87   +0  147   -6  147   -6   2  0  0 L3E FF
E34 FF 60303 133800  780 791 3127     +853451    +19         402     -2    2  97   82   +0  154   -7  154   -7   2  0  0 L3E B8
E36 FF 60303 133800  780 364  481    +1626157    +19         182    -34    4  97  136  +17  165   +0  165    0   4  0  0 L3E E5
E02 FF 60303 135400  780 347 1670     -895344    -75         212    -44    5  99  142  +23  179   -2  179   -2   4  0  0 L3E FE
E15 FF 60303 135400  780 366 2505     +766139    +79         255    +59    7  95  136  -14  186  -36  186  -36   6  0  0 L3E 3A
E27 FF 60303 135400  780 279 3145    +2329054   +136         174    +43   12  99  172  -27  140   -7  140   -7  11  0  0 L3E 35
E30 FF 60303 135400  780 677 2496    +7706351   +303         393     -5    3  98   87   +1  152   +1  152    1   2  0  0 L3E D1
E34 FF 60303 135400  780 772 3419     +853461     +1         392    -20    2  99   83   +1  154   +6  154    6   2  0  0 L3E AC
E36 FF 60303 135400  780 315  509    +1626187    +46         163     -7    6  98  154  +22  152  -25  152  -25   5  0  0 L3E 07
E02 FF 60303 141000  780 285 1684     -895419    -96         168    -65    8 101  169  +34  175  +23  175   23   7  0  0 L3E 30
E15 FF 60303 141000  780 408 2569     +766192    +58         286    +38    5 101  124  -11  166  -15  166  -15   4  0  0 L3E 27
E27 FF 60303 141000  780 323 3115    +2329174    +55         202    -38    9 101  151  -18  137  +60  137   60   8  0  0 L3E 16
E30 FF 60303 141000  780 647 2352    +7706641   +288         388    -20    4  98   89   +3  151  +10  151   10   4  0  0 L3E 02
E34 FF 60303 141000  780 736   18     +853473     +6         385    -14    3 101   84   +2  146   -2  146   -2   2  0  0 L3E 96
E36 FF 60303 141000  780 268  540    +1626183     -5         108    -57    7  98  178  +29  172  +27  172   27   5  0  0 L3E 06
E02 FF 60303 142600  780 224 1694     -895497    -62         121    -30   12 102  210  +54  180  -15  180  -15   9  0  0 L3E 29
E09 FF 60303 142600  780 109  590    +2756707   +117         -30    -19   31 102  416  -46  183  +20  183   20  29  0  0 L3E 41
E15 FF 60303 142600  780 448 2639     +766227    +46         303    +26    5 102  115   -8  164  -15  164  -15   5  0  0 L3E 13
E27 FF 60303 142600  780 363 3072    +2329288   +105         226    +11    5 102  136  -12  136  +20  136   20   5  0  0 L3E 1D
E30 FF 60303 142600  780 601 2247    +7706914   +284         365    -24    3  98   93   +5  161   +9  161    9   3  0  0 L3E ED
E34 FF 60303 142600  780 695  155     +853475     +1         368    -19    2 102   86   +2  147   +3  147    3   2  0  0 L3E AD
E36 FF 60303 142600  780 224  575    +1626205    +60          80     +7   13  98  211  +40  171  -26  171  -26  12  0  0 L3E 02
E02 FF 60303 144200  780 165 1700     -895575    -42          72    -10   17 104  280  +96  190   -7  190   -7  12  0  0 L3E 0F
E15 FF 60303 144200  780 486 2714     +766256    +26         314     +6    5 104  108   -6  160   +1  160    1   4  0  0 L3E BD
E27 FF 60303 144200  780 396 3017    +2329406    +89         254     -4    7 104  127   -8  135  +27  135   27   5  0  0 L3E 0D
E30 FF 60303 144200  780 547 2175    +7707196   +268         351    -40    4 104   99   +7  152  +19  152   19   3  0  0 L3E 21
E34 FF 60303 144200  780 652  259     +853473     -6         347    -26    4 104   89   +3  150   +6  150    6   3  0  0 L3E AC
E36 FF 60303 144200  780 181  613    +1626226    +27          48    -26   12 104  257  +58  165   +4  165    4  10  0  0 L3E FB
E05 FF 60303 145800  780 201 1005   -47039279    +19          63    +56   14 104  234  -43  172  -27  172  -27  11  0  0 L3E 53
E15 FF 60303 145800  780 521 2796     +766297    +38         335    +18    4 104  102   -5  152  -10  152  -10   3  0  0 L3E 0A
E27 FF 60303 145800  780 421 2950    +2329510   +110         269    +16    7 105  121   -5  139   -4  139   -4   5  0  0 L3E 07
E30 FF 60303 145800  780 488 2124    +7707457   +272         317    -36    3 105  107  +10  161   +6  161    6   3  0  0 L3E 10
E34 FF 60303 145800  780 610  345     +853477     -6         331    -27    4 104   92   +4  146   +4  146    4   3  0  0 L3E A8
E36 FF 60303 145800  780 141  653    +1626234    +47           6     -5   20 105  326  +90  178  -13  178  -13  18  0  0 L3E 12
E05 FF 60303 151400  780 236  952   -47039301    -24          73    +13    9 107  201  -27  187   +4  187    4   8  0  0 L3E F4
E09 FF 60303 151400  780 112  432    +2757128    -14           1   -150   23 107  403  +36  155 +123  155  123  22  0  0 L3E 2B
E15 FF 60303 151400  780 555 2886     +766324    +25         343     +5    3 107   98   -4  155   +2  155    2   3  0  0 L3E C0
E27 FF 60303 151400  780 435 2873    +2329606    +90         274     -4    3 107  117   -2  147  +15  147   15   3  0  0 L3E 02
E30 FF 60303 151400  780 427 2087    +7707714   +280         279    -28    6 107  119  +14  169   -7  169   -7   6  0  0 L3E 3D
E34 FF 60303 151400  780 568  421     +853472    -11         307    -31    3 107   97   +5  150  +11  150   11   2  0  0 L3E C6
E03 FF 60303 153000  780 172 1427     +825300   +100          61    +75   10 109  272  -81  179  -33  179  -33  10  0  0 L3E 30
E05 FF 60303 153000  780 267  895   -47039288    -12         116    +25    9 109  180  -18  164   -1  164   -1   7  0  0 L3E 1E
E15 FF 60303 153000  780 585 2983     +766351    +37         350    +17    2 109   95   -3  157  -11  157  -11   2  0  0 L3E 02
E21 FF 60303 153000  780 106 3246    +5706002    +89           9    +70   24 109  431 -152  165  -29  165  -29  20  0  0 L3E 3F
E27 FF 60303 153000  780 437 2790    +2329696    +83         274    -10    4 107  117   +1  156  +12  156   12   4  0  0 L3E 11
E30 FF 60303 153000  780 365 2059    +7707970   +255         239    -53    5 108  135  +20  176  +15  176   15   4  0  0 L3E 3F
E34 FF 60303 153000  780 527  491     +853470    +10         284    -10    3 109  101   +6  150   -9  150   -9   3  0  0 L3E C5
E03 FF 60303 154600  780 224 1395     +825371    +53         107    +28    8 110  212  -49  172   +6  172    6   6  0  0 L3E EC
E05 FF 60303 154600  780 290  832   -47039311    -47         127    -10   11 110  166  -11  169  +21  169   21   9  0  0 L3E 30
E13 FF 60303 154600  780 155 2721     +197636    +33         118    +33   16 110  299  -69  202   -8  202   -8  13  0  0 L3E 21
E15 FF 60303 154600  780 614 3089     +766382    +35         362    +15    3 110   92   -2  151   -8  151   -8   3  0  0 L3E D9
E21 FF 60303 154600  780 141 3213    +5706067    +37          56    +18   21 110  327  -76  155  +12  155   12  18  0  0 L3E 2B
E27 FF 60303 154600  780 426 2707    +2329793    +96         281     +3    5 107  119   +4  149   -5  149   -5   5  0  0 L3E 02
E30 FF 60303 154600  780 304 2036    +7708235   +294         209    -14    8 108  159  +29  172  -21  172  -21   5  0  0 L3E 46
E34 FF 60303 154600  780 488  557     +853472    -15         265    -36    2 110  107   +7  150  +12  150   12   2  0  0 L3E E7
E03 FF 60303 160200  780 277 1360     +825433    +75         143    +50    7 112  174  -32  171  -19  171  -19   7  0  0 L3E 19
E05 FF 60303 160200  780 305  767   -47039333    -51         138    -14    7 112  159   -5  166  +10  166   10   7  0  0 L3E 12
E13 FF 60303 160200  780 191 2771     +197652    +41         134    +41   21 110  245  -46  199  -30  199  -30  14  0  0 L3E 3C
E15 FF 60303 160200  780 639 3206     +766411    +18         370     -2    2 112   90   -2  146   +5  146    5   2  0  0 L3E A8
E21 FF 60303 160200  780 172 3172    +5706102    +80          73    +61   18 112  271  -43  164  -33  164  -33  15  0  0 L3E 2F
E27 FF 60303 160200  780 404 2629    +2329869    +73         268    -21    4 107  124   +7  161  +17  161   17   4  0  0 L3E 18
E30 FF 60303 160200  780 245 2015    +7708482   +284         160    -24   10 108  194  +44  184   +2  184    2   7  0  0 L3E 1C
E34 FF 60303 160200  780 449  622     +853467     +8         239    -12    3 112  114   +8  152  -10  152  -10   3  0  0 L3E D7
E03 FF 60303 161800  780 330 1320     +825497   +111         181    +86    6 113  148  -22  169  -46  169  -46   6  0  0 L3E 3B
E05 FF 60303 161800  780 311  699   -47039350    -11         156    +25    9 113  156   -1  152  -26  152  -26   8  0  0 L3E 25
E13 FF 60303 161800  780 228 2822     +197676    +78         157    +78   14 110  208  -33  187  -42  187  -42  10  0  0 L3E 59
E15 FF 60303 161800  780 660 3335     +766435    +12         375     -8    3 113   88   -1  145  +11  145   11   2  0  0 L3E D7
E21 FF 60303 161800  780 196 3125    +5706158    +25         112     +7   10 113  240  -25  151  +15  151   15   8  0  0 L3E 0E
E27 FF 60303 161800  780 373 2558    +2329951    +71         256    -22    5 113  133  +11  161  +12  161   12   5  0  0 L3E 19
E30 FF 60303 161800  780 188 1996    +7708743   +270         122    -38   10 113  249  +73  182   -8  182   -8   9  0  0 L3E 50
E34 FF 60303 161800  780 411  684     +853464     -3         215    -24    6 113  123   +9  156   +0  156    0   5  0  0 L3E B0
E03 FF 60303 163400  780 382 1273     +825555    +38         214    +13    6 113  131  -15  167  +17  167   17   6  0  0 L3E 10
E05 FF 60303 163400  780 308  634   -47039384    -27         158    +10   14 115  158   +4  151  -14  151  -14  13  0  0 L3E 3D
E13 FF 60303 163400  780 265 2873     +197700    +35         181    +35   13 110  181  -25  176  -29  176  -29   9  0  0 L3E 3F
E15 FF 60303 163400  780 677 3477     +766455    +28         374     +7    3 115   87   -1  145   -7  145   -7   3  0  0 L3E E4
E21 FF 60303 163400  780 212 3073    +5706183     +1         119    -17   10 115  222  -13  159  +40  159   40   6  0  0 L3E 0E
E27 FF 60303 163400  780 335 2496    +2330015    +66         229    -28    7 115  146  +16  174   +8  174    8   6  0  0 L3E 0F
E34 FF 60303 163400  780 374  745     +853457    -11         187    -32    6 115  133  +12  161   +7  161    7   5  0  0 L3E DF
E03 FF 60303 165000  780 431 1217     +825612    +43         247    +17    3 113  118  -11  162  +10  162   10   3  0  0 L3E EA
E05 FF 60303 165000  780 294  572   -47039440    -65         139    -29   11 117  164   +9  158  +19  158   19  11  0  0 L3E 4E
E08 FF 60303 165000  780 171 1727    +1977365   +107          81    +49   12 117  273  -91  193  -18  193  -18  10  0  0 L3E 69
E13 FF 60303 165000  780 304 2923     +197734    +28         214    +28    8 117  160  -19  165  -13  165  -13   6  0  0 L3E 21
E15 FF 60303 165000  780 688   32     +766474    +24         374     +4    2 117   87   +0  145   -2  145   -2   2  0  0 L3E A1
E21 FF 60303 165000  780 220 3016    +5706202     +3         122    -16   12 117  214   -3  172  +22  172   22   7  0  0 L3E E6
E27 FF 60303 165000  780 291 2442    +2330076    +71         201    -23    6 115  165  +24  182   -5  182   -5   5  0  0 L3E FE
E34 FF 60303 165000  780 337  804     +853455    +25         167     +5    7 117  145  +14  159  -15  159  -15   6  0  0 L3E 09
E03 FF 60303 170600  780 474 1148     +825664    +39         275    +14    4 113  110   -7  159   +6  159    6   4  0  0 L3E E5
E05 FF 60303 170600  780 272  517   -47039490    -17         123    +19   12 117  176  +16  157  -35  157  -35  12  0  0 L3E 5F
E08 FF 60303 170600  780 230 1717    +1977476   +104         136    +46   11 118  207  -52  177   -3  177   -3  12  0  0 L3E 48
E13 FF 60303 170600  780 343 2973     +197755     +5         236     +5    7 118  143  -15  160   +3  160    3   6  0  0 L3E CA
E15 FF 60303 170600  780 692  196     +766492    +19         373     -2    3 118   86   +0  145   +2  145    2   2  0  0 L3E AE
E21 FF 60303 170600  780 219 2956    +5706229     -5         132    -24   12 118  215   +5  174  +24  174   24   8  0  0 L3E 14
E27 FF 60303 170600  780 245 2395    +2330137    +57         171    -37   10 115  194  +36  184   +0  184    0   9  0  0 L3E 12
E34 FF 60303 170600  780 300  862     +853439    +27         131     +7    7 118  161  +18  173  -28  173  -28   6  0  0 L3E 05
E03 FF 60303 172200  780 508 1064     +825713    +41         294    +16    4 120  104   -5  154   +0  154    0   3  0  0 L3E BD
E05 FF 60303 172200  780 242  471   -47039540    -86         108    -50   14 117  196  +26  153  +22  153   22  13  0  0 L3E 42
E08 FF 60303 172200  780 291 1708    +1977572   +105         176    +47    5 120  166  -34  178   -5  178   -5   5  0  0 L3E 38
E13 FF 60303 172200  780 385 3022     +197787    +17         269    +16    7 120  130  -12  148   +4  148    4   6  0  0 L3E F0
E15 FF 60303 172200  780 688  362     +766508    +25         370     +5    4 120   87   +0  147   -5  147   -5   3  0  0 L3E BA
E21 FF 60303 172200  780 210 2897    +5706240    +93         127    +75   15 120  224  +14  179  -41  179  -41  12  0  0 L3E 51
E27 FF 60303 172200  780 197 2353    +2330189    +79         134    -15   10 115  237  +57  190  -18  190  -18   7  0  0 L3E 50
E34 FF 60303 172200  780 263  919     +853435    -12         106    -33    8 120  181  +24  176  +18  176   18   6  0  0 L3E 07
E03 FF 60303 173800  780 531  968     +825744    +28         298     +2    4 121  101   -2  159   +5  159    5   3  0  0 L3E C3
E05 FF 60303 173800  780 206  433   -47039604    -64          79    -28   14 117  228  +41  156   -4  156   -4  13  0  0 L3E 2E
E08 FF 60303 173800  780 354 1699    +1977674    +94         222    +36    6 121  140  -23  172   +4  172    4   4  0  0 L3E 12
E13 FF 60303 173800  780 428 3070     +197804    +31         286    +31    3 121  119  -10  154   -6  154   -6   3  0  0 L3E F2
E15 FF 60303 173800  780 676  522     +766518    +16         361     -4    3 121   87   +1  152   -2  152   -2   3  0  0 L3E B1
E21 FF 60303 173800  780 192 2838    +5706258    +17         127     -1   16 121  243  +26  184   +5  184    5   9  0  0 L3E 0D
E27 FF 60303 173800  780 149 2315    +2330234    +27          87    -67   11 121  309  +97  202  +33  202   33   9  0  0 L3E 23
E34 FF 60303 173800  780 226  973     +853422    -35          73    -56   16 121  209  +34  181  +19  181   19  13  0  0 L3E 20
E03 FF 60303 175400  780 540  863     +825772    +27         301     +1    5 123  100   +0  157   -1  157   -1   4  0  0 L3E AD
E08 FF 60303 175400  780 418 1689    +1977777    +94         268    +36    3 123  121  -16  165   -2  165   -2   3  0  0 L3E 2C
E13 FF 60303 175400  780 473 3118     +197828    +30         309    +30    6 123  110   -9  151   +0  151    0   5  0  0 L3E C8
E15 FF 60303 175400  780 655  668     +766530     +2         352    -18    2 123   89   +2  153  +13  153   13   2  0  0 L3E CB
E21 FF 60303 175400  780 168 2783    +5706257    -36         109    -54   22 123  276  +44  199  +36  199   36  15  0  0 L3E 6D
E03 FF 60303 181000  780 533  761     +825795     +0         298    -26    4 125  101   +2  156  +19  156   19   3  0  0 L3E DD
E08 FF 60303 181000  780 484 1676    +1977872    +99         306    +40    3 125  108  -12  160   -8  160   -8   2  0  0 L3E 1D
E13 FF 60303 181000  780 521 3164     +197859    +22         339    +22    7 125  103   -7  146   +3  146    3   6  0  0 L3E D7
E15 FF 60303 181000  780 628  798     +766543    +13         344     -7    3 125   91   +3  152   -4  152   -4   3  0  0 L3E B8
E21 FF 60303 181000  780 138 2730    +5706245    +11          81     -8   20 125  331  +75  216   -8  216   -8  15  0  0 L3E 02
E03 FF 60303 182600  780 512  670     +825810     +3         289    -23    3 126  104   +4  155   +6  155    6   3  0  0 L3E AF
E08 FF 60303 182600  780 550 1656    +1977957    +83         335    +25    4 126   99   -8  161   +6  161    6   2  0  0 L3E FD
E13 FF 60303 182600  780 571 3210     +197882    +28         360    +27    3 126   96   -6  146   -5  146   -5   3  0  0 L3E E3
E15 FF 60303 182600  780 594  912     +766548     +3         328    -17    4 126   94   +4  158   +4  158    4   3  0  0 L3E BF
E03 FF 60303 184200  780 480  596     +825816    +21         268     -5    4   0  109   +6  154  -11  154  -11   3  0  0 L3E BF
E07 FF 60303 184200  780 165 2015     +949452   +121         100   +101   21   0  284  -97  200  -53  200  -53  19  0  0 L3E 29
E08 FF 60303 184200  780 616 1624    +1978046   +104         366    +46    4   0   92   -6  156  -19  156  -19   3  0  0 L3E 0E
E13 FF 60303 184200  780 623 3255     +197902    +16         381    +15    4   0   91   -5  146   +4  146    4   4  0  0 L3E A0
E15 FF 60303 184200  780 556 1010     +766547    +14         307     -7    3   0   98   +5  163   -6  163   -6   3  0  0 L3E A4
E26 FF 60303 184200  780 116 3043    -3201560    -51          39    +60   12   0  396 -147  196  -26  196  -26  13  0  0 L3E 33
E03 FF 60303 185800  780 440  541     +825816     -8         243    -34    6   0  116   +9  155   +3  155    3   5  0  0 L3E 94
E07 FF 60303 185800  780 222 2032     +949511    +71         141    +51    8   1  214  -54  201   -5  201   -5   7  0  0 L3E C3
E08 FF 60303 185800  780 678 1567    +1978125    +93         388    +35    3   1   87   -4  153  -15  153  -15   2  0  0 L3E 0D
E13 FF 60303 185800  780 678 3302     +197916    +15         395    +15    3   1   87   -4  149   +1  149    1   2  0  0 L3E B5
E15 FF 60303 185800  780 513 1095     +766555     -5         294    -25    5   1  103   +7  160   +3  160    3   4  0  0 L3E A5
E26 FF 60303 185800  780 161 3073    -3201610    -53          96    +58   18   1  290  -82  170  -25  170  -25  15  0  0 L3E 23
E03 FF 60303 191400  780 394  503     +825811    -25         213    -51    9   0  127  +13  154  +17  154   17   7  0  0 L3E D3
E07 FF 60303 191400  780 280 2053     +949577    +51         188    +32    4   3  172  -34  191   +2  191    2   4  0  0 L3E CE
E08 FF 60303 191400  780 735 1459    +1978197    +69         401    +10    3   3   84   -2  150   -2  150   -2   3  0  0 L3E C7
E13 FF 60303 191400  780 735 3352     +197933    +17         411    +17    3   3   84   -3  148   -2  148   -2   3  0  0 L3E B3
E15 FF 60303 191400  780 468 1169     +766550     -3         268    -24    5   3  111   +9  163   +3  163    3   5  0  0 L3E AC
E26 FF 60303 191400  780 207 3099    -3201660    -49         152    +62   12   3  227  -51  154  -15  154  -15   9  0  0 L3E 20
E03 FF 60303 193000  780 346  479     +825805    -41         182    -67    4   0  142  +18  153  +29  153   29   3  0  0 L3E E4
E07 FF 60303 193000  780 339 2080     +949628    +69         224    +50    5   5  145  -23  189  -12  189  -12   4  0  0 L3E 0E
E08 FF 60303 193000  780 776 1249    +1978258    +54         406     -5    3   5   83   -1  149   +7  149    7   3  0  0 L3E C5
E13 FF 60303 193000  780 795 3419     +197943    +13         421    +13    2   5   82   -2  150   -4  150   -4   2  0  0 L3E A8
E15 FF 60303 193000  780 419 1234     +766541     -9         241    -29    6   5  121  +12  166   +1  166    1   4  0  0 L3E B0
E26 FF 60303 193000  780 256 3120    -3201767    -74         152    +37   10   5  187  -35  180   +0  180    0   8  0  0 L3E E4
E03 FF 60303 194600  780 296  466     +825804    -12         154    -39    8   6  163  +26  147   +1  147    1   8  0  0 L3E C9
E07 FF 60303 194600  780 398 2112     +949684    +61         261    +42    7   5  126  -16  185  -10  185  -10   7  0  0 L3E 0C
E08 FF 60303 194600  780 785  938    +1978318    +46         410    -12    3   6   83   +0  144   +4  144    4   2  0  0 L3E B4
E13 FF 60303 194600  780 855 3573     +197949     +6         427     +6    2   6   81   -1  152   +1  152    1   2  0  0 L3E 8B
E15 FF 60303 194600  780 369 1291     +766532    +46         213    +26    6   6  134  +16  168  -49  168  -49   5  0  0 L3E 1C
E26 FF 60303 194600  780 307 3135    -3201822    -74         203    +36   11   6  158  -25  164   +3  164    3   9  0  0 L3E EC
E03 FF 60303 200200  780 245  463     +825791     -9         117    -36   12   8  193  +38  144   -9  144   -9  10  0  0 L3E DC
E07 FF 60303 200200  780 457 2151     +949748    +49         309    +30    6   8  113  -12  171   +0  171    0   5  0  0 L3E BF
E08 FF 60303 200200  780 756  684    +1978365    +53         401     -6    3   7   83   +2  145   -8  145   -8   2  0  0 L3E AF
E13 FF 60303 200200  780 873 1229     +197956     -1         434     -1    2   8   81   +0  151   +1  151    1   2  0  0 L3E 6A
E15 FF 60303 200200  780 318 1340     +766514    +12         176     -8   11   8  153  +23  175  -20  175  -20  10  0  0 L3E F3
E26 FF 60303 200200  780 359 3143    -3201895    -75         237    +36    7   8  138  -18  162   -6  162   -6   6  0  0 L3E F9
E03 FF 60303 201800  780 196  468     +825766    -42          67    -69   13   9  239  +59  156  +31  156   31  10  0  0 L3E 09
E07 FF 60303 201800  780 515 2197     +949798    +59         339    +40    5   9  103   -9  166  -11  166  -11   4  0  0 L3E 04
E08 FF 60303 201800  780 709  552    +1978412    +30         391    -29    3   7   86   +3  140  +10  140   10   2  0  0 L3E BC
E13 FF 60303 201800  780 811 1515     +197948     -9         425     -9    1   9   82   +1  156   +5  156    5   1  0  0 L3E 8B
E15 FF 60303 201800  780 265 1383     +766491     +9         133    -12    6   9  180  +34  183  -23  183  -23   6  0  0 L3E F0
E26 FF 60303 201800  780 413 3143    -3201967   -104         272     +7    7   9  123  -14  159  +25  159   25   6  0  0 L3E 03
E03 FF 60303 203400  780 147  479     +825744    -67          22    -94   22  11  314 +101  168  +39  168   39  20  0  0 L3E 1B
E07 FF 60303 203400  780 573 2255     +949844    +48         365    +29    3  11   96   -6  164   -7  164   -7   3  0  0 L3E E1
E08 FF 60303 203400  780 654  492    +1978446    +42         369    -17    5   7   89   +4  142   -7  142   -7   4  0  0 L3E CF
E13 FF 60303 203400  780 745 1585     +197947    -14         424    -14    3   9   84   +3  151   +4  151    4   3  0  0 L3E A8
E15 FF 60303 203400  780 212 1421     +766480    -40         100    -61   11  11  222  +54  182  +24  182   24  10  0  0 L3E F8
E26 FF 60303 203400  780 467 3130    -3202039    -75         306    +36    5  11  111  -10  158   -2  158   -2   4  0  0 L3E E5
E07 FF 60303 205000  780 628 2327     +949887    +43         386    +24    4  13   91   -5  160   -7  160   -7   3  0  0 L3E D5
E08 FF 60303 205000  780 598  468    +1978485    +32         347    -27    3  13   93   +6  136   -1  136   -1   3  0  0 L3E D7
E13 FF 60303 205000  780 677 1627     +197925    -28         402    -28    4   9   87   +4  160   +9  160    9   4  0  0 L3E B9
E26 FF 60303 205000  780 519 3101    -3202121    -70         332    +41    3  13  103   -8  160  -10  160  -10   3  0  0 L3E D4
E07 FF 60303 210600  780 681 2423     +949924    +29         405     +9    1  14   87   -3  154   +3  154    3   1  0  0 L3E A8
E08 FF 60303 210600  780 542  465    +1978511    +44         316    -15    3  14  100   +7  138  -12  138  -12   3  0  0 L3E EC
E13 FF 60303 210600  780 609 1657     +197903    -23         379    -23    3   9   92   +6  163   -2  163   -2   2  0  0 L3E BA
E26 FF 60303 210600  780 569 3051    -3202202    -86         356    +25    4  14   97   -5  159   -3  159   -3   3  0  0 L3E DD
E33 FF 60303 210600  780 106 3205      -48375    -46          32    -39   35   9  432 -199  180  +77  180   77  30  0  0 L3E 13
E07 FF 60303 212200  780 728 2556     +949953    +36         414    +16    3  16   85   -2  152   -9  152   -9   2  0  0 L3E D6
E08 FF 60303 212200  780 487  475    +1978535    +39         284    -20    3  16  107   +9  138  -10  138  -10   2  0  0 L3E 03
E13 FF 60303 212200  780 541 1682     +197875    -28         344    -29    4  16  100   +9  167   -1  167   -1   3  0  0 L3E DB
E26 FF 60303 212200  780 612 2970    -3202290    -91         374    +20    3  16   92   -4  159   +2  159    2   3  0  0 L3E C1
E33 FF 60303 212200  780 156 3205      -48335    +36          78    +43   13  16  299  -95  178   -3  178   -3  10  0  0 L3E F7
E07 FF 60303 213800  780 765 2752     +949980    +21         422     +2    3  16   83   -1  148   -3  148   -3   3  0  0 L3E BC
E08 FF 60303 213800  780 435  493    +1978554    +17         247    -42    3  17  117  +11  144  +11  144   11   3  0  0 L3E FC
E13 FF 60303 213800  780 474 1702     +197847    -28         312    -28    3  17  110  +12  168   -4  168   -4   2  0  0 L3E EB
E26 FF 60303 213800  780 643 2853    -3202376   -103         394     +8    2  17   90   -2  154   +5  154    5   2  0  0 L3E CA
E33 FF 60303 213800  780 206 3197      -48284    +57         137    +64   15  17  229  -54  167  -21  167  -21  12  0  0 L3E 2E
E07 FF 60303 215400  780 785 3026     +949998    +22         422     +2    3  16   83   +0  146   -5  146   -5   3  0  0 L3E BE
E08 FF 60303 215400  780 385  517    +1978579    +40         216    -19    4  19  130  +14  141  -10  141  -10   3  0  0 L3E 06
E13 FF 60303 215400  780 407 1718     +197808    -32         271    -33    4  19  124  +17  175   +3  175    3   3  0  0 L3E DD
E26 FF 60303 215400  780 657 2706    -3202479   -107         397     +4    2  19   89   +0  160   +4  160    4   1  0  0 L3E CE
E33 FF 60303 215400  780 254 3181      -48265    +10         160    +17   14  19  188  -34  168  +15  168   15  11  0  0 L3E 11
E07 FF 60303 221000  780 781 3326     +950015    +18         415     -2    3  21   83   +0  144   -3  144   -3   2  0  0 L3E 96
E08 FF 60303 221000  780 337  546    +1978601     +3         180    -56    5  21  145  +18  145  +22  145   22   4  0  0 L3E E4
E13 FF 60303 221000  780 342 1731     +197763    -33         228    -34    5  21  143  +25  182   -3  182   -3   3  0  0 L3E D8
E26 FF 60303 221000  780 648 2551    -3202586   -117         397     -6    1  21   89   +1  162   +5  162    5   1  0  0 L3E C8
E33 FF 60303 221000  780 300 3154      -48234    +26         196    +33    9  21  161  -23  169   -1  169   -1   7  0  0 L3E CA
E07 FF 60303 222600  780 757 3567     +950028    +19         409     -1    3  22   83   +1  143   -8  143   -8   2  0  0 L3E B8
E08 FF 60303 222600  780 291  579    +1978628    +12         150    -47    9  22  166  +24  142  +20  142   20   7  0  0 L3E 04
E13 FF 60303 222600  780 278 1741     +197713    -51         177    -52    8  22  173  +37  195  +12  195   12   7  0  0 L3E 0D
E26 FF 60303 222600  780 619 2417    -3202699   -134         390    -23    3  22   92   +3  167  +12  167   12   2  0  0 L3E 00
E33 FF 60303 222600  780 343 3116      -48209    +23         226    +30   12  22  143  -15  167   -3  167   -3  10  0  0 L3E E2
E02 FF 60303 224200  780 132  590     -896565    -87         -17    -56   19  22  346  -25  220  +74  220   74  18  0  0 L3E 1E
E07 FF 60303 224200  780 723  138     +950033     +7         393    -13    2  24   85   +2  144   -1  144   -1   2  0  0 L3E 8C
E08 FF 60303 224200  780 247  615    +1978650    +10         116    -50    8  24  192  +32  157  +31  157   31   8  0  0 L3E FF
E13 FF 60303 224200  780 216 1748     +197661    -59         125    -60   14  24  218  +60  215  +40  215   40   9  0  0 L3E 0D
E26 FF 60303 224200  780 575 2315    -3202823   -111         373     +0    2  22   96   +5  174   -9  174   -9   2  0  0 L3E D2
E33 FF 60303 224200  780 380 3065      -48179    +10         261    +17    5  24  131  -10  162   +9  162    9   5  0  0 L3E BD
E02 FF 60303 225800  780 138  536     -896571    -14           7    +17   42  22  332   -5  209   -2  209   -2  38  0  0 L3E CD
E07 FF 60303 225800  780 684  264     +950039    +10         382    -10    5  25   87   +2  143   +0  143    0   4  0  0 L3E 99
E08 FF 60303 225800  780 205  653    +1978678    +40          86    -19    7  25  229  +45  176  +26  176   26   7  0  0 L3E 18
E13 FF 60303 225800  780 156 1751     +197619   -106          82   -107   23  25  297 +111  246 +102  246  102  21  0  0 L3E 66
E26 FF 60303 225800  780 522 2241    -3202949   -143         354    -32    6  22  102   +8  177  +14  177   14   4  0  0 L3E 0F
E30 FF 60303 225800  780 196 1056    +7716102   +347          79    +39   24  25  239  -49  222  -16  222  -16  20  0  0 L3E 4E
E33 FF 60303 225800  780 408 3001      -48171    +18         274    +24   12  25  124   -6  167   +1  167    1   9  0  0 L3E C1
E07 FF 60303 231400  780 645  364     +950040     -5         363    -25    3  27   90   +3  149  +14  149   14   3  0  0 L3E B3
E08 FF 60303 231400  780 165  693    +1978672    -37          23    -96   23  27  281  +66  239 +120  239  120  20  0  0 L3E 4A
E26 FF 60303 231400  780 464 2188    -3203088   -133         321    -22    6  22  111  +11  192   +6  192    6   5  0  0 L3E F1
E30 FF 60303 231400  780 235 1006    +7716414   +294          97    -14   12  27  202  -31  228  +41  228   41   9  0  0 L3E 1A
E33 FF 60303 231400  780 426 2926      -48159    -15         290     -9    5  27  119   -3  169  +25  169   25   3  0  0 L3E E0
E02 FF 60303 233000  780 126  431     -896657     +3          -9    +35   29  29  362  +39  258  -20  258  -20  29  0  0 L3E 07
E07 FF 60303 233000  780 605  450     +950040     +0         345    -20    3  29   93   +4  161  +15  161   15   3  0  0 L3E 99
E08 FF 60303 233000  780 126  735    +1978715     -1           7    -60   28  28  362 +107  275  +73  275   73  28  0  0 L3E 18
E26 FF 60303 233000  780 403 2148    -3203227   -143         281    -32    5  29  125  +16  213  +24  213   24   3  0  0 L3E 08
E30 FF 60303 233000  780 270  950    +7716744   +330         132    +22   14  29  178  -20  222  -13  222  -13  13  0  0 L3E 28
E33 FF 60303 233000  780 432 2844      -48158     +9         297    +15    6  29  118   +0  180   +2  180    2   4  0  0 L3E A2
E07 FF 60303 234600  780 565  527     +950038     +0         323    -20    3  30   97   +5  177  +20  177   20   3  0  0 L3E B0
E26 FF 60303 234600  780 342 2117    -3203377   -141         236    -30    6  30  143  +23  248  +28  248   28   4  0  0 L3E 1F
E27 FF 60303 234600  780 197 1452    +2332319   +144          92    +50   12  30  239  -64  301  -34  301  -34   9  0  0 L3E 2A
E30 FF 60303 234600  780 298  888    +7717054   +323         147    +15   12  30  162  -13  230  +15  230   15  11  0  0 L3E 2A
E33 FF 60303 234600  780 426 2760      -48170    -19         291    -12    3  30  119   +3  203  +34  203   34   2  0  0 L3E C8
