CGGTTS     GENERIC DATA FORMAT VERSION = 2E
REV DATE = 2023-12-15                    
RCVR = TRIMBLE NETR9 5049K72188      R2CGGTTS v8.6    
CH = 12 
IMS = TRIMBLE NETR9 5049K72188      
LAB = CEPNT                         
X = -2154293.56 m 
Y = +4373452.74 m 
Z = +4098891.74 m 
FRAME = ITRF
COMMENTS =           no comments                   
TOT DLY =    0.0 ns (GAL E1),    0.0 ns (GAL E5a)
REF = ITRF10                        
CKSUM = 91

SAT CL  MJD  STTIME TRKL ELV AZTH   REFSV      SRSV     REFSYS    SRSYS  DSG IOE MDTR SMDT MDIO SMDI MSIO SMSI ISG FR HC FRC CK
             hhmmss  s  .1dg .1dg    .1ns     .1ps/s     .1ns    .1ps/s .1ns     .1ns.1ps/s.1ns.1ps/s.1ns.1ps/s.1ns
E03 FF 60302 001000  780 504 2922     +821938    +46         333    +20    3   1  105   -6  222  +17  222   17   3  0  0 L3E B7
E05 FF 60302 001000  780 625  458   -47033848    -43         357     -7    3   1   91   +3  211   +9  211    9   3  0  0 L3E A0
E09 FF 60302 001000  780 144  793    +2737927    +19         -10   -118   22   1  319  +81  439 +162  439  162  19  0  0 L3E 4C
E15 FF 60302 001000  780 379 2828     +763378    -35         267    -55    8   1  131   +2  251  +73  251   73   6  0  0 L3E E5
E24 FF 60302 001000  780 335  939    +5025597   +239         185    +29    5   1  146  -11  278   -1  278   -1   4  0  0 L3E F1
E25 FF 60302 001000  780 204 1514      +15450    +15         100    +20   15   1  231  -62  381  -24  381  -24  13  0  0 L3E D5
E31 FF 60302 001000  780 152  430     +123043    -19          38    -26   23   1  304  +41  346  +43  346   43  24  0  0 L3E C8
E34 FF 60302 001000  780 325 2176     +850450    +26         229     +5    5 108  150  +25  304   -4  304   -4   4  0  0 L3E CC
E03 FF 60302 002600  780 542 2994     +821983    +51         353    +24    5   2  100   -5  229   +6  229    6   4  0  0 L3E B3
E05 FF 60302 002600  780 591  551   -47033905    -73         335    -37    4   2   94   +4  231  +31  231   31   4  0  0 L3E D0
E13 FF 60302 002600  780 119 3252     +197460    +57          50    +57   18   2  383  -94  278  +27  278   27  14  0  0 L3E 12
E15 FF 60302 002600  780 365 2752     +763393    +12         263     -9    8   1  136   +6  275  +22  275   22   7  0  0 L3E CE
E24 FF 60302 002600  780 358  869    +5025800   +229         188    +19    7   2  138   -7  297   +9  297    9   7  0  0 L3E F2
E25 FF 60302 002600  780 260 1488      +15484    +38         140    +43   11   2  184  -39  348  -24  348  -24  10  0  0 L3E 08
E31 FF 60302 002600  780 127  386     +123047    +36          35    +29   25   2  358  +75  379   +1  379    1  24  0  0 L3E CD
E34 FF 60302 002600  780 266 2145     +850425    -14         185    -35    7   2  179  +37  347  +43  347   43   8  0  0 L3E FC
E03 FF 60302 004200  780 579 3071     +822018    +37         364    +11    5   4   95   -4  240  +15  240   15   4  0  0 L3E B6
E05 FF 60302 004200  780 555  636   -47033960    -65         316    -29    5   4   98   +4  252  +26  252   26   4  0  0 L3E E9
E08 FF 60302 004200  780 120 2808    +1968851   +166          73   +107   26   2  383 -117  351  -23  351  -23  25  0  0 L3E 53
E13 FF 60302 004200  780 146 3208     +197473   +110          62   +109   20   4  317  -50  331  -42  331  -42  18  0  0 L3E 15
E15 FF 60302 004200  780 341 2681     +763387    +12         237     -9    8   1  144  +11  311  +27  311   27   7  0  0 L3E CE
E24 FF 60302 004200  780 372  796    +5026019   +197         208    -13    6   4  133   -3  293   +7  293    7   6  0  0 L3E D2
E25 FF 60302 004200  780 318 1459      +15528     +8         189    +13    7   4  153  -26  329   +6  329    6   7  0  0 L3E B2
E34 FF 60302 004200  780 209 2118     +850394    -36         134    -57   11   4  225  +60  408  +77  408   77   9  0  0 L3E 0A
E03 FF 60302 005800  780 617 3156     +822061    +38         382    +11    5   5   92   -3  245  +14  245   14   4  0  0 L3E BE
E05 FF 60302 005800  780 519  714   -47034012    -47         298    -10    4   4  103   +5  269  +13  269   13   4  0  0 L3E EC
E08 FF 60302 005800  780 157 2852    +1968948   +154         115    +95   25   2  296  -71  357  -34  357  -34  18  0  0 L3E 6D
E13 FF 60302 005800  780 165 3159     +197505    +97          94    +96   14   5  281  -26  353  -48  353  -48  11  0  0 L3E 2A
E15 FF 60302 005800  780 308 2616     +763390    -33         220    -53    8   1  157  +17  339  +50  339   50   8  0  0 L3E F3
E24 FF 60302 005800  780 375  721    +5026209   +196         198    -14    5   5  132   +1  309  +14  309   14   4  0  0 L3E EA
E25 FF 60302 005800  780 376 1425      +15549    +16         214    +21    6   5  132  -18  332   -2  332   -2   4  0  0 L3E B2
E34 FF 60302 005800  780 153 2093     +850366   -104          86   -125   18   5  303 +107  484 +135  484  135  16  0  0 L3E 61
E03 FF 60302 011400  780 654 3251     +822093    +30         389     +4    2   7   89   -3  257  +14  257   14   2  0  0 L3E B3
E05 FF 60302 011400  780 482  786   -47034079    -70         266    -33    4   4  108   +7  302  +39  302   39   4  0  0 L3E F5
E08 FF 60302 011400  780 196 2895    +1969029    +93         139    +35   14   2  240  -47  367   +0  367    0  10  0  0 L3E 0C
E13 FF 60302 011400  780 176 3105     +197537    -28         124    -29   18   7  264  -10  359  +56  359   56  16  0  0 L3E 25
E15 FF 60302 011400  780 270 2559     +763377    -59         185    -80    8   7  177  +26  380  +86  380   86   5  0  0 L3E 16
E24 FF 60302 011400  780 367  650    +5026400   +228         188    +18    8   7  135   +4  332   -6  332   -6   6  0  0 L3E D1
E25 FF 60302 011400  780 434 1384      +15586     +6         256    +11    7   7  118  -13  319  +11  319   11   5  0  0 L3E BD
E02 FF 60302 013000  780 168 1816     -891328    +40          94    +71   12   9  279  -96  533 -100  533 -100   9  0  0 L3E 24
E03 FF 60302 013000  780 690 3364     +822125    +29         396     +3    4   9   87   -2  267  +11  267   11   3  0  0 L3E B5
E05 FF 60302 013000  780 444  855   -47034130    -67         250    -31    4   4  115   +8  329  +40  329   40   4  0  0 L3E E0
E08 FF 60302 013000  780 236 2937    +1969108   +139         161    +80   12   9  201  -34  376  -39  376  -39   9  0  0 L3E 49
E13 FF 60302 013000  780 179 3048     +197517    +14         103    +14   15   7  260   +2  411  +30  411   30  13  0  0 L3E D7
E15 FF 60302 013000  780 227 2507     +763374    -73         163    -94    5   9  208  +40  421 +124  421  124   4  0  0 L3E 08
E24 FF 60302 013000  780 349  584    +5026597   +187         184    -23   10   7  141   +8  346  +42  346   42   9  0  0 L3E 0C
E25 FF 60302 013000  780 489 1331      +15616     +5         290    +10    4   9  107   -9  317  +20  317   20   3  0  0 L3E 9F
E02 FF 60302 014600  780 227 1814     -891324    +49         128    +81   10  10  209  -54  494  -37  494  -37   7  0  0 L3E 2E
E03 FF 60302 014600  780 724 3504     +822160    +35         407     +9    4  10   85   -2  271   +2  271    2   4  0  0 L3E 8E
E05 FF 60302 014600  780 405  919   -47034194    -58         220    -22    4  10  124  +10  376  +47  376   47   3  0  0 L3E 13
E08 FF 60302 014600  780 278 2978    +1969200    +82         196    +24    7  10  173  -25  379  +19  379   19   5  0  0 L3E 3A
E13 FF 60302 014600  780 173 2990     +197544     -5         130     -6   21   7  269  +15  425  +34  425   34  15  0  0 L3E F0
E15 FF 60302 014600  780 181 2461     +763361    -26         129    -47   12  10  257  +64  483  +70  483   70   8  0  0 L3E 1B
E24 FF 60302 014600  780 322  528    +5026773   +216         158     +6    4   7  151  +14  381   +3  381    3   4  0  0 L3E C1
E25 FF 60302 014600  780 539 1261      +15638    +37         318    +42    3  10  100   -6  323  -23  323  -23   3  0  0 L3E CF
E02 FF 60302 020200  780 288 1815     -891303     +9         180    +40    6  12  168  -34  475  -25  475  -25   4  0  0 L3E FF
E03 FF 60302 020200  780 751   87     +822184    +23         404     -4    2  12   84   -1  283  +14  283   14   1  0  0 L3E 8E
E05 FF 60302 020200  780 365  980   -47034257    -61         190    -25    5  12  135  +13  418  +42  418   42   4  0  0 L3E 0B
E08 FF 60302 020200  780 321 3016    +1969283    +89         221    +30    8  12  152  -19  388  +10  388   10   7  0  0 L3E 0F
E13 FF 60302 020200  780 159 2933     +197512    -23          97    -23   17   7  291  +32  482  +53  482   53  13  0  0 L3E 05
E15 FF 60302 020200  780 134 2420     +763347     +9          96    -11   14  12  341 +116  551  +41  551   41  12  0  0 L3E F5
E24 FF 60302 020200  780 287  482    +5026957   +157         145    -53    8  12  168  +21  390  +27  390   27   8  0  0 L3E 21
E25 FF 60302 020200  780 581 1169      +15656     +9         342    +14    3  12   95   -4  314   -3  314   -3   3  0  0 L3E 90
E02 FF 60302 021800  780 352 1817     -891282    +21         231    +53    5  13  140  -23  443  -50  443  -50   3  0  0 L3E F6
E03 FF 60302 021800  780 767  322     +822212    +24         407     -3    2  12   83   +0  293  +13  293   13   1  0  0 L3E 9B
E05 FF 60302 021800  780 325 1037   -47034315    -89         167    -53    7  12  150  +17  446  +50  446   50   7  0  0 L3E 28
E08 FF 60302 021800  780 367 3051    +1969371   +102         253    +43    5  13  135  -15  384  -12  384  -12   3  0  0 L3E 2A
E13 FF 60302 021800  780 137 2878     +197514    -72          99    -73   26   7  334  +59  517  +96  517   96  20  0  0 L3E 2E
E24 FF 60302 021800  780 247  447    +5027129   +177         117    -33   11  13  192  +32  417   +9  417    9   9  0  0 L3E 07
E25 FF 60302 021800  780 610 1054      +15658    -13         349     -8    4  13   92   -2  321   +5  321    5   3  0  0 L3E 82
E02 FF 60302 023400  780 417 1821     -891269     +3         276    +34    5  15  122  -16  417  -25  417  -25   4  0  0 L3E F9
E03 FF 60302 023400  780 765  585     +822239    +21         408     -6    2  12   83   +0  300  +15  300   15   2  0  0 L3E 9B
E05 FF 60302 023400  780 283 1091   -47034388    -61         128    -25    9  12  170  +24  497  +50  497   50   6  0  0 L3E 32
E08 FF 60302 023400  780 415 3083    +1969455    +80         280    +21    3  15  122  -12  381   -3  381   -3   3  0  0 L3E EE
E13 FF 60302 023400  780 110 2825     +197488    -69          69    -70   28  14  412 +109  576  +75  576   75  24  0  0 L3E 46
E24 FF 60302 023400  780 203  421    +5027297   +196          83    -13   12  14  231  +50  436  +15  436   15  10  0  0 L3E 0C
E25 FF 60302 023400  780 621  921      +15657    -10         356     -5    3  15   91   +0  319   +5  319    5   3  0  0 L3E 75
E02 FF 60302 025000  780 483 1827     -891260     -6         316    +26    3  17  108  -12  394  -12  394  -12   2  0  0 L3E F6
E03 FF 60302 025000  780 744  818     +822252    +17         399     -9    3  17   84   +1  317  +12  317   12   3  0  0 L3E B4
E05 FF 60302 025000  780 240 1141   -47034454   -101          97    -65   21  12  197  +34  537  +75  537   75  17  0  0 L3E 4D
E08 FF 60302 025000  780 465 3111    +1969540   +100         308    +41    6  17  111  -10  368  -18  368  -18   5  0  0 L3E 29
E24 FF 60302 025000  780 157  405    +5027451   +167          36    -43   16  14  295  +87  468  +74  468   74  16  0  0 L3E 3D
E25 FF 60302 025000  780 614  790      +15648     +1         352     +6    2  17   92   +1  322   -6  322   -6   3  0  0 L3E 6A
E02 FF 60302 030600  780 550 1831     -891257     +8         350    +39    3  18   99   -8  370  -27  370  -27   3  0  0 L3E E6
E03 FF 60302 030600  780 709  994     +822269    +14         392    -12    3  18   86   +2  316   +4  316    4   2  0  0 L3E A7
E08 FF 60302 030600  780 517 3134    +1969621   +102         333    +43    4  18  103   -8  356  -39  356  -39   4  0  0 L3E 26
E25 FF 60302 030600  780 589  678      +15633    -34         342    -29    3  18   94   +3  317   +4  317    4   3  0  0 L3E 9F
E02 FF 60302 032200  780 618 1834     -891259     +2         377    +33    3  20   92   -6  351  -27  351  -27   3  0  0 L3E D9
E03 FF 60302 032200  780 665 1123     +822279    +18         375     -8    3  20   88   +3  323   -6  323   -6   2  0  0 L3E AD
E08 FF 60302 032200  780 572 3149    +1969710    +83         366    +24    3  20   96   -6  334  -18  334  -18   4  0  0 L3E 0A
E25 FF 60302 032200  780 552  594      +15601    -22         314    -17    4  19   98   +5  318   -6  318   -6   4  0  0 L3E A2
E02 FF 60302 033800  780 686 1830     -891260     -9         406    +22    2  21   87   -4  326  -24  326  -24   1  0  0 L3E D7
E03 FF 60302 033800  780 615 1220     +822287     -2         356    -29    3  21   92   +5  327  +17  327   17   2  0  0 L3E C4
E07 FF 60302 033800  780 109 3091     +946585     -5          43    -26   18  21  418 -174  630  +28  630   28  14  0  0 L3E 21
E08 FF 60302 033800  780 628 3152    +1969787    +88         386    +29    2  21   91   -5  318   -9  318   -9   2  0  0 L3E 03
E25 FF 60302 033800  780 507  537      +15578    -45         295    -40    5  19  104   +7  313  +18  313   18   4  0  0 L3E D0
E30 FF 60302 033800  780 182 2118    +7668049   +325         101    +17   20  20  258  -77  673  -59  673  -59  18  0  0 L3E 71
E02 FF 60302 035400  780 753 1807     -891277    -34         420     -3    3  23   84   -3  315   +3  315    3   3  0  0 L3E 9F
E03 FF 60302 035400  780 562 1296     +822289    -10         331    -37    3  23   97   +6  341  +27  341   27   2  0  0 L3E DB
E07 FF 60302 035400  780 157 3109     +946639    +71          78    +51   18  23  297  -90  592  -68  592  -68  12  0  0 L3E 4E
E08 FF 60302 035400  780 685 3135    +1969862    +79         405    +20    2  23   87   -4  318  -19  318  -19   2  0  0 L3E 16
E25 FF 60302 035400  780 457  501      +15540    -47         267    -42    7  23  113  +10  330  +35  330   35   5  0  0 L3E C5
E30 FF 60302 035400  780 237 2146    +7668410   +369         165    +60   10  20  201  -45  584  -99  584  -99  11  0  0 L3E 6A
E02 FF 60302 041000  780 817 1719     -891297    -32         430     +0    2  24   82   -1  307   +3  307    3   2  0  0 L3E 94
E03 FF 60302 041000  780 507 1357     +822290    -18         306    -45    3  25  104   +9  357  +33  357   33   3  0  0 L3E E5
E07 FF 60302 041000  780 205 3123     +946719    +45         140    +25   14  25  230  -54  511  -33  511  -33  10  0  0 L3E 11
E08 FF 60302 041000  780 742 3077    +1969933    +70         417    +11    2  25   84   -2  311   +5  311    5   1  0  0 L3E BC
E25 FF 60302 041000  780 405  481      +15497    -48         230    -43    5  25  124  +14  351  +26  351   26   5  0  0 L3E CD
E30 FF 60302 041000  780 291 2179    +7668746   +321         206    +13    5  20  166  -30  530  -25  530  -25   4  0  0 L3E 25
E02 FF 60302 042600  780 863 1238     -891327    -26         431     +5    4  24   81   +0  297  -23  297  -23   3  0  0 L3E DD
E03 FF 60302 042600  780 450 1407     +822284     +7         274    -20    6  26  114  +12  390  +22  390   22   5  0  0 L3E D8
E07 FF 60302 042600  780 255 3130     +946760    +76         161    +56   11  26  188  -36  474  -70  474  -70  10  0  0 L3E 3E
E08 FF 60302 042600  780 792 2922    +1969998    +66         425     +7    4  26   82   -1  299   -5  299   -5   3  0  0 L3E F9
E25 FF 60302 042600  780 353  474      +15447    -54         187    -49    9  26  139  +18  361  +33  361   33   5  0  0 L3E EE
E30 FF 60302 042600  780 346 2217    +7669078   +341         241    +33   11  20  142  -20  475  -57  475  -57  11  0  0 L3E 56
E02 FF 60302 044200  780 834  546     -891365    -51         424    -20    1  24   81   +1  291   +8  291    8   2  0  0 L3E A3
E03 FF 60302 044200  780 392 1449     +822261    -20         227    -46    6  28  127  +16  430  +30  430   30   4  0  0 L3E EC
E07 FF 60302 044200  780 306 3129     +946824    +57         206    +37   10  28  159  -25  425  -34  425  -34   7  0  0 L3E 2B
E08 FF 60302 044200  780 818 2564    +1970059    +66         429     +7    3  28   82   +0  298   +0  298    0   3  0  0 L3E CB
E25 FF 60302 044200  780 302  477      +15419    -27         164    -21    8  28  160  +25  365  +24  365   24   6  0  0 L3E DB
E30 FF 60302 044200  780 400 2262    +7669413   +365         280    +57    7  28  126  -15  419  -55  419  -55   6  0  0 L3E 42
E02 FF 60302 045800  780 776  418     -891408    -29         411     +3    3  24   83   +2  291   -1  291   -1   2  0  0 L3E A1
E03 FF 60302 045800  780 335 1484     +822259     +8         201    -18    9  29  146  +23  451  +26  451   26   8  0  0 L3E F8
E07 FF 60302 045800  780 356 3120     +946870    +69         232    +49    7  29  139  -18  402  -40  402  -40   6  0  0 L3E 1A
E08 FF 60302 045800  780 796 2180    +1970107    +59         422     +0    1  29   82   +1  304   +7  304    7   2  0  0 L3E B4
E25 FF 60302 045800  780 251  487      +15365    -87         116    -81   17  29  189  +36  391  +88  391   88  18  0  0 L3E 32
E30 FF 60302 045800  780 453 2315    +7669739   +345         310    +37    4  28  114  -11  390  -21  390  -21   3  0  0 L3E 32
E02 FF 60302 051400  780 716  396     -891452    -62         397    -30    4  31   85   +3  295  +10  295   10   3  0  0 L3E D0
E03 FF 60302 051400  780 277 1514     +822254    -42         172    -69   12  31  173  +34  499  +91  499   91  11  0  0 L3E 33
E07 FF 60302 051400  780 406 3099     +946926    +60         269    +40    6  31  124  -13  375  -24  375  -24   5  0  0 L3E 1A
E08 FF 60302 051400  780 743 2000    +1970165    +49         423    -11    3  31   84   +3  308  +11  308   11   2  0  0 L3E D1
E25 FF 60302 051400  780 202  504      +15314    -75          71    -70   11  31  232  +54  425  +33  425   33   9  0  0 L3E C2
E30 FF 60302 051400  780 505 2376    +7670068   +335         343    +27    4  28  105   -8  363  -15  363  -15   5  0  0 L3E 25
E02 FF 60302 053000  780 658  403     -891503    -61         377    -29    2  33   89   +4  296   +4  296    4   2  0  0 L3E B6
E03 FF 60302 053000  780 220 1538     +822220    +23         111     -4   11  33  214  +54  589  +65  589   65  10  0  0 L3E FF
E07 FF 60302 053000  780 453 3063     +946978    +52         302    +32    4  33  114   -9  350  -19  350  -19   4  0  0 L3E FB
E08 FF 60302 053000  780 680 1924    +1970206    +31         404    -29    2  33   87   +4  320  +20  320   20   2  0  0 L3E D1
E25 FF 60302 053000  780 155  526      +15243    -45           7    -39   12  33  298  +87  452  +13  452   13  10  0  0 L3E D6
E30 FF 60302 053000  780 554 2448    +7670384   +330         365    +21    3  33   98   -6  348  -12  348  -12   3  0  0 L3E 13
E02 FF 60302 054600  780 602  422     -891561    -57         349    -25    4  34   93   +5  302   +0  302    0   3  0  0 L3E 97
E03 FF 60302 054600  780 163 1557     +822198    +28          63     +2   15  34  284  +95  709 +117  709  117  12  0  0 L3E 35
E07 FF 60302 054600  780 495 3010     +947025    +29         329     +9    3  34  106   -6  334   +6  334    6   2  0  0 L3E BA
E08 FF 60302 054600  780 615 1889    +1970239    +43         380    -16    4  34   92   +6  335   +5  335    5   3  0  0 L3E DC
E30 FF 60302 054600  780 600 2534    +7670699   +332         384    +23    5  34   93   -4  334  -22  334  -22   3  0  0 L3E 10
E02 FF 60302 060200  780 548  450     -891627    -55         313    -23    2  36   99   +7  318  +10  318   10   2  0  0 L3E C7
E07 FF 60302 060200  780 530 2937     +947064    +33         347    +12    3  36  101   -4  326   -8  326   -8   2  0  0 L3E D2
E08 FF 60302 060200  780 548 1871    +1970271    +30         354    -29    2  36   99   +8  350  +12  350   12   2  0  0 L3E EC
E27 FF 60302 060200  780 131 2451    +2318198   +179          85    +85   18  36  351 -111  657 -123  657 -123  15  0  0 L3E 88
E30 FF 60302 060200  780 642 2638    +7671008   +323         397    +15    4  36   90   -3  322  -21  322  -21   3  0  0 L3E FF
E02 FF 60302 061800  780 497  482     -891676    -57         295    -25    6  37  106   +8  311   -7  311   -7   4  0  0 L3E E1
E07 FF 60302 061800  780 554 2844     +947095    +31         358    +10    5  37   98   -2  318   +7  318    7   5  0  0 L3E D2
E08 FF 60302 061800  780 481 1862    +1970288    +20         314    -40    4  37  108  +12  373  +22  373   22   3  0  0 L3E 0D
E27 FF 60302 061800  780 173 2496    +2318316   +123         112    +28   14  37  271  -64  595  -72  595  -72   9  0  0 L3E 5F
E30 FF 60302 061800  780 679 2766    +7671313   +308         406     -1    3  37   87   -2  309  -10  309  -10   3  0  0 L3E 03
E02 FF 60302 063400  780 448  517     -891746    -88         256    -56    4  39  115  +10  322  +28  322   28   4  0  0 L3E 01
E07 FF 60302 063400  780 563 2736     +947122    +22         365     +1    3  39   97   +0  317   +3  317    3   3  0  0 L3E A4
E08 FF 60302 063400  780 415 1856    +1970312    +20         283    -39    4  39  122  +16  396  +37  396   37   3  0  0 L3E 24
E27 FF 60302 063400  780 213 2545    +2318441   +117         147    +22    9  39  221  -41  547  -81  547  -81   6  0  0 L3E 3A
E30 FF 60302 063400  780 707 2922    +7671613   +306         409     -3    2  39   86   -1  303   -3  303   -3   3  0  0 L3E D0
E36 FF 60302 063400  780 152  805    +1620070    +32         -16    -20   20  39  306  -60  460  +37  460   37  17  0  0 L3E 0D
E02 FF 60302 065000  780 401  556     -891806    -64         227    -32    5  39  125  +12  324   +2  324    2   5  0  0 L3E BF
E07 FF 60302 065000  780 556 2625     +947137    +34         361    +14    2  41   98   +2  321   -9  321   -9   2  0  0 L3E C5
E08 FF 60302 065000  780 350 1852    +1970327    +23         241    -36    6  41  141  +23  431  +31  431   31   5  0  0 L3E F8
E27 FF 60302 065000  780 253 2596    +2318562    +99         177     +4   12  40  189  -28  493   -6  493   -6   6  0  0 L3E 20
E30 FF 60302 065000  780 726 3106    +7671911   +306         412     -2    3  41   85   -1  299   -9  299   -9   3  0  0 L3E E5
E36 FF 60302 065000  780 178  750    +1620173    +36          39    -16   14  41  261  -35  423  -18  423  -18  14  0  0 L3E 1D
E02 FF 60302 070600  780 356  597     -891864    -91         199    -59    4  39  138  +15  322  +22  322   22   4  0  0 L3E 09
E07 FF 60302 070600  780 534 2521     +947147    +21         352     +1    4  42  101   +4  326   -9  326   -9   3  0  0 L3E B8
E08 FF 60302 070600  780 287 1848    +1970334     +5         191    -54    7  42  168  +34  481  +54  481   54   5  0  0 L3E 1B
E27 FF 60302 070600  780 292 2649    +2318682   +114         207    +20    7  40  165  -21  450  -33  450  -33   6  0  0 L3E 2C
E30 FF 60302 070600  780 732 3307    +7672204   +296         410    -12    3  42   84   +0  290   -5  290   -5   2  0  0 L3E DC
E36 FF 60302 070600  780 199  692    +1620261     +1          78    -51   23  42  236  -19  375  +41  375   41  23  0  0 L3E 09
E02 FF 60302 073400  780 283  672     -891988    -72         128    -40    9  45  170  +23  346  +16  346   16   7  0  0 L3E 09
E07 FF 60302 073400  780 467 2378     +947151     +4         321    -16    5  45  111   +9  335   +3  335    3   3  0  0 L3E B7
E08 FF 60302 073400  780 181 1838    +1970347    +20         104    -39   14  45  257  +81  627 +132  627  132  11  0  0 L3E 5F
E27 FF 60302 073400  780 359 2748    +2318886   +141         252    +46    5  40  138  -13  383  -57  383  -57   4  0  0 L3E 52
E30 FF 60302 073400  780 714   40    +7672705   +299         394     -9    3  45   85   +1  274  -10  274  -10   3  0  0 L3E E0
E34 FF 60302 073400  780 259 1143     +850889    +12         106     -9    8  45  185  -32  395  +23  395   23   6  0  0 L3E 07
E36 FF 60302 073400  780 215  587    +1620367    +76          96    +24   17  45  219   -2  349  -34  349  -34  17  0  0 L3E 2A
E02 FF 60302 075000  780 243  717     -892049    -46          97    -14   10  47  195  +30  351  -14  351  -14   8  0  0 L3E 02
E07 FF 60302 075000  780 418 2316     +947140     -1         291    -22    4  45  121  +12  348   +4  348    4   3  0  0 L3E BD
E08 FF 60302 075000  780 125 1830    +1970317   -185          16   -244   28  46  367 +159  859 +436  859  436  27  0  0 L3E AF
E27 FF 60302 075000  780 397 2807    +2318994    +94         271     -1    8  47  126  -10  361   -7  361   -7   7  0  0 L3E 04
E30 FF 60302 075000  780 692  197    +7672990   +283         383    -25    2  47   86   +1  265   +5  265    5   2  0  0 L3E E5
E34 FF 60302 075000  780 304 1092     +850952    +14         148     -7    8  47  160  -21  355   +0  355    0   8  0  0 L3E C5
E36 FF 60302 075000  780 212  528    +1620393    +16          71    -36   10  47  222   +8  358  +24  358   24   8  0  0 L3E EF
E02 FF 60302 080600  780 205  763     -892105    -63          72    -31   15  48  229  +42  346   -6  346   -6  12  0  0 L3E EF
E07 FF 60302 080600  780 366 2267     +947131    -33         262    -53    4  45  135  +17  361  +33  361   33   3  0  0 L3E 01
E15 FF 60302 080600  780 162 1561     +763768    +92          70    +72   13  45  288  -99  525 -174  525 -174  14  0  0 L3E 67
E27 FF 60302 080600  780 435 2869    +2319105   +109         292    +15    4  48  117   -9  330  -21  330  -21   4  0  0 L3E 1D
E30 FF 60302 080600  780 665  331    +7673272   +287         371    -21    4  48   88   +2  261   -2  261   -2   3  0  0 L3E DC
E34 FF 60302 080600  780 345 1033     +851005    +54         181    +33    7  48  143  -14  322  -34  322  -34   6  0  0 L3E FD
E36 FF 60302 080600  780 200  472    +1620426    +29          55    -23   17  48  234  +19  361  +10  361   10  15  0  0 L3E 00
E02 FF 60302 082200  780 167  809     -892159    -60          47    -28   22  50  277  +61  330  -30  330  -30  22  0  0 L3E 0B
E07 FF 60302 082200  780 312 2226     +947113    -10         224    -30    7  45  155  +25  382  +23  382   23   6  0  0 L3E F0
E15 FF 60302 082200  780 220 1539     +763822    +40         105    +20   18  45  216  -56  434  -42  434  -42  16  0  0 L3E 26
E27 FF 60302 082200  780 473 2932    +2319213   +131         310    +37    4  50  110   -7  310  -35  310  -35   3  0  0 L3E FF
E30 FF 60302 082200  780 635  447    +7673553   +298         357    -10    3  50   90   +3  255   -2  255   -2   3  0  0 L3E DD
E34 FF 60302 082200  780 380  966     +851033    +27         190     +6    6  50  131   -9  311   -7  311   -7   5  0  0 L3E AD
E36 FF 60302 082200  780 180  421    +1620471    +13          51    -39   15  50  259  +34  347   +4  347    4  14  0  0 L3E E3
E07 FF 60302 083800  780 257 2191     +947087    -20         179    -41    8  45  185  +37  414  +33  414   33   6  0  0 L3E 17
E15 FF 60302 083800  780 280 1516     +763891   +120         153   +100   15  45  172  -36  363 -112  363 -112  14  0  0 L3E 6D
E27 FF 60302 083800  780 512 2998    +2319328   +116         335    +22    6  51  104   -6  283  -19  283  -19   6  0  0 L3E 35
E30 FF 60302 083800  780 603  548    +7673832   +277         341    -31    3  50   93   +3  249   -5  249   -5   3  0  0 L3E E9
E34 FF 60302 083800  780 406  891     +851078    +25         216     +4    5  51  124   -6  289  -12  289  -12   4  0  0 L3E E6
E36 FF 60302 083800  780 152  377    +1620487     +0          18    -51   11  51  304  +61  340   -4  340   -4  10  0  0 L3E D4
E15 FF 60302 085400  780 341 1491     +763960    +24         204     +4    7  53  144  -24  324   -4  324   -4   5  0  0 L3E D1
E27 FF 60302 085400  780 551 3068    +2319427   +105         346    +11    2  53   99   -5  269  -22  269  -22   2  0  0 L3E 1B
E30 FF 60302 085400  780 569  640    +7674101   +290         316    -18    3  53   96   +4  248   -9  248   -9   2  0  0 L3E EF
E34 FF 60302 085400  780 421  809     +851101    +50         223    +30    3  53  120   -2  272  -38  272  -38   2  0  0 L3E D4
E36 FF 60302 085400  780 118  339    +1620532    -56          13   -108   22  53  386 +116  299  +47  299   47  21  0  0 L3E 4E
E07 FF 60302 091000  780 151 2130     +947036    -57          88    -78   19  55  305 +102  540 +120  540  120  14  0  0 L3E 3C
E15 FF 60302 091000  780 402 1461     +764008    +74         231    +53    4  55  125  -17  299  -40  299  -40   4  0  0 L3E 0D
E27 FF 60302 091000  780 591 3142    +2319531   +124         363    +30    2  55   94   -4  250  -37  250  -37   1  0  0 L3E 01
E30 FF 60302 091000  780 534  724    +7674378   +276         299    -32    4  55  101   +5  241   +2  241    2   3  0  0 L3E DA
E34 FF 60302 091000  780 424  726     +851120     +5         222    -16    5  53  120   +1  255  -13  255  -13   4  0  0 L3E B9
E15 FF 60302 092600  780 464 1423     +764070    +77         273    +57    7  56  112  -12  264  -43  264  -43   6  0  0 L3E 19
E21 FF 60302 092600  780 151 2905    +5704072    +51         108    +32   13  56  307  -79  383  -80  383  -80   8  0  0 L3E 3C
E27 FF 60302 092600  780 631 3224    +2319634   +111         376    +18    3  56   91   -3  229  -23  229  -23   3  0  0 L3E 10
E30 FF 60302 092600  780 498  801    +7674653   +280         278    -28    3  56  106   +6  230   -6  230   -6   3  0  0 L3E F8
E34 FF 60302 092600  780 414  647     +851135    +20         217     +0    5  53  122   +4  234  -28  234  -28   5  0  0 L3E CB
E13 FF 60302 094200  780 157 1851     +197551    -40         109    -41   17  58  297 -111  462  -93  462  -93  15  0  0 L3E 59
E15 FF 60302 094200  780 523 1371     +764125    +52         308    +32    4  58  102   -8  239  -22  239  -22   3  0  0 L3E F5
E21 FF 60302 094200  780 191 2945    +5704107    +78         125    +59   15  56  245  -52  339  -91  339  -91  12  0  0 L3E 5D
E27 FF 60302 094200  780 671 3319    +2319730   +103         381     +9    3  58   88   -3  216  -16  216  -16   2  0  0 L3E 04
E30 FF 60302 094200  780 460  873    +7674932   +270         261    -38    4  58  112   +7  223   +8  223    8   3  0  0 L3E E6
E34 FF 60302 094200  780 393  575     +851139    +17         202     -4    5  53  127   +7  223  -25  223  -25   4  0  0 L3E D6
E13 FF 60302 095800  780 217 1854     +197579    +60         138    +60   13  59  218  -60  356 -100  356 -100  11  0  0 L3E 5E
E15 FF 60302 095800  780 577 1299     +764166    +37         330    +17    2  59   96   -6  223  -10  223  -10   1  0  0 L3E F7
E21 FF 60302 095800  780 233 2983    +5704134    +71         134    +52    9  56  204  -36  312  -57  312  -57   6  0  0 L3E 2A
E27 FF 60302 095800  780 711 3435    +2319829   +110         391    +16    4  59   85   -2  202  -18  202  -18   3  0  0 L3E 14
E30 FF 60302 095800  780 421  941    +7675200   +297         234    -11    7  58  120   +9  222  -12  222  -12   6  0  0 L3E 05
E34 FF 60302 095800  780 362  516     +851142    -20         185    -41    6  59  136  +12  212   +3  212    3   5  0  0 L3E BE
E13 FF 60302 101400  780 279 1861     +197619    +79         179    +79    7  61  173  -37  296  -73  296  -73   5  0  0 L3E 43
E15 FF 60302 101400  780 623 1198     +764204    +44         349    +23    3  61   91   -3  209  -21  209  -21   3  0  0 L3E DB
E21 FF 60302 101400  780 277 3019    +5704203    +62         185    +43   14  56  174  -27  253  -46  253  -46  10  0  0 L3E 3D
E27 FF 60302 101400  780 747 3590    +2319923   +105         395    +11    4  61   84   -1  194  -11  194  -11   3  0  0 L3E 0A
E30 FF 60302 101400  780 381 1004    +7675462   +268         200    -40    6  58  131  +12  229   +8  229    8   5  0  0 L3E F7
E34 FF 60302 101400  780 324  469     +851136    -12         159    -33    6  61  150  +18  206   -5  206   -5   6  0  0 L3E CE
E13 FF 60302 103000  780 343 1871     +197685    +36         243    +36    5  63  143  -25  243  -12  243  -12   3  0  0 L3E 01
E15 FF 60302 103000  780 654 1062     +764229    +32         354    +12    3  63   89   -2  201  -17  201  -17   2  0  0 L3E D2
E21 FF 60302 103000  780 322 3052    +5704244    +41         208    +22    6  63  151  -20  233  -24  233  -24   5  0  0 L3E F5
E27 FF 60302 103000  780 776  209    +2320014    +87         397     -6    2  63   83   -1  190   +0  190    0   2  0  0 L3E 97
E30 FF 60302 103000  780 340 1062    +7675731   +260         174    -47    6  58  144  +16  224  +17  224   17   6  0  0 L3E 1B
E34 FF 60302 103000  780 281  434     +851122    -28         126    -49    8  62  171  +26  202   +1  202    1   7  0  0 L3E B0
E13 FF 60302 104600  780 409 1885     +197716    +35         274    +34    4  64  124  -17  231  -16  231  -16   3  0  0 L3E 0E
E15 FF 60302 104600  780 664  903     +764250    +17         356     -3    2  64   88   +0  192  -10  192  -10   2  0  0 L3E BD
E21 FF 60302 104600  780 370 3081    +5704294    +50         241    +32    6  64  134  -16  209  -18  209  -18   4  0  0 L3E 16
E27 FF 60302 104600  780 787  502    +2320107    +88         401     -5    2  64   82   +0  182   +1  182    1   1  0  0 L3E 91
E30 FF 60302 104600  780 297 1117    +7676000   +286         146    -22   10  64  162  +22  225   -7  225   -7   9  0  0 L3E 1B
E34 FF 60302 104600  780 234  411     +851109    -51          93    -72   13  62  202  +40  195  +22  195   22  13  0  0 L3E EC
E13 FF 60302 110200  780 476 1902     +197762    +34         317    +34    5  66  110  -12  207  -13  207  -13   4  0  0 L3E F9
E15 FF 60302 110200  780 652  749     +764266    +11         352     -9    2  66   89   +2  182  -14  182  -14   2  0  0 L3E C9
E21 FF 60302 110200  780 420 3105    +5704348    +54         277    +35    5  66  121  -12  187  -17  187  -17   5  0  0 L3E 1A
E27 FF 60302 110200  780 773  796    +2320190    +86         394     -7    2  64   83   +1  181   -1  181   -1   1  0  0 L3E B0
E30 FF 60302 110200  780 254 1167    +7676277   +316         126     +8    9  66  188  +31  214  -32  214  -32   7  0  0 L3E 24
E34 FF 60302 110200  780 185  397     +851086    -57          52    -77   14  66  252  +66  197  +22  197   22  12  0  0 L3E 16
E13 FF 60302 111800  780 543 1922     +197794    +27         348    +26    3  67  100   -9  192   -8  192   -8   2  0  0 L3E E9
E15 FF 60302 111800  780 620  627     +764275     -3         343    -23    2  67   91   +3  169   -2  169   -2   2  0  0 L3E A4
E21 FF 60302 111800  780 472 3123    +5704388    +64         299    +45    7  67  110  -10  177  -24  177  -24   7  0  0 L3E 2D
E27 FF 60302 111800  780 739 1015    +2320269    +91         386     -3    2  67   84   +2  179   -6  179   -6   2  0  0 L3E D8
E30 FF 60302 111800  780 209 1214    +7676526   +282          79    -26   11  67  225  +47  228  -16  228  -16  10  0  0 L3E 4D
E13 FF 60302 113400  780 611 1948     +197826    +32         380    +32    3  69   92   -6  179  -17  179  -17   2  0  0 L3E FF
E15 FF 60302 113400  780 577  544     +764267    -12         316    -32    4  67   96   +5  169   +5  169    5   4  0  0 L3E BE
E21 FF 60302 113400  780 527 3133    +5704437    +58         331    +40    4  68  102   -8  164  -17  164  -17   3  0  0 L3E 07
E27 FF 60302 113400  780 694 1163    +2320350    +75         376    -18    3  69   86   +3  176   +2  176    2   3  0  0 L3E D2
E13 FF 60302 115000  780 679 1979     +197851    +31         403    +31    2  71   87   -4  168  -19  168  -19   2  0  0 L3E 01
E15 FF 60302 115000  780 527  493     +764260     -6         289    -27    6  67  102   +7  165   -3  165   -3   4  0  0 L3E BE
E21 FF 60302 115000  780 582 3132    +5704482    +42         357    +23    3  68   95   -6  156   -3  156   -3   3  0  0 L3E D7
E27 FF 60302 115000  780 642 1267    +2320419    +69         354    -25    2  71   90   +4  181   +7  181    7   2  0  0 L3E C6
E13 FF 60302 120600  780 746 2023     +197868    +14         420    +13    3  71   84   -3  159   -7  159   -7   3  0  0 L3E CB
E15 FF 60302 120600  780 473  464     +764246    -28         256    -48    7  67  110  +10  167   +9  167    9   6  0  0 L3E E0
E21 FF 60302 120600  780 638 3111    +5704523    +33         381    +14    2  68   90   -5  151   +3  151    3   2  0  0 L3E B0
E26 FF 60302 120600  780 206 2183    -3189283    -80         129    +30   19  72  229  -58  267  -42  267  -42  15  0  0 L3E 58
E27 FF 60302 120600  780 587 1344    +2320488    +55         333    -39    4  72   95   +6  183  +15  183   15   4  0  0 L3E FD
E13 FF 60302 122200  780 812 2098     +197869     +8         423     +8    2  74   82   -1  160   -5  160   -5   2  0  0 L3E A3
E15 FF 60302 122200  780 419  452     +764230     +4         225    -16    8  74  121  +13  171  -17  171  -17   7  0  0 L3E DB
E21 FF 60302 122200  780 693 3058    +5704560    +25         399     +7    3  74   86   -3  147   +9  147    9   2  0  0 L3E CD
E26 FF 60302 122200  780 259 2220    -3189338   -100         180    +11   10  74  185  -36  221   +0  221    0  10  0  0 L3E FE
E27 FF 60302 122200  780 529 1404    +2320552    +56         308    -38    3  74  101   +8  187  +16  187   16   2  0  0 L3E FD
E13 FF 60302 123800  780 873 2417     +197866     +1         421     +1    3  75   81   +0  159   -4  159   -4   3  0  0 L3E A6
E15 FF 60302 123800  780 365  451     +764220     +2         196    -18    5  75  135  +18  168  -16  168  -16   4  0  0 L3E F6
E21 FF 60302 123800  780 742 2943    +5704584    +37         406    +18    2  74   84   -2  152   -6  152   -6   2  0  0 L3E DE
E26 FF 60302 123800  780 312 2262    -3189414    -60         211    +50    6  75  156  -24  211  -25  211  -25   5  0  0 L3E 0F
E27 FF 60302 123800  780 470 1452    +2320607    +68         273    -25    4  75  110  +11  192   +0  192    0   4  0  0 L3E DB
E13 FF 60302 125400  780 853   19     +197863    -20         419    -20    2  77   81   +1  156   +8  156    8   2  0  0 L3E 9C
E15 FF 60302 125400  780 313  460     +764191    +32         149    +12   10  77  155  +24  182  -40  182  -40   8  0  0 L3E 00
E21 FF 60302 125400  780 775 2723    +5704608    +22         411     +3    4  74   83   -1  154   +1  154    1   4  0  0 L3E A8
E26 FF 60302 125400  780 363 2311    -3189476    -53         255    +58    5  77  137  -17  192  -35  192  -35   5  0  0 L3E 3C
E27 FF 60302 125400  780 410 1492    +2320659    +53         232    -40    7  77  123  +15  200   +6  200    6   6  0  0 L3E D7
E13 FF 60302 131000  780 793  177     +197855    -12         414    -12    1  79   82   +2  151   -1  151   -1   1  0  0 L3E A4
E15 FF 60302 131000  780 262  476     +764180    -25         118    -45    8  78  182  +33  174   +7  174    7   8  0  0 L3E DA
E21 FF 60302 131000  780 774 2425    +5704629    +16         420     -3    3  79   83   +1  151   +2  151    2   3  0  0 L3E A4
E26 FF 60302 131000  780 413 2366    -3189551    -60         288    +51    7  79  122  -12  183  -27  183  -27   6  0  0 L3E 2E
E27 FF 60302 131000  780 351 1525    +2320713    +33         197    -61    4  79  140  +21  199  +21  199   21   4  0  0 L3E 08
E13 FF 60302 132600  780 734  246     +197838    -26         397    -27    2  80   84   +3  150   +6  150    6   2  0  0 L3E AF
E15 FF 60302 132600  780 213  497     +764165    -11          84    -31   11  78  221  +48  178   +7  178    7  11  0  0 L3E E7
E21 FF 60302 132600  780 739 2197    +5704638     +6         412    -12    3  80   84   +2  156   +4  156    4   2  0  0 L3E B9
E26 FF 60302 132600  780 461 2430    -3189642    -79         303    +31    5  80  112   -9  184  -13  184  -13   4  0  0 L3E 0E
E27 FF 60302 132600  780 292 1552    +2320763    +37         157    -57   13  80  165  +31  202  +14  202   14  11  0  0 L3E 21
E13 FF 60302 134200  780 677  298     +197822    -24         379    -25    3  82   87   +4  150   +6  150    6   2  0  0 L3E B6
E15 FF 60302 134200  780 166  524     +764134    -16          34    -36   20  78  279  +76  199   -1  199   -1  19  0  0 L3E 03
E21 FF 60302 134200  780 686 2071    +5704646    +11         401     -7    2  82   87   +4  157   -3  157   -3   2  0  0 L3E C1
E26 FF 60302 134200  780 507 2502    -3189712    -97         339    +14    3  81  104   -7  171   +3  171    3   3  0  0 L3E D9
E27 FF 60302 134200  780 233 1575    +2320812    +71         115    -23   11  82  203  +49  205   -3  205   -3  10  0  0 L3E FD
E13 FF 60302 135800  780 622  345     +197799    -12         354    -13    4  83   91   +5  155   -7  155   -7   4  0  0 L3E C7
E15 FF 60302 135800  780 121  554     +764094     +8         -25    -12   25  78  376 +133  218  -22  218  -22  24  0  0 L3E 1E
E21 FF 60302 135800  780 625 2003    +5704642    -11         380    -30    5  83   91   +5  161   +8  161    8   4  0  0 L3E BF
E26 FF 60302 135800  780 550 2585    -3189804   -108         354     +3    3  83   99   -5  169   +8  169    8   2  0  0 L3E F3
E27 FF 60302 135800  780 175 1592    +2320860    +77          73    -17   17  83  265  +85  214  -19  214  -19  16  0  0 L3E 4A
E13 FF 60302 141400  780 570  391     +197775    -30         333    -30    2  85   96   +6  147   +7  147    7   1  0  0 L3E AF
E21 FF 60302 141400  780 560 1965    +5704631     +1         351    -17    5  85   97   +8  161   -9  161   -9   4  0  0 L3E D0
E26 FF 60302 141400  780 589 2680    -3189898   -104         367     +6    3  85   94   -4  156   +4  156    4   2  0  0 L3E F0
E33 FF 60302 141400  780 129 2484      -47593    +26          81    +32   14  85  356 -109  208  -18  208  -18  13  0  0 L3E 2D
E13 FF 60302 143000  780 520  437     +197748     -5         309     -5    4  87  102   +7  145  -20  145  -20   3  0  0 L3E BC
E21 FF 60302 143000  780 494 1942    +5704616    -10         319    -29    4  86  106  +11  166   +1  166    1   3  0  0 L3E E6
E26 FF 60302 143000  780 623 2790    -3189992    -89         379    +22    3  87   91   -3  151  -18  151  -18   2  0  0 L3E 1A
E31 FF 60302 143000  780 103 3232     +123405    +34          13    +26   25  87  443 -192  149  +16  149   16  20  0  0 L3E 0D
E33 FF 60302 143000  780 169 2533      -47566    +31         113    +38    8  87  276  -63  199  -15  199  -15   6  0  0 L3E 1B
E08 FF 60302 144600  780 170  832    +1971806   +178          46   +119   11  85  275  -45  184  -78  184  -78  10  0  0 L3E 67
E13 FF 60302 144600  780 473  484     +197720    -19         279    -18    3  88  110   +8  147   -2  147   -2   2  0  0 L3E D4
E21 FF 60302 144600  780 428 1926    +5704596    -21         281    -39    5  86  119  +15  172   +4  172    4   4  0  0 L3E FE
E26 FF 60302 144600  780 652 2916    -3190091   -110         386     +1    3  88   89   -2  149   +1  149    1   3  0  0 L3E D4
E31 FF 60302 144600  780 147 3213     +123470    +95          71    +87   19  88  315  -91  131  -42  131  -42  16  0  0 L3E 1F
E33 FF 60302 144600  780 208 2584      -47539     -4         146     +2   15  88  227  -41  190  +19  190   19  12  0  0 L3E FC
E08 FF 60302 150200  780 195  776    +1971884    +90          65    +31   19  90  241  -27  185  -16  185  -16  18  0  0 L3E 3E
E13 FF 60302 150200  780 427  531     +197691    -13         247    -13    4  90  119  +10  157   -8  157   -8   3  0  0 L3E D7
E21 FF 60302 150200  780 364 1915    +5704573    -31         242    -49    3  86  136  +21  177  +14  177   14   3  0  0 L3E 13
E26 FF 60302 150200  780 675 3059    -3190194   -112         390     -1    4  90   88   -1  147   +2  147    2   4  0  0 L3E CB
E31 FF 60302 150200  780 189 3186     +123509    +74         104    +67   25  90  249  -51  134  -30  134  -30  21  0  0 L3E 26
E33 FF 60302 150200  780 246 2638      -47509     +1         183     +7   13  90  194  -29  176   +6  176    6   9  0  0 L3E CB
E07 FF 60302 151800  780 195 1260     +947440   +102          66    +83   13  91  242  -59  197  -42  197  -42  10  0  0 L3E 3E
E08 FF 60302 151800  780 213  718    +1971974   +124          99    +65   17  91  221  -15  170  -53  170  -53  16  0  0 L3E 42
E13 FF 60302 151800  780 384  580     +197667     +2         223     +2    5  90  130  +12  166  -15  166  -15   5  0  0 L3E D3
E21 FF 60302 151800  780 301 1905    +5704552    -37         203    -55    5  86  161  +31  184  +16  184   16   5  0  0 L3E 10
E26 FF 60302 151800  780 689 3217    -3190303   -104         388     +7    3  91   87   -1  149   -7  149   -7   2  0  0 L3E F1
E31 FF 60302 151800  780 226 3150     +123544    +35         132    +28   11  91  210  -31  136   -4  136   -4  11  0  0 L3E E9
E33 FF 60302 151800  780 283 2694      -47494    +23         205    +29    9  91  170  -21  175   -8  175   -8   8  0  0 L3E F3
E07 FF 60302 153400  780 242 1219     +947496    +88         102    +69   15  93  197  -37  196  -25  196  -25  12  0  0 L3E 57
E08 FF 60302 153400  780 224  658    +1972014     -7          82    -66   12  91  211   -6  193  +65  193   65  12  0  0 L3E FB
E13 FF 60302 153400  780 343  629     +197640    -52         195    -52    7  90  143  +15  169  +22  169   22   6  0  0 L3E FA
E21 FF 60302 153400  780 239 1895    +5704517    -17         148    -35    7  93  198  +48  195   -7  195   -7   6  0  0 L3E 2B
E26 FF 60302 153400  780 695 3384    -3190415   -115         385     -4    3  93   86   +0  148   -1  148   -1   2  0  0 L3E E3
E31 FF 60302 153400  780 257 3106     +123574    +24         156    +17   10  93  186  -20  139  +13  139   13   8  0  0 L3E 09
E33 FF 60302 153400  780 320 2751      -47478     +6         226    +13   12  93  152  -16  169   +0  169    0   7  0  0 L3E C8
E07 FF 60302 155000  780 289 1172     +947549    +85         135    +65   13  95  167  -25  194  -34  194  -34  10  0  0 L3E 50
E08 FF 60302 155000  780 226  598    +1972065    +50          76     -9   11  91  209   +2  206   +6  206    6  11  0  0 L3E CB
E13 FF 60302 155000  780 304  679     +197615    -42         171    -42   10  90  159  +19  173  +22  173   22   8  0  0 L3E 01
E21 FF 60302 155000  780 181 1885    +5704480    -77          94    -95   11  95  258  +81  207  +61  207   61   9  0  0 L3E 2E
E26 FF 60302 155000  780 693 3550    -3190527   -119         382     -8    2  95   86   +0  149   +4  149    4   2  0  0 L3E DD
E31 FF 60302 155000  780 281 3053     +123606    +73         182    +66   14  95  171  -12  135  -44  135  -44  12  0  0 L3E 23
E33 FF 60302 155000  780 357 2811      -47461     -6         250     +0    7  95  138  -13  162  +15  162   15   5  0  0 L3E C3
E07 FF 60302 160600  780 333 1119     +947603    +68         170    +48    9  96  147  -17  189  -27  189  -27   8  0  0 L3E 39
E08 FF 60302 160600  780 219  541    +1972134    +33          89    -26   12  91  215  +11  188  +26  188   26  11  0  0 L3E 18
E13 FF 60302 160600  780 265  730     +197587    -37         143    -37   11  90  180  +24  177   +3  177    3  11  0  0 L3E F3
E26 FF 60302 160600  780 683  109    -3190635   -114         380     -3    3  96   87   +1  145   -2  145   -2   2  0  0 L3E C6
E31 FF 60302 160600  780 297 2994     +123621    +17         191    +10   14  96  163   -6  143   +1  143    1  10  0  0 L3E DD
E33 FF 60302 160600  780 394 2871      -47451    -11         266     -4    7  96  127  -10  164  +16  164   16   6  0  0 L3E E7
E07 FF 60302 162200  780 372 1058     +947652    +81         198    +61    8  98  134  -12  181  -39  181  -39   7  0  0 L3E 2D
E08 FF 60302 162200  780 204  487    +1972174    +67          76     +8   14  98  230  +21  190  -15  190  -15  14  0  0 L3E 15
E13 FF 60302 162200  780 228  780     +197549    -88          93    -88    9  98  207  +32  190  +63  190   63   9  0  0 L3E 0A
E26 FF 60302 162200  780 668  256    -3190753   -123         368    -12    2  98   88   +1  150   +5  150    5   2  0  0 L3E D2
E31 FF 60302 162200  780 304 2929     +123651    +42         215    +35    8  98  159   -1  138  -14  138  -14   5  0  0 L3E FB
E33 FF 60302 162200  780 431 2934      -47440     +9         286    +16    6  98  118   -9  158   -4  158   -4   4  0  0 L3E C9
E07 FF 60302 163800  780 404  989     +947695    +17         221     -2    7  99  125   -7  174  +14  174   14   7  0  0 L3E ED
E08 FF 60302 163800  780 181  439    +1972206    +11          51    -48   16  98  258  +37  197  +25  197   25  15  0  0 L3E 32
E13 FF 60302 163800  780 191  831     +197531    -47          74    -47   14  99  244  +45  182  +13  182   13  12  0  0 L3E 0D
E26 FF 60302 163800  780 647  389    -3190870   -115         359     -4    6  99   89   +2  150   -3  150   -3   5  0  0 L3E E4
E31 FF 60302 163800  780 300 2863     +123650    -40         207    -47    8  99  161   +4  147  +38  147   38   6  0  0 L3E F9
E33 FF 60302 163800  780 469 2998      -47430    +16         304    +23    6  99  111   -7  153   -9  153   -9   5  0  0 L3E E0
E07 FF 60302 165400  780 427  911     +947728    +16         233     -4    9 101  119   -4  171  +11  171   11   7  0  0 L3E D8
E08 FF 60302 165400  780 151  398    +1972260    +34          49    -24   20  98  306  +65  176  -13  176  -13  20  0  0 L3E 2C
E26 FF 60302 165400  780 622  508    -3190984   -113         351     -2    4 101   91   +2  149   -7  149   -7   3  0  0 L3E DB
E31 FF 60302 165400  780 287 2797     +123658    -17         209    -24    7 101  168  +10  144  +14  144   14   6  0  0 L3E 15
E33 FF 60302 165400  780 507 3065      -47415    +16         328    +23    3 101  104   -6  147   -5  147   -5   3  0  0 L3E CC
E07 FF 60302 171000  780 439  829     +947755    +20         239     +0    6 103  117   -1  170   +0  170    0   5  0  0 L3E A9
E26 FF 60302 171000  780 594  617    -3191109   -128         331    -16    2 103   94   +3  155   +3  155    3   2  0  0 L3E D2
E31 FF 60302 171000  780 266 2734     +123634    -45         178    -52    8 103  180  +16  159  +38  159   38   5  0  0 L3E 1D
E33 FF 60302 171000  780 546 3134      -47402     +9         350    +16    3 103   99   -5  141   +3  141    3   2  0  0 L3E 8E
E07 FF 60302 172600  780 439  745     +947772    +23         237     +3    6 104  117   +1  169   -7  169   -7   6  0  0 L3E DD
E24 FF 60302 172600  780 114 3164    +5038467   +194          40    -16   16  99  399  -35  158  +29  158   29  14  0  0 L3E 5B
E26 FF 60302 172600  780 563  715    -3191228   -115         319     -4    3 103   97   +4  158   -6  158   -6   2  0  0 L3E E5
E31 FF 60302 172600  780 237 2675     +123639    -39         177    -46   16 104  200  +26  149  +26  149   26  14  0  0 L3E 42
E33 FF 60302 172600  780 586 3209      -47397     +9         361    +16    2 104   95   -4  142   -4  142   -4   1  0  0 L3E B8
E07 FF 60302 174200  780 426  667     +947791    +14         237     -6    4 106  119   +4  163   -9  163   -9   4  0  0 L3E DB
E24 FF 60302 174200  780 120 3113    +5038665   +239          39    +29   17 106  379   -8  166   -9  166   -9  16  0  0 L3E 39
E26 FF 60302 174200  780 529  806    -3191349   -147         305    -35    2 103  101   +5  161  +21  161   21   1  0  0 L3E FE
E31 FF 60302 174200  780 203 2621     +123619    -21         151    -28   10 106  231  +40  158   +3  158    3   7  0  0 L3E E1
E33 FF 60302 174200  780 628 3291      -47393     -5         370     +2    3 106   91   -4  142  +12  142   12   3  0  0 L3E A9
E07 FF 60302 175800  780 403  598     +947787     +9         215    -11    5 107  125   +7  170   -3  170   -3   4  0  0 L3E D3
E24 FF 60302 175800  780 119 3060    +5038868   +167          41    -42   16 107  383  +16  172  +46  172   46  11  0  0 L3E 54
E26 FF 60302 175800  780 493  888    -3191467   -133         289    -22    5 107  106   +6  160   +6  160    6   5  0  0 L3E 07
E31 FF 60302 175800  780 165 2572     +123591     +3         116     -4   14 107  281  +66  168  -31  168  -31  11  0  0 L3E 1C
E33 FF 60302 175800  780 669 3386      -47387     +0         382     +7    3 107   88   -3  143   +6  143    6   2  0  0 L3E AB
E07 FF 60302 181400  780 371  542     +947794    -20         202    -40    6 108  134  +11  164  +10  164   10   5  0  0 L3E ED
E12 FF 60302 181400  780 222 3024    +8329138   +229         149    +66   10 109  213  -41  162  -33  162  -33   8  0  0 L3E 4C
E19 FF 60302 181400  780 271 1874    +9500083   -764         180     -4   20 109  177  -38  182  +47  182   47  20  0  0 L3E 5D
E24 FF 60302 181400  780 110 3006    +5039056   +214          28     +4   21 109  412  +45  180  -14  180  -14  18  0  0 L3E 27
E26 FF 60302 181400  780 455  964    -3191600   -167         262    -56    4 109  113   +8  167  +33  167   33   4  0  0 L3E 21
E33 FF 60302 181400  780 710 3504      -47382    +12         393    +19    3 109   86   -2  143   -7  143   -7   2  0  0 L3E C2
E07 FF 60302 183000  780 332  498     +947781    -18         171    -38   12 108  147  +17  168  +11  168   11  10  0  0 L3E 2E
E12 FF 60302 183000  780 267 3058    +8329329   +188         181    +25    8 111  180  -30  156   -3  156   -3   8  0  0 L3E 28
E19 FF 60302 183000  780 334 1883    +9499390   -702         213    +57    6 111  147  -26  189  -13  189  -13   5  0  0 L3E 61
E26 FF 60302 183000  780 415 1034    -3191730   -123         236    -12    4 111  122  +10  172   -9  172   -9   4  0  0 L3E 04
E33 FF 60302 183000  780 748   64      -47378     -2         402     +5    4 111   84   -1  143   +6  143    6   4  0  0 L3E 69
E07 FF 60302 184600  780 289  466     +947781     +2         151    -18    9 112  167  +25  163  -18  163  -18   9  0  0 L3E 1B
E12 FF 60302 184600  780 314 3089    +8329517   +206         211    +42    6 111  155  -22  152  -14  152  -14   5  0  0 L3E 35
E19 FF 60302 184600  780 397 1894    +9498711   -694         260    +66    4 112  127  -18  180  -19  180  -19   3  0  0 L3E 71
E26 FF 60302 184600  780 373 1098    -3191860   -153         212    -43    7 112  133  +14  172  +12  172   12   6  0  0 L3E 2E
E33 FF 60302 184600  780 776  294      -47378     +2         407     +9    2 112   83   -1  144   -3  144   -3   2  0  0 L3E 94
E07 FF 60302 190200  780 242  444     +947763    -27         112    -47    7 113  196  +37  167  +11  167   11   6  0  0 L3E 09
E12 FF 60302 190200  780 363 3116    +8329707   +208         242    +44    8 114  137  -17  153  -16  153  -16   6  0  0 L3E 42
E19 FF 60302 190200  780 463 1908    +9498026   -714         299    +45    4 114  112  -13  180  -14  180  -14   3  0  0 L3E 4E
E26 FF 60302 190200  780 329 1156    -3191992   -158         183    -48    7 114  148  +18  170  +18  170   18   6  0  0 L3E 4E
E33 FF 60302 190200  780 785  598      -47382     -6         411     +1    2 114   83   +0  145   +3  145    3   2  0  0 L3E 7A
E07 FF 60302 191800  780 194  432     +947737    -21          67    -41    9 113  241  +59  177   +3  177    3   8  0  0 L3E E4
E10 FF 60302 191800  780 174 3099    +5888697    +89         111    +61   17 113  269  -72  168  -26  168  -26  13  0  0 L3E 83
E12 FF 60302 191800  780 414 3138    +8329895   +182         271    +18    4 115  122  -13  153  +14  153   14   3  0  0 L3E 33
E19 FF 60302 191800  780 528 1925    +9497336   -722         338    +38    3 114  102   -9  173   -8  173   -8   2  0  0 L3E 30
E26 FF 60302 191800  780 283 1210    -3192140   -137         141    -26    8 115  169  +26  184   -1  184   -1   7  0  0 L3E 1E
E33 FF 60302 191800  780 767  889      -47391    -11         408     -4    2 115   83   +1  147   -1  147   -1   2  0  0 L3E AC
E07 FF 60302 193400  780 145  429     +947705     +4          16    -16   23 113  317 +104  195  -29  195  -29  21  0  0 L3E 2B
E10 FF 60302 193400  780 222 3121    +5888746    +83         134    +55   11 113  213  -46  173  -19  173  -19   8  0  0 L3E 4A
E12 FF 60302 193400  780 468 3153    +8330086   +208         301    +43    4 117  111  -10  154   -8  154   -8   4  0  0 L3E 13
E19 FF 60302 193400  780 595 1946    +9496639   -734         370    +25    3 114   94   -7  171   -3  171   -3   2  0  0 L3E 1F
E26 FF 60302 193400  780 237 1258    -3192277   -129         110    -19   12 117  200  +39  183  -11  183  -11  10  0  0 L3E 5E
E33 FF 60302 193400  780 729 1098      -47408    -13         398     -6    2 117   85   +2  151   +2  151    2   2  0  0 L3E AA
E10 FF 60302 195000  780 272 3138    +5888819    +45         178    +16   12 113  176  -32  163  +15  163   15   9  0  0 L3E 45
E12 FF 60302 195000  780 524 3158    +8330272   +207         328    +42    5 119  102   -8  153   -8  153   -8   3  0  0 L3E 0A
E19 FF 60302 195000  780 662 1970    +9495937   -737         387    +22    2 119   88   -5  164   -6  164   -6   2  0  0 L3E 2C
E26 FF 60302 195000  780 189 1302    -3192406   -124          86    -13   10 119  247  +62  178  -18  178  -18   9  0  0 L3E 58
E33 FF 60302 195000  780 680 1236      -47422    -10         388     -3    2 119   87   +3  154   -6  154   -6   2  0  0 L3E B5
E04 FF 60302 200600  780 146 2198    +2876803   +132          87    +44   18 120  319 -111  200   +6  200    6  14  0  0 L3E 23
E10 FF 60302 200600  780 324 3148    +5888884    +61         215    +32    8 120  151  -23  160   -2  160   -2   6  0  0 L3E FD
E12 FF 60302 200600  780 580 3150    +8330464   +192         361    +28    3 120   95   -6  147   -1  147   -1   2  0  0 L3E EA
E19 FF 60302 200600  780 728 1999    +9495231   -741         410    +18    2 120   85   -3  155   -1  155   -1   2  0  0 L3E 02
E33 FF 60302 200600  780 626 1333      -47444    -24         371    -17    2 120   91   +5  155   +2  155    2   2  0  0 L3E A2
E04 FF 60302 202200  780 197 2230    +2876936   +113         135    +26   14 122  239  -61  197  +18  197   18  12  0  0 L3E 5F
E10 FF 60302 202200  780 377 3151    +5888945    +79         247    +50    7 121  132  -17  160   -9  160   -9   6  0  0 L3E 19
E12 FF 60302 202200  780 637 3120    +8330643   +182         383    +17    3 122   90   -5  149   +2  149    2   2  0  0 L3E DB
E19 FF 60302 202200  780 793 2038    +9494513   -736         421    +22    3 122   82   -2  158  -13  158  -13   2  0  0 L3E 21
E33 FF 60302 202200  780 567 1405      -47482    -39         337    -32    2 122   97   +7  166   +9  166    9   2  0  0 L3E C7
E04 FF 60302 203800  780 248 2267    +2877063   +147         178    +59    6 123  193  -38  188  -19  188  -19   5  0  0 L3E 71
E10 FF 60302 203800  780 431 3142    +5889005    +75         279    +46    4 121  118  -12  160   -8  160   -8   3  0  0 L3E 08
E12 FF 60302 203800  780 691 3052    +8330823   +174         405     +9    2 123   87   -3  146  +10  146   10   2  0  0 L3E EF
E19 FF 60302 203800  780 858 2121    +9493799   -749         435    +10    2 123   81   -1  151   -4  151   -4   2  0  0 L3E 08
E33 FF 60302 203800  780 507 1461      -47513    -49         310    -43    4 123  104   +9  165  +10  165   10   4  0  0 L3E D9
E04 FF 60302 205400  780 298 2309    +2877185   +138         216    +50    9 124  163  -26  182  -22  182  -22   8  0  0 L3E 4F
E10 FF 60302 205400  780 484 3120    +5889074    +62         321    +33    3 121  108   -9  152   -3  152   -3   2  0  0 L3E E7
E11 FF 60302 205400  780 210 3176   -32749280    -36         117    +52   22 125  225  -53  177  -12  177  -12  21  0  0 L3E 5C
E12 FF 60302 205400  780 737 2919    +8330991   +193         416    +28    3 125   84   -2  148  -14  148  -14   2  0  0 L3E 2D
E19 FF 60302 205400  780 877   80    +9493073   -767         431     -8    3 125   81   +0  148   -5  148   -5   2  0  0 L3E DD
E33 FF 60302 205400  780 446 1506      -47551    -45         278    -39    6 125  115  +13  169   +5  169    5   5  0  0 L3E EB
E04 FF 60302 211000  780 347 2357    +2877309   +143         257    +55    8 124  142  -18  174  -17  174  -17   7  0  0 L3E 50
E10 FF 60302 211000  780 535 3079    +5889128    +56         347    +27    4 121  101   -7  155   -4  155   -4   3  0  0 L3E F9
E11 FF 60302 211000  780 261 3172   -32749314    -25         165    +62   15 127  183  -34  167  -20  167  -20  15  0  0 L3E 5C
E12 FF 60302 211000  780 762 2690    +8331160   +172         426     +7    2 125   83   +0  147   +0  147    0   2  0  0 L3E BF
E19 FF 60302 211000  780 817  241    +9492330   -773         411    -15    3 127   82   +1  154   +1  154    1   2  0  0 L3E CA
E33 FF 60302 211000  780 385 1543      -47599    -32         236    -26    7 127  130  +18  178  -12  178  -12   7  0  0 L3E 17
E04 FF 60302 212600  780 395 2410    +2877422    +96         286     +9    5 124  127  -13  171  +17  171   17   5  0  0 L3E 18
E10 FF 60302 212600  780 581 3013    +5889176    +43         365    +14    2   0   95   -5  155   +8  155    8   2  0  0 L3E BC
E11 FF 60302 212600  780 312 3159   -32749358    -40         205    +47    8   0  156  -23  166  -13  166  -13   7  0  0 L3E 21
E12 FF 60302 212600  780 754 2421    +8331323   +168         431     +4    3 125   84   +1  144   -2  144   -2   2  0  0 L3E CE
E19 FF 60302 212600  780 757  294    +9491589   -759         398     -1    3   0   83   +2  154  -16  154  -16   2  0  0 L3E FB
E33 FF 60302 212600  780 323 1573      -47644    -42         197    -35    5   0  151  +26  180   -3  180   -3   4  0  0 L3E BC
E04 FF 60302 214200  780 442 2469    +2877534   +109         309    +21    5   2  116  -10  168   +6  168    6   5  0  0 L3E F0
E10 FF 60302 214200  780 618 2914    +5889224    +60         385    +31    6   2   92   -3  152  -11  152  -11   4  0  0 L3E DE
E11 FF 60302 214200  780 361 3135   -32749396    -49         249    +38    8   2  137  -16  153   -9  153   -9   7  0  0 L3E 15
E12 FF 60302 214200  780 715 2226    +8331477   +159         427     -6    2 125   85   +2  146   +0  146    0   1  0  0 L3E D0
E19 FF 60302 214200  780 700  337    +9490842   -768         384    -11    3   2   86   +3  152   -4  152   -4   2  0  0 L3E CA
E33 FF 60302 214200  780 263 1597      -47703    -29         146    -23    8   2  182  +40  196  -11  196  -11   6  0  0 L3E EE
E04 FF 60302 215800  780 487 2536    +2877645   +111         335    +23    4   3  108   -8  159   -2  159   -2   3  0  0 L3E F5
E10 FF 60302 215800  780 639 2784    +5889262    +32         394     +3    3   3   90   -1  154   +6  154    6   3  0  0 L3E B3
E11 FF 60302 215800  780 407 3098   -32749443    -61         284    +26    5   3  124  -11  148   +1  148    1   5  0  0 L3E F0
E12 FF 60302 215800  780 660 2113    +8331618   +149         409    -15    3 125   88   +4  153   +3  153    3   2  0  0 L3E E6
E19 FF 60302 215800  780 645  379    +9490092   -789         366    -31    4   3   89   +4  150   +8  150    8   3  0  0 L3E DD
E33 FF 60302 215800  780 203 1616      -47741    -66         113    -60   11   3  231  +66  192  +29  192   29  10  0  0 L3E F9
E04 FF 60302 221400  780 529 2611    +2877751   +106         356    +18    4   4  101   -6  153   -5  153   -5   3  0  0 L3E E0
E10 FF 60302 221400  780 640 2636    +5889294    +33         397     +4    2   4   90   +1  157   -2  157   -2   1  0  0 L3E B3
E11 FF 60302 221400  780 447 3044   -32749499    -51         312    +36    6   5  115   -8  144   -6  144   -6   4  0  0 L3E F0
E12 FF 60302 221400  780 598 2049    +8331753   +144         382    -21    4   5   94   +6  158   +5  158    5   3  0  0 L3E D5
E19 FF 60302 221400  780 593  421    +9489341   -798         342    -40    7   5   94   +5  150  +11  150   11   5  0  0 L3E E3
E33 FF 60302 221400  780 145 1631      -47816   -102          44    -96   14   5  319 +125  223  +55  223   55  14  0  0 L3E 0A
E04 FF 60302 223000  780 569 2696    +2877853   +114         373    +26    3   4   97   -4  148  -11  148  -11   2  0  0 L3E 0B
E10 FF 60302 223000  780 620 2497    +5889313    +25         389     -4    2   4   92   +3  163   -1  163   -1   2  0  0 L3E AD
E11 FF 60302 223000  780 480 2974   -32749565    -69         328    +18    4   7  109   -5  149   +4  149    4   3  0  0 L3E F6
E12 FF 60302 223000  780 532 2011    +8331882   +124         351    -41    4   7  101   +9  167  +14  167   14   4  0  0 L3E E6
E19 FF 60302 223000  780 542  463    +9488579   -780         307    -22    4   7  100   +6  157   -8  157   -8   3  0  0 L3E F0
E04 FF 60302 224600  780 606 2792    +2877946    +89         382     +1    3   4   93   -3  149  +10  149   10   2  0  0 L3E DA
E09 FF 60302 224600  780 132 2562    +2749124   +176          83    +40   17   8  350 -102  214   -3  214   -3  12  0  0 L3E 0F
E10 FF 60302 224600  780 583 2384    +5889330     +9         377    -20    3   8   95   +5  167  +15  167   15   3  0  0 L3E E1
E11 FF 60302 224600  780 501 2889   -32749621    -64         354    +23    5   8  105   -2  140   -9  140   -9   5  0  0 L3E EF
E12 FF 60302 224600  780 466 1987    +8331994   +104         306    -61    4   8  111  +13  184  +32  184   32   3  0  0 L3E 16
E19 FF 60302 224600  780 494  507    +9487826   -799         283    -41    4   8  106   +8  156  +15  156   15   3  0  0 L3E 18
E36 FF 60302 224600  780 116 3254    +1623201    +66          45    +13   20   8  397 -153  174  +12  174   12  17  0  0 L3E 19
E04 FF 60302 230200  780 639 2902    +2878048   +105         399    +17    3  10   90   -2  142  -11  142  -11   3  0  0 L3E FD
E09 FF 60302 230200  780 170 2610    +2749294   +128         122     -8   15  10  274  -61  201  +27  201   27  12  0  0 L3E 1E
E10 FF 60302 230200  780 534 2299    +5889343    +20         361     -9    2  10  101   +7  172   -4  172   -4   2  0  0 L3E C8
E11 FF 60302 230200  780 509 2792   -32749705    -63         351    +24    4  10  104   +0  151  -12  151  -12   3  0  0 L3E 02
E12 FF 60302 230200  780 400 1969    +8332115   +130         269    -34    4   8  126  +18  192   +8  192    8   3  0  0 L3E EB
E19 FF 60302 230200  780 448  552    +9487064   -783         253    -25    4  10  114   +9  169   +8  169    8   4  0  0 L3E F8
E21 FF 60302 230200  780 203  860    +5704938    +19          48     +0   12  10  231  -32  250   +5  250    5  10  0  0 L3E B7
E36 FF 60302 230200  780 159 3231    +1623288    +90          83    +37   11  10  292  -77  166  -23  166  -23   9  0  0 L3E 26
E04 FF 60302 231800  780 667 3028    +2878141    +94         407     +7    3  11   88   -2  144   +9  144    9   2  0  0 L3E C5
E09 FF 60302 231800  780 208 2659    +2749461   +168         159    +32   15  11  227  -40  186   -5  186   -5  12  0  0 L3E 44
E10 FF 60302 231800  780 479 2236    +5889340    +10         329    -19    5  11  109  +10  189   +8  189    8   5  0  0 L3E 01
E11 FF 60302 231800  780 501 2693   -32749785   -100         353    -14    6  11  105   +2  158  +24  158   24   4  0  0 L3E 20
E12 FF 60302 231800  780 334 1956    +8332228   +124         223    -40    7   8  146  +26  217  +27  217   27   6  0  0 L3E 14
E19 FF 60302 231800  780 405  598    +9486306   -801         224    -43    7  11  124  +11  189  +30  189   30   6  0  0 L3E 1F
E21 FF 60302 231800  780 229  803    +5704994    +59          87    +40   12  11  207  -20  242   -6  242   -6  11  0  0 L3E F5
E36 FF 60302 231800  780 199 3199    +1623373    +70         118    +18   13  10  236  -44  163   +1  163    1   9  0  0 L3E 02
E04 FF 60302 233400  780 689 3172    +2878223    +95         405     +7    4  11   87   -1  159  +10  159   10   3  0  0 L3E E3
E09 FF 60302 233400  780 246 2710    +2749612   +152         176    +15   10  13  194  -29  197  +17  197   17   8  0  0 L3E 46
E10 FF 60302 233400  780 420 2190    +5889334    -18         297    -47    9  13  121  +14  213  +36  213   36   8  0  0 L3E 13
E11 FF 60302 233400  780 480 2599   -32749877   -105         342    -19    4  13  109   +5  177  +27  177   27   4  0  0 L3E 42
E12 FF 60302 233400  780 271 1944    +8332342    +79         179    -86    7   8  176  +39  255  +79  255   79   5  0  0 L3E 31
E19 FF 60302 233400  780 362  645    +9485545   -779         189    -21    6  13  136  +14  213  +22  213   22   5  0  0 L3E 20
E21 FF 60302 233400  780 247  742    +5705033    +14         112     -6   16  13  193  -11  250  +33  250   33  15  0  0 L3E F3
E36 FF 60302 233400  780 234 3158    +1623466    +92         161    +40    8  10  203  -27  166   +7  166    7   6  0  0 L3E EF
