CGGTTS     GENERIC DATA FORMAT VERSION = 2E
REV DATE = 2023-12-15                    
RCVR = TRIMBLE NETR9 5049K72188      R2CGGTTS v8.6    
CH = 12 
IMS = TRIMBLE NETR9 5049K72188      
LAB = CEPNT                         
X = -2154293.56 m 
Y = +4373452.74 m 
Z = +4098891.74 m 
FRAME = ITRF
COMMENTS =           no comments                   
TOT DLY =    0.0 ns (GAL E1),    0.0 ns (GAL E5a)
REF = ITRF10                        
CKSUM = 91

SAT CL  MJD  STTIME TRKL ELV AZTH   REFSV      SRSV     REFSYS    SRSYS  DSG IOE MDTR SMDT MDIO SMDI MSIO SMSI ISG FR HC FRC CK
             hhmmss  s  .1dg .1dg    .1ns     .1ps/s     .1ns    .1ps/s .1ns     .1ns.1ps/s.1ns.1ps/s.1ns.1ps/s.1ns
E03 FF 60302 001000  780 504 2922     +821930    +46         325    +19    3   1  105   -6  301  +17  301   17   3  0  0 L3E B4
E05 FF 60302 001000  780 625  458   -47033857    -44         347     -8    3   1   91   +3  291  +10  291   10   3  0  0 L3E C1
E15 FF 60302 001000  780 379 2828     +763370    -33         259    -53    8   1  131   +2  331  +72  331   72   6  0  0 L3E D6
E24 FF 60302 001000  780 335  939    +5025589   +235         177    +25    4   1  146  -11  358   +1  358    1   4  0  0 L3E D9
E25 FF 60302 001000  780 204 1514      +15442     +9          92    +14   13   1  231  -62  460  -18  460  -18  11  0  0 L3E C4
E31 FF 60302 001000  780 152  430     +123039     -4          34    -11   23   1  304  +41  421  +26  421   26  26  0  0 L3E A5
E34 FF 60302 001000  780 325 2176     +850441    +25         221     +4    4 108  150  +25  384   -4  384   -4   3  0  0 L3E D0
E03 FF 60302 002600  780 542 2994     +821975    +49         345    +23    5   2  100   -5  308   +6  308    6   4  0  0 L3E B7
E05 FF 60302 002600  780 591  551   -47033913    -71         326    -35    4   2   94   +4  311  +29  311   29   4  0  0 L3E D7
E13 FF 60302 002600  780 119 3252     +197452    +49          42    +49   18   2  383  -94  358  +36  358   36  14  0  0 L3E 14
E15 FF 60302 002600  780 365 2752     +763384    +12         254     -9    9   1  136   +6  356  +23  356   23   7  0  0 L3E D1
E24 FF 60302 002600  780 358  869    +5025793   +230         180    +20    7   2  138   -7  376   +8  376    8   7  0  0 L3E DF
E25 FF 60302 002600  780 260 1488      +15477    +36         133    +41   11   2  184  -39  426  -21  426  -21  11  0  0 L3E FD
E34 FF 60302 002600  780 266 2145     +850419    -15         178    -37    8   2  179  +37  425  +45  425   45   8  0  0 L3E 03
E03 FF 60302 004200  780 579 3071     +822010    +40         356    +13    5   4   95   -4  319  +13  319   13   5  0  0 L3E B6
E05 FF 60302 004200  780 555  636   -47033968    -64         308    -27    6   4   98   +4  331  +25  331   25   5  0  0 L3E EB
E08 FF 60302 004200  780 120 2808    +1968835   +148          57    +89   27   2  383 -117  439   -7  439   -7  23  0  0 L3E 41
E15 FF 60302 004200  780 341 2681     +763380    +12         230     -8    9   1  144  +11  390  +26  390   26   8  0  0 L3E CD
E24 FF 60302 004200  780 372  796    +5026012   +198         201    -12    8   4  133   -3  371   +8  371    8   7  0  0 L3E C3
E25 FF 60302 004200  780 318 1459      +15520     +9         181    +14    7   4  153  -26  409   +5  409    5   6  0  0 L3E 9F
E34 FF 60302 004200  780 209 2118     +850386    -37         127    -58   11   4  225  +60  487  +79  487   79  10  0  0 L3E 29
E03 FF 60302 005800  780 617 3156     +822053    +37         373    +11    5   5   92   -3  324  +15  324   15   4  0  0 L3E BC
E05 FF 60302 005800  780 519  714   -47034020    -45         290     -9    5   4  103   +5  348  +12  348   12   4  0  0 L3E D4
E08 FF 60302 005800  780 157 2852    +1968939   +155         106    +96   24   2  296  -71  438  -34  438  -34  16  0  0 L3E 6C
E13 FF 60302 005800  780 165 3159     +197498    +75          86    +75   16   5  281  -26  431  -25  431  -25  13  0  0 L3E 23
E15 FF 60302 005800  780 308 2616     +763382    -38         213    -58    8   1  157  +17  417  +54  417   54   7  0  0 L3E 01
E24 FF 60302 005800  780 375  721    +5026202   +200         190    -10    6   5  132   +1  387  +11  387   11   5  0  0 L3E D1
E25 FF 60302 005800  780 376 1425      +15541    +18         206    +23    6   5  132  -18  411   -3  411   -3   5  0  0 L3E AE
E03 FF 60302 011400  780 654 3251     +822084    +27         380     +1    3   7   89   -3  337  +17  337   17   2  0  0 L3E B2
E05 FF 60302 011400  780 482  786   -47034088    -72         257    -36    5   4  108   +7  383  +41  383   41   4  0  0 L3E FF
E08 FF 60302 011400  780 196 2895    +1969020    +87         130    +28   16   2  240  -47  447   +5  447    5  10  0  0 L3E 09
E13 FF 60302 011400  780 176 3105     +197525    -49         112    -50   16   7  264  -10  442  +76  442   76  13  0  0 L3E 0D
E15 FF 60302 011400  780 270 2559     +763369    -63         177    -84    8   7  177  +26  459  +89  459   89   5  0  0 L3E 2B
E24 FF 60302 011400  780 367  650    +5026391   +227         179    +17    8   7  135   +4  413   -5  413   -5   6  0  0 L3E D6
E25 FF 60302 011400  780 434 1384      +15578     +7         247    +12    6   7  118  -13  399  +11  399   11   5  0  0 L3E CF
E02 FF 60302 013000  780 168 1816     -891336    +38          86    +70   13   9  279  -96  612  -99  612  -99  10  0  0 L3E 31
E03 FF 60302 013000  780 690 3364     +822116    +31         387     +4    4   9   87   -2  346  +10  346   10   3  0  0 L3E A9
E05 FF 60302 013000  780 444  855   -47034138    -66         241    -30    4   4  115   +8  409  +39  409   39   3  0  0 L3E F3
E08 FF 60302 013000  780 236 2937    +1969099   +136         152    +77   12   9  201  -34  457  -37  457  -37   8  0  0 L3E 50
E13 FF 60302 013000  780 179 3048     +197517    +16         103    +15   13   7  260   +2  482  +28  482   28   9  0  0 L3E EB
E15 FF 60302 013000  780 227 2507     +763367    -66         155    -87    6   9  208  +40  500 +116  500  116   4  0  0 L3E 0E
E24 FF 60302 013000  780 349  584    +5026588   +188         174    -22   10   7  141   +8  427  +40  427   40   8  0  0 L3E 06
E25 FF 60302 013000  780 489 1331      +15608     +5         282    +10    4   9  107   -9  396  +19  396   19   3  0  0 L3E BF
E02 FF 60302 014600  780 227 1814     -891333    +48         119    +79   10  10  209  -54  574  -37  574  -37   7  0  0 L3E 32
E03 FF 60302 014600  780 724 3504     +822151    +35         397     +9    4  10   85   -2  351   +1  351    1   4  0  0 L3E 92
E05 FF 60302 014600  780 405  919   -47034202    -58         212    -22    4  10  124  +10  456  +47  456   47   3  0  0 L3E 08
E08 FF 60302 014600  780 278 2978    +1969193    +89         188    +30    7  10  173  -25  458  +13  458   13   5  0  0 L3E 3A
E13 FF 60302 014600  780 173 2990     +197533    -10         119    -10   22   7  269  +15  507  +38  507   38  17  0  0 L3E 19
E15 FF 60302 014600  780 181 2461     +763351    -21         119    -42   12  10  257  +64  564  +64  564   64   9  0  0 L3E 16
E24 FF 60302 014600  780 322  528    +5026765   +217         150     +7    4   7  151  +14  461   +2  461    2   4  0  0 L3E B8
E25 FF 60302 014600  780 539 1261      +15630    +34         310    +39    3  10  100   -6  402  -20  402  -20   3  0  0 L3E B8
E02 FF 60302 020200  780 288 1815     -891310    +12         173    +43    6  12  168  -34  553  -26  553  -26   4  0  0 L3E 08
E03 FF 60302 020200  780 751   87     +822174    +24         395     -3    2  12   84   -1  363  +13  363   13   1  0  0 L3E 92
E05 FF 60302 020200  780 365  980   -47034264    -64         183    -28    4  12  135  +13  497  +46  497   46   4  0  0 L3E 26
E08 FF 60302 020200  780 321 3016    +1969274    +89         212    +30    8  12  152  -19  468  +10  468   10   7  0  0 L3E 0D
E13 FF 60302 020200  780 159 2933     +197503    -26          89    -27   18   7  291  +32  561  +54  561   54  14  0  0 L3E 0D
E15 FF 60302 020200  780 134 2420     +763339     +8          88    -12    9  12  341 +116  630  +39  630   39   7  0  0 L3E E9
E24 FF 60302 020200  780 287  482    +5026948   +157         137    -53    9  12  168  +21  469  +28  469   28   9  0  0 L3E 34
E25 FF 60302 020200  780 581 1169      +15648     +9         334    +14    3  12   95   -4  393   -3  393   -3   2  0  0 L3E 9F
E02 FF 60302 021800  780 352 1817     -891291    +23         222    +55    5  13  140  -23  522  -52  522  -52   3  0  0 L3E FA
E03 FF 60302 021800  780 767  322     +822203    +24         398     -3    2  12   83   +0  373  +13  373   13   2  0  0 L3E A3
E05 FF 60302 021800  780 325 1037   -47034324    -90         158    -54    7  12  150  +17  526  +50  526   50   7  0  0 L3E 1F
E08 FF 60302 021800  780 367 3051    +1969363    +99         244    +41    5  13  135  -15  463   -9  463   -9   3  0  0 L3E 10
E24 FF 60302 021800  780 247  447    +5027121   +166         110    -43   10  13  192  +32  497  +20  497   20   9  0  0 L3E 18
E25 FF 60302 021800  780 610 1054      +15649    -14         340    -10    3  13   92   -2  401   +7  401    7   3  0  0 L3E 84
E02 FF 60302 023400  780 417 1821     -891276     +1         269    +32    6  15  122  -16  496  -23  496  -23   5  0  0 L3E 01
E03 FF 60302 023400  780 765  585     +822230    +24         399     -3    2  12   83   +0  380  +12  380   12   2  0  0 L3E A5
E05 FF 60302 023400  780 283 1091   -47034395    -69         122    -33    8  12  170  +24  575  +56  575   56   6  0  0 L3E 36
E08 FF 60302 023400  780 415 3083    +1969446    +80         271    +21    4  15  122  -12  462   -4  462   -4   4  0  0 L3E F2
E13 FF 60302 023400  780 110 2825     +197484    -75          65    -76   22  14  412 +109  651  +80  651   80  16  0  0 L3E 28
E24 FF 60302 023400  780 203  421    +5027287   +196          73    -13   11  14  231  +50  517  +12  517   12   9  0  0 L3E FB
E25 FF 60302 023400  780 621  921      +15649     -9         347     -4    3  15   91   +0  398   +3  398    3   3  0  0 L3E 77
E02 FF 60302 025000  780 483 1827     -891268     -8         308    +24    3  17  108  -12  473  -10  473  -10   2  0  0 L3E F7
E03 FF 60302 025000  780 744  818     +822243    +15         391    -11    3  17   84   +1  396  +14  396   14   3  0  0 L3E C5
E05 FF 60302 025000  780 240 1141   -47034463   -101          88    -65   21  12  197  +34  616  +75  616   75  17  0  0 L3E 49
E08 FF 60302 025000  780 465 3111    +1969531   +102         299    +43    6  17  111  -10  447  -19  447  -19   5  0  0 L3E 34
E24 FF 60302 025000  780 157  405    +5027436   +169          22    -40   23  14  295  +87  554  +73  554   73  23  0  0 L3E 2C
E25 FF 60302 025000  780 614  790      +15638     -1         342     +4    2  17   92   +1  403   -5  403   -5   2  0  0 L3E 65
E02 FF 60302 030600  780 550 1831     -891265     +6         342    +37    4  18   99   -8  449  -26  449  -26   4  0  0 L3E F0
E03 FF 60302 030600  780 709  994     +822260    +13         382    -13    3  18   86   +2  396   +6  396    6   3  0  0 L3E B2
E08 FF 60302 030600  780 517 3134    +1969612    +97         324    +38    4  18  103   -8  436  -35  436  -35   4  0  0 L3E 1D
E25 FF 60302 030600  780 589  678      +15624    -31         333    -26    3  18   94   +3  397   +1  397    1   3  0  0 L3E A3
E02 FF 60302 032200  780 618 1834     -891267     +1         368    +33    3  20   92   -6  430  -27  430  -27   3  0  0 L3E D3
E03 FF 60302 032200  780 665 1123     +822270    +19         366     -8    3  20   88   +3  403   -6  403   -6   2  0  0 L3E A3
E08 FF 60302 032200  780 572 3149    +1969701    +85         357    +26    3  20   96   -6  414  -19  414  -19   4  0  0 L3E 0E
E25 FF 60302 032200  780 552  594      +15593    -23         305    -18    4  19   98   +5  397   -6  397   -6   3  0  0 L3E BB
E02 FF 60302 033800  780 686 1830     -891269    -10         396    +21    2  21   87   -4  406  -22  406  -22   2  0  0 L3E EA
E03 FF 60302 033800  780 615 1220     +822279     +0         348    -26    3  21   92   +5  406  +15  406   15   2  0  0 L3E B7
E07 FF 60302 033800  780 109 3091     +946579    -16          37    -36   21  21  418 -174  708  +38  708   38  17  0  0 L3E 45
E08 FF 60302 033800  780 628 3152    +1969779    +88         378    +29    2  21   91   -5  397   -9  397   -9   2  0  0 L3E 13
E25 FF 60302 033800  780 507  537      +15570    -42         287    -37    5  19  104   +7  392  +15  392   15   4  0  0 L3E D4
E30 FF 60302 033800  780 182 2118    +7668040   +317          92     +9   18  20  258  -77  754  -51  754  -51  16  0  0 L3E 48
E02 FF 60302 035400  780 753 1807     -891286    -34         411     -3    3  23   84   -3  395   +4  395    4   3  0  0 L3E B1
E03 FF 60302 035400  780 562 1296     +822281    -10         323    -37    3  23   97   +6  420  +27  420   27   2  0  0 L3E D0
E07 FF 60302 035400  780 157 3109     +946630    +79          69    +59   16  23  297  -90  672  -72  672  -72  11  0  0 L3E 46
E08 FF 60302 035400  780 685 3135    +1969853    +79         395    +20    2  23   87   -4  398  -20  398  -20   2  0  0 L3E 1E
E25 FF 60302 035400  780 457  501      +15531    -47         258    -42    6  23  113  +10  410  +34  410   34   5  0  0 L3E C0
E30 FF 60302 035400  780 237 2146    +7668402   +362         158    +54   11  20  201  -45  663  -92  663  -92  11  0  0 L3E 58
E02 FF 60302 041000  780 817 1719     -891307    -33         421     -2    2  24   82   -1  387   +4  387    4   2  0  0 L3E A3
E03 FF 60302 041000  780 507 1357     +822281    -16         297    -42    2  25  104   +9  437  +32  437   32   3  0  0 L3E E4
E07 FF 60302 041000  780 205 3123     +946712    +46         133    +26   15  25  230  -54  590  -33  590  -33  11  0  0 L3E 1E
E08 FF 60302 041000  780 742 3077    +1969923    +68         407     +9    2  25   84   -2  391   +6  391    6   1  0  0 L3E CA
E25 FF 60302 041000  780 405  481      +15488    -46         222    -40    5  25  124  +14  430  +24  430   24   5  0  0 L3E C1
E30 FF 60302 041000  780 291 2179    +7668739   +319         198    +10    4  20  166  -30  609  -22  609  -22   3  0  0 L3E 3B
E02 FF 60302 042600  780 863 1238     -891337    -28         422     +3    4  24   81   +0  377  -21  377  -21   3  0  0 L3E D8
E03 FF 60302 042600  780 450 1407     +822275     +7         266    -20    6  26  114  +12  469  +22  469   22   5  0  0 L3E E7
E07 FF 60302 042600  780 255 3130     +946754    +75         154    +55   12  26  188  -36  551  -70  551  -70  10  0  0 L3E 3A
E08 FF 60302 042600  780 792 2922    +1969989    +67         416     +7    3  26   82   -1  379   -6  379   -6   2  0  0 L3E F8
E25 FF 60302 042600  780 353  474      +15439    -60         178    -54    9  26  139  +18  440  +38  440   38   6  0  0 L3E EF
E30 FF 60302 042600  780 346 2217    +7669070   +342         233    +34   10  20  142  -20  554  -59  554  -59   9  0  0 L3E 47
E02 FF 60302 044200  780 834  546     -891374    -50         414    -19    2  24   81   +1  371   +7  371    7   2  0  0 L3E A6
E03 FF 60302 044200  780 392 1449     +822254    -22         219    -49    6  28  127  +16  509  +33  509   33   5  0  0 L3E 09
E07 FF 60302 044200  780 306 3129     +946815    +57         197    +37   10  28  159  -25  504  -33  504  -33   7  0  0 L3E 2E
E08 FF 60302 044200  780 818 2564    +1970049    +67         420     +8    3  28   82   +0  378   +0  378    0   3  0  0 L3E C1
E25 FF 60302 044200  780 302  477      +15410    -33         156    -27    9  28  160  +25  445  +31  445   31   6  0  0 L3E D1
E30 FF 60302 044200  780 400 2262    +7669405   +360         272    +52    6  28  126  -15  498  -51  498  -51   5  0  0 L3E 3E
E02 FF 60302 045800  780 776  418     -891417    -29         402     +3    3  24   83   +2  371   -2  371   -2   2  0  0 L3E A1
E03 FF 60302 045800  780 335 1484     +822252     +5         194    -22   10  29  146  +23  530  +28  530   28   9  0  0 L3E FD
E07 FF 60302 045800  780 356 3120     +946861    +69         224    +49    7  29  139  -18  482  -41  482  -41   6  0  0 L3E 2D
E08 FF 60302 045800  780 796 2180    +1970098    +60         413     +1    2  29   82   +1  384   +5  384    5   1  0  0 L3E C2
E25 FF 60302 045800  780 251  487      +15358    -87         109    -81   17  29  189  +36  470  +88  470   88  17  0  0 L3E 31
E30 FF 60302 045800  780 453 2315    +7669730   +346         302    +37    4  28  114  -11  469  -21  469  -21   4  0  0 L3E 3A
E02 FF 60302 051400  780 716  396     -891462    -59         387    -27    4  31   85   +3  376   +8  376    8   3  0  0 L3E CA
E03 FF 60302 051400  780 277 1514     +822246    -39         164    -66   11  31  173  +34  578  +87  578   87  10  0  0 L3E 3C
E07 FF 60302 051400  780 406 3099     +946918    +64         261    +44    7  31  124  -13  455  -27  455  -27   5  0  0 L3E 20
E08 FF 60302 051400  780 743 2000    +1970155    +48         413    -11    2  31   84   +3  389  +11  389   11   2  0  0 L3E DF
E25 FF 60302 051400  780 202  504      +15305    -71          63    -65   11  31  232  +54  504  +27  504   27   9  0  0 L3E C5
E30 FF 60302 051400  780 505 2376    +7670059   +337         335    +28    4  28  105   -8  442  -17  442  -17   5  0  0 L3E 29
E02 FF 60302 053000  780 658  403     -891513    -60         367    -29    3  33   89   +4  377   +3  377    3   2  0  0 L3E B4
E03 FF 60302 053000  780 220 1538     +822213    +24         103     -2   12  33  214  +54  668  +64  668   64  11  0  0 L3E FD
E07 FF 60302 053000  780 453 3063     +946969    +52         293    +32    4  33  114   -9  429  -20  429  -20   4  0  0 L3E 02
E08 FF 60302 053000  780 680 1924    +1970197    +28         395    -32    3  33   87   +4  400  +23  400   23   2  0  0 L3E E8
E25 FF 60302 053000  780 155  526      +15237    -64           1    -58   14  33  298  +87  530  +30  530   30  12  0  0 L3E D1
E30 FF 60302 053000  780 554 2448    +7670375   +328         356    +20    3  33   98   -6  428  -11  428  -11   3  0  0 L3E 15
E02 FF 60302 054600  780 602  422     -891569    -58         340    -27    4  34   93   +5  382   +2  382    2   4  0  0 L3E AE
E03 FF 60302 054600  780 163 1557     +822190    +29          55     +3   18  34  284  +95  788 +115  788  115  15  0  0 L3E 40
E07 FF 60302 054600  780 495 3010     +947017    +31         321    +11    3  34  106   -6  413   +5  413    5   3  0  0 L3E B0
E08 FF 60302 054600  780 615 1889    +1970230    +39         371    -20    4  34   92   +6  415   +9  415    9   3  0  0 L3E D9
E30 FF 60302 054600  780 600 2534    +7670690   +331         376    +22    4  34   93   -4  414  -22  414  -22   3  0  0 L3E 03
E02 FF 60302 060200  780 548  450     -891637    -52         303    -20    2  36   99   +7  399   +8  399    8   3  0  0 L3E C2
E07 FF 60302 060200  780 530 2937     +947054    +32         337    +12    3  36  101   -4  406   -8  406   -8   2  0  0 L3E CD
E08 FF 60302 060200  780 548 1871    +1970262    +28         345    -31    2  36   99   +8  429  +16  429   16   2  0  0 L3E 02
E27 FF 60302 060200  780 131 2451    +2318190   +164          78    +70   23  36  351 -111  737 -110  737 -110  20  0  0 L3E 64
E30 FF 60302 060200  780 642 2638    +7670998   +325         387    +16    5  36   90   -3  402  -22  402  -22   3  0  0 L3E 13
E02 FF 60302 061800  780 497  482     -891684    -57         287    -25    5  37  106   +8  390   -6  390   -6   3  0  0 L3E EB
E07 FF 60302 061800  780 554 2844     +947086    +31         349    +11    5  37   98   -2  398   +8  398    8   5  0  0 L3E E5
E08 FF 60302 061800  780 481 1862    +1970280    +19         306    -41    3  37  108  +12  452  +24  452   24   2  0  0 L3E 0D
E27 FF 60302 061800  780 173 2496    +2318310   +118         106    +23   14  37  271  -64  673  -68  673  -68   8  0  0 L3E 5E
E30 FF 60302 061800  780 679 2766    +7671304   +306         397     -3    3  37   87   -2  389   -9  389   -9   3  0  0 L3E 0C
E02 FF 60302 063400  780 448  517     -891754    -85         248    -53    5  39  115  +10  402  +26  402   26   4  0  0 L3E F6
E07 FF 60302 063400  780 563 2736     +947114    +22         357     +1    3  39   97   +0  396   +3  396    3   4  0  0 L3E B5
E08 FF 60302 063400  780 415 1856    +1970303    +27         274    -32    4  39  122  +16  476  +31  476   31   3  0  0 L3E 16
E27 FF 60302 063400  780 213 2545    +2318433   +114         139    +20    9  39  221  -41  627  -77  627  -77   6  0  0 L3E 3F
E30 FF 60302 063400  780 707 2922    +7671604   +306         400     -2    2  39   86   -1  383   -3  383   -3   2  0  0 L3E D5
E36 FF 60302 063400  780 152  805    +1620065    +36         -20    -17   21  39  306  -60  536  +32  536   32  20  0  0 L3E 0F
E02 FF 60302 065000  780 401  556     -891814    -63         219    -31    6  39  125  +12  403   +2  403    2   5  0  0 L3E BA
E07 FF 60302 065000  780 556 2625     +947129    +35         353    +15    2  41   98   +2  400  -10  400  -10   2  0  0 L3E D5
E08 FF 60302 065000  780 350 1852    +1970318    +16         233    -43    6  41  141  +23  511  +38  511   38   4  0  0 L3E 04
E27 FF 60302 065000  780 253 2596    +2318555   +101         170     +7   11  40  189  -28  572   -7  572   -7   7  0  0 L3E 1C
E30 FF 60302 065000  780 726 3106    +7671901   +305         402     -3    2  41   85   -1  380   -7  380   -7   3  0  0 L3E CC
E36 FF 60302 065000  780 178  750    +1620158    +50          25     -2   14  41  261  -35  508  -30  508  -30  13  0  0 L3E FD
E02 FF 60302 070600  780 356  597     -891873    -91         190    -59    4  39  138  +15  402  +22  402   22   4  0  0 L3E FE
E07 FF 60302 070600  780 534 2521     +947139    +22         344     +2    4  42  101   +4  405   -9  405   -9   3  0  0 L3E B8
E08 FF 60302 070600  780 287 1848    +1970327     +3         184    -57    8  42  168  +34  560  +56  560   56   6  0  0 L3E 22
E27 FF 60302 070600  780 292 2649    +2318674   +114         199    +19    7  40  165  -21  529  -32  529  -32   6  0  0 L3E 4B
E30 FF 60302 070600  780 732 3307    +7672194   +298         400    -11    2  42   84   +0  370   -6  370   -6   2  0  0 L3E E3
E36 FF 60302 070600  780 199  692    +1620248    +35          65    -17   17  42  236  -19  460   +8  460    8  17  0  0 L3E 05
E02 FF 60302 073400  780 283  672     -891995    -71         121    -39    9  45  170  +23  424  +14  424   14   7  0  0 L3E FD
E07 FF 60302 073400  780 467 2378     +947143     +2         313    -18    4  45  111   +9  415   +4  415    4   4  0  0 L3E B9
E08 FF 60302 073400  780 181 1838    +1970335    +33          92    -27   20  45  257  +81  711 +118  711  118  15  0  0 L3E 50
E27 FF 60302 073400  780 359 2748    +2318878   +138         243    +44    5  40  138  -13  463  -56  463  -56   3  0  0 L3E 52
E30 FF 60302 073400  780 714   40    +7672695   +302         384     -7    2  45   85   +1  354  -12  354  -12   2  0  0 L3E D6
E34 FF 60302 073400  780 259 1143     +850880    +11          97    -10    8  45  185  -32  476  +23  476   23   5  0  0 L3E FD
E36 FF 60302 073400  780 215  587    +1620357    +49          85     -3   14  45  219   -2  431   -7  431   -7  13  0  0 L3E DF
E02 FF 60302 075000  780 243  717     -892056    -38          90     -7   10  47  195  +30  429  -22  429  -22   9  0  0 L3E F7
E07 FF 60302 075000  780 418 2316     +947133     -2         284    -22    4  45  121  +12  427   +3  427    3   3  0  0 L3E BC
E27 FF 60302 075000  780 397 2807    +2318986    +95         263     +0    8  47  126  -10  439   -9  439   -9   7  0  0 L3E 14
E30 FF 60302 075000  780 692  197    +7672980   +283         374    -25    3  47   86   +1  345   +6  345    6   3  0  0 L3E E6
E34 FF 60302 075000  780 304 1092     +850946    +21         142     +0    7  47  160  -21  433   -6  433   -6   7  0  0 L3E CA
E36 FF 60302 075000  780 212  528    +1620385    +13          64    -39   10  47  222   +8  437  +25  437   25   8  0  0 L3E F0
E02 FF 60302 080600  780 205  763     -892113    -63          64    -31   14  48  229  +42  425   -5  425   -5  12  0  0 L3E E8
E07 FF 60302 080600  780 366 2267     +947123    -29         254    -49    4  45  135  +17  440  +31  440   31   3  0  0 L3E 05
E27 FF 60302 080600  780 435 2869    +2319096   +109         283    +15    4  48  117   -9  410  -19  410  -19   4  0  0 L3E 32
E30 FF 60302 080600  780 665  331    +7673262   +288         361    -20    4  48   88   +2  341   -3  341   -3   3  0  0 L3E DA
E34 FF 60302 080600  780 345 1033     +850998    +56         174    +35    8  48  143  -14  401  -35  401  -35   6  0  0 L3E 16
E36 FF 60302 080600  780 200  472    +1620418    +25          46    -27   17  48  234  +19  440  +14  440   14  15  0  0 L3E 05
E02 FF 60302 082200  780 167  809     -892172    -69          35    -37   12  50  277  +61  414  -20  414  -20  13  0  0 L3E 0F
E07 FF 60302 082200  780 312 2226     +947105    -11         216    -31    6  45  155  +25  461  +24  461   24   6  0  0 L3E F1
E15 FF 60302 082200  780 220 1539     +763815    +45          97    +24   17  45  216  -56  512  -46  512  -46  15  0  0 L3E 2B
E27 FF 60302 082200  780 473 2932    +2319205   +129         301    +35    4  50  110   -7  389  -33  389  -33   3  0  0 L3E 21
E30 FF 60302 082200  780 635  447    +7673543   +298         348    -10    3  50   90   +3  335   -2  335   -2   3  0  0 L3E DA
E34 FF 60302 082200  780 380  966     +851025    +31         182    +10    6  50  131   -9  391   -9  391   -9   6  0  0 L3E CA
E36 FF 60302 082200  780 180  421    +1620460    +23          40    -29   11  50  259  +34  429   -4  429   -4  12  0  0 L3E EA
E07 FF 60302 083800  780 257 2191     +947079    -19         171    -40    8  45  185  +37  493  +32  493   32   7  0  0 L3E 24
E15 FF 60302 083800  780 280 1516     +763883   +112         145    +91   14  45  172  -36  441 -105  441 -105  13  0  0 L3E 65
E27 FF 60302 083800  780 512 2998    +2319320   +115         326    +21    6  51  104   -6  363  -18  363  -18   6  0  0 L3E 27
E30 FF 60302 083800  780 603  548    +7673823   +281         332    -27    3  50   93   +3  328   -8  328   -8   3  0  0 L3E EB
E34 FF 60302 083800  780 406  891     +851071    +24         209     +3    4  51  124   -6  367  -11  367  -11   4  0  0 L3E D6
E36 FF 60302 083800  780 152  377    +1620484     +5          16    -47   19  51  304  +61  414   -9  414   -9  19  0  0 L3E F8
E07 FF 60302 085400  780 204 2160     +947057    -81         129   -101   10  53  230  +59  543 +122  543  122   8  0  0 L3E 3E
E15 FF 60302 085400  780 341 1491     +763951    +27         196     +7    7  53  144  -24  404   -6  404   -6   5  0  0 L3E E3
E27 FF 60302 085400  780 551 3068    +2319418   +106         337    +12    2  53   99   -5  349  -22  349  -22   2  0  0 L3E 1B
E30 FF 60302 085400  780 569  640    +7674092   +291         307    -17    3  53   96   +4  328   -9  328   -9   2  0  0 L3E F6
E34 FF 60302 085400  780 421  809     +851092    +51         214    +31    4  53  120   -2  352  -37  352  -37   3  0  0 L3E DD
E36 FF 60302 085400  780 118  339    +1620515    -22          -4    -73   23  53  386 +116  387  +16  387   16  22  0  0 L3E 2C
E07 FF 60302 091000  780 151 2130     +947031    -45          83    -65   15  55  305 +102  617 +111  617  111  11  0  0 L3E 2E
E15 FF 60302 091000  780 402 1461     +764000    +73         223    +52    4  55  125  -17  378  -39  378  -39   4  0  0 L3E 10
E21 FF 60302 091000  780 113 2863    +5704027    +42          81    +23   24  55  406 -134  528  -81  528  -81  20  0  0 L3E 3D
E27 FF 60302 091000  780 591 3142    +2319522   +124         354    +30    2  55   94   -4  329  -37  329  -37   2  0  0 L3E 10
E30 FF 60302 091000  780 534  724    +7674369   +280         289    -28    3  55  101   +5  321   -1  321   -1   3  0  0 L3E E3
E34 FF 60302 091000  780 424  726     +851112     +7         214    -14    5  53  120   +1  334  -14  334  -14   5  0  0 L3E BA
E07 FF 60302 092600  780 101 2102     +946971    -87           3   -107   29  56  447 +209  796 +261  796  261  29  0  0 L3E 70
E15 FF 60302 092600  780 464 1423     +764063    +75         266    +55    7  56  112  -12  343  -43  343  -43   6  0  0 L3E 15
E21 FF 60302 092600  780 151 2905    +5704068    +51         104    +32   16  56  307  -79  458  -80  458  -80  14  0  0 L3E 53
E27 FF 60302 092600  780 631 3224    +2319625   +112         367    +18    3  56   91   -3  309  -23  309  -23   3  0  0 L3E 0F
E30 FF 60302 092600  780 498  801    +7674646   +280         270    -28    4  56  106   +6  309   -7  309   -7   4  0  0 L3E 04
E34 FF 60302 092600  780 414  647     +851126    +18         208     -3    5  53  122   +4  314  -25  314  -25   5  0  0 L3E CF
E13 FF 60302 094200  780 157 1851     +197547    -16         105    -17   23  58  297 -111  536 -116  536 -116  21  0  0 L3E 76
E15 FF 60302 094200  780 523 1371     +764116    +51         299    +31    4  58  102   -8  319  -21  319  -21   3  0  0 L3E F8
E21 FF 60302 094200  780 191 2945    +5704100    +87         118    +69   15  56  245  -52  418  -99  418  -99  12  0  0 L3E 65
E27 FF 60302 094200  780 671 3319    +2319721   +102         372     +9    2  58   88   -3  295  -14  295  -14   1  0  0 L3E 0B
E30 FF 60302 094200  780 460  873    +7674922   +270         251    -38    4  58  112   +7  303   +8  303    8   4  0  0 L3E E3
E34 FF 60302 094200  780 393  575     +851132    +18         195     -2    5  53  127   +7  301  -25  301  -25   4  0  0 L3E D3
E13 FF 60302 095800  780 217 1854     +197573    +66         132    +66   10  59  218  -60  434 -104  434 -104   8  0  0 L3E 53
E15 FF 60302 095800  780 577 1299     +764158    +39         322    +18    2  59   96   -6  302  -11  302  -11   2  0  0 L3E FB
E21 FF 60302 095800  780 233 2983    +5704127    +72         127    +53    9  56  204  -36  390  -56  390  -56   6  0  0 L3E 3A
E27 FF 60302 095800  780 711 3435    +2319821   +112         382    +18    4  59   85   -2  282  -19  282  -19   3  0  0 L3E 22
E30 FF 60302 095800  780 421  941    +7675194   +298         227    -10    7  58  120   +9  300  -12  300  -12   6  0  0 L3E 0D
E34 FF 60302 095800  780 362  516     +851135    -18         177    -38    6  59  136  +12  291   +2  291    2   6  0  0 L3E DB
E13 FF 60302 101400  780 279 1861     +197610    +79         170    +78    6  61  173  -37  376  -72  376  -72   5  0  0 L3E 2B
E15 FF 60302 101400  780 623 1198     +764196    +41         342    +20    3  61   91   -3  288  -18  288  -18   3  0  0 L3E F2
E21 FF 60302 101400  780 277 3019    +5704194    +62         176    +43   14  56  174  -27  333  -46  333  -46  11  0  0 L3E 45
E27 FF 60302 101400  780 747 3590    +2319914   +103         387     +9    4  61   84   -1  274  -10  274  -10   3  0  0 L3E FC
E30 FF 60302 101400  780 381 1004    +7675456   +274         194    -34    6  58  131  +12  306   +3  306    3   5  0  0 L3E F4
E34 FF 60302 101400  780 324  469     +851129    -14         152    -35    6  61  150  +18  285   -4  285   -4   6  0  0 L3E D9
E13 FF 60302 103000  780 343 1871     +197677    +34         236    +33    5  63  143  -25  322  -11  322  -11   4  0  0 L3E FA
E15 FF 60302 103000  780 654 1062     +764221    +30         346     +9    3  63   89   -2  281  -15  281  -15   2  0  0 L3E CB
E21 FF 60302 103000  780 322 3052    +5704236    +37         200    +19    7  63  151  -20  312  -22  312  -22   6  0  0 L3E F3
E27 FF 60302 103000  780 776  209    +2320005    +88         388     -6    2  63   83   -1  270   -1  270   -1   2  0  0 L3E A7
E30 FF 60302 103000  780 340 1062    +7675723   +257         166    -51    7  58  144  +16  304  +20  304   20   6  0  0 L3E 11
E34 FF 60302 103000  780 281  434     +851114    -29         118    -50    8  62  171  +26  281   +2  281    2   7  0  0 L3E BB
E13 FF 60302 104600  780 409 1885     +197708    +35         266    +35    3  64  124  -17  310  -16  310  -16   2  0  0 L3E 0B
E15 FF 60302 104600  780 664  903     +764241    +19         348     -1    3  64   88   +0  272  -10  272  -10   2  0  0 L3E BD
E21 FF 60302 104600  780 370 3081    +5704287    +50         234    +31    5  64  134  -16  288  -17  288  -17   4  0  0 L3E 24
E27 FF 60302 104600  780 787  502    +2320098    +90         391     -3    2  64   82   +0  262   +0  262    0   1  0  0 L3E 95
E30 FF 60302 104600  780 297 1117    +7675992   +279         138    -29   10  64  162  +22  304   -1  304   -1   9  0  0 L3E 28
E34 FF 60302 104600  780 234  411     +851101    -52          85    -73   13  62  202  +40  275  +24  275   24  13  0  0 L3E E9
E13 FF 60302 110200  780 476 1902     +197753    +34         308    +34    4  66  110  -12  288  -14  288  -14   3  0  0 L3E 0B
E15 FF 60302 110200  780 652  749     +764257    +10         343    -10    2  66   89   +2  262  -13  262  -13   2  0  0 L3E CC
E21 FF 60302 110200  780 420 3105    +5704339    +60         269    +42    5  66  121  -12  267  -22  267  -22   5  0  0 L3E 0C
E27 FF 60302 110200  780 773  796    +2320182    +85         385     -9    1  64   83   +1  260   +1  260    1   1  0  0 L3E 9E
E30 FF 60302 110200  780 254 1167    +7676267   +315         117     +8    9  66  188  +31  294  -31  294  -31   7  0  0 L3E 30
E34 FF 60302 110200  780 185  397     +851077    -61          43    -81   14  66  252  +66  277  +28  277   28  12  0  0 L3E 16
E13 FF 60302 111800  780 543 1922     +197786    +27         340    +27    2  67  100   -9  271   -8  271   -8   2  0  0 L3E DE
E15 FF 60302 111800  780 620  627     +764266     +0         334    -21    2  67   91   +3  249   -3  249   -3   2  0  0 L3E 9D
E21 FF 60302 111800  780 472 3123    +5704380    +65         292    +47    7  67  110  -10  256  -25  256  -25   7  0  0 L3E 1F
E27 FF 60302 111800  780 739 1015    +2320259    +91         376     -2    2  67   84   +2  260   -5  260   -5   2  0  0 L3E C1
E30 FF 60302 111800  780 209 1214    +7676516   +281          69    -27    9  67  225  +47  308  -13  308  -13   8  0  0 L3E 31
E34 FF 60302 111800  780 135  391     +851059    +23           5     +3   23  67  339 +122  270  -42  270  -42  18  0  0 L3E F3
E13 FF 60302 113400  780 611 1948     +197818    +30         371    +30    3  69   92   -6  258  -16  258  -16   2  0  0 L3E F6
E15 FF 60302 113400  780 577  544     +764259    -15         307    -35    4  67   96   +5  248   +7  248    7   4  0  0 L3E C5
E21 FF 60302 113400  780 527 3133    +5704429    +60         322    +42    4  68  102   -8  243  -20  243  -20   3  0  0 L3E F3
E27 FF 60302 113400  780 694 1163    +2320341    +78         367    -15    3  69   86   +3  256   -1  256   -1   2  0  0 L3E DC
E13 FF 60302 115000  780 679 1979     +197841    +31         394    +31    2  71   87   -4  248  -19  248  -19   2  0  0 L3E 07
E15 FF 60302 115000  780 527  493     +764252     -8         281    -28    5  67  102   +7  245   -2  245   -2   4  0  0 L3E B5
E21 FF 60302 115000  780 582 3132    +5704473    +43         348    +24    3  68   95   -6  236   -4  236   -4   3  0  0 L3E D9
E26 FF 60302 115000  780 153 2152    -3189203    -50         102    +61   23  71  304 -105  397 -108  397 -108  21  0  0 L3E 6B
E27 FF 60302 115000  780 642 1267    +2320411    +71         345    -22    2  71   90   +4  260   +5  260    5   2  0  0 L3E AC
E13 FF 60302 120600  780 746 2023     +197859    +14         411    +13    2  71   84   -3  239   -7  239   -7   2  0  0 L3E C7
E15 FF 60302 120600  780 473  464     +764238    -27         248    -47    6  67  110  +10  246   +9  246    9   6  0  0 L3E DB
E21 FF 60302 120600  780 638 3111    +5704515    +34         372    +16    2  68   90   -5  230   +2  230    2   2  0  0 L3E AE
E26 FF 60302 120600  780 206 2183    -3189289    -78         123    +33   17  72  229  -58  345  -45  345  -45  14  0  0 L3E 5F
E27 FF 60302 120600  780 587 1344    +2320479    +56         324    -38    4  72   95   +6  263  +15  263   15   4  0  0 L3E FB
E13 FF 60302 122200  780 812 2098     +197859     +5         413     +5    2  74   82   -1  241   -3  241   -3   2  0  0 L3E 97
E15 FF 60302 122200  780 419  452     +764221     +7         217    -13    8  74  121  +13  250  -20  250  -20   7  0  0 L3E CC
E21 FF 60302 122200  780 693 3058    +5704551    +23         390     +4    2  74   86   -3  226  +10  226   10   2  0  0 L3E CA
E26 FF 60302 122200  780 259 2220    -3189346    -96         173    +14   10  74  185  -36  300   -3  300   -3   9  0  0 L3E 09
E27 FF 60302 122200  780 529 1404    +2320543    +52         299    -41    3  74  101   +8  267  +18  267   18   3  0  0 L3E FF
E13 FF 60302 123800  780 873 2417     +197858     -1         413     -1    3  75   81   +0  239   -3  239   -3   3  0  0 L3E A8
E15 FF 60302 123800  780 365  451     +764214     +0         190    -20    5  75  135  +18  246  -16  246  -16   4  0  0 L3E E4
E21 FF 60302 123800  780 742 2943    +5704576    +32         397    +13    2  74   84   -2  231   -2  231   -2   1  0  0 L3E D1
E26 FF 60302 123800  780 312 2262    -3189421    -60         205    +50    6  75  156  -24  290  -26  290  -26   5  0  0 L3E 20
E27 FF 60302 123800  780 470 1452    +2320599    +65         264    -28    5  75  110  +11  272   +1  272    1   5  0  0 L3E E7
E13 FF 60302 125400  780 853   19     +197854    -20         410    -20    2  77   81   +1  236   +8  236    8   2  0  0 L3E 91
E15 FF 60302 125400  780 313  460     +764184    +42         142    +22   10  77  155  +24  260  -51  260  -51   9  0  0 L3E FC
E21 FF 60302 125400  780 775 2723    +5704599    +21         403     +3    4  74   83   -1  233   +1  233    1   3  0  0 L3E AC
E26 FF 60302 125400  780 363 2311    -3189484    -55         248    +56    5  77  137  -17  271  -34  271  -34   5  0  0 L3E 37
E27 FF 60302 125400  780 410 1492    +2320651    +55         225    -39    6  77  123  +15  279   +4  279    4   6  0  0 L3E F6
E13 FF 60302 131000  780 793  177     +197846    -12         404    -12    1  79   82   +2  231   -2  231   -2   1  0  0 L3E A3
E15 FF 60302 131000  780 262  476     +764172    -24         110    -44    8  78  182  +33  253   +6  253    6   8  0  0 L3E CB
E21 FF 60302 131000  780 774 2425    +5704620    +12         411     -7    3  79   83   +1  230   +5  230    5   3  0  0 L3E 9D
E26 FF 60302 131000  780 413 2366    -3189559    -61         280    +50    6  79  122  -12  262  -27  262  -27   6  0  0 L3E 29
E27 FF 60302 131000  780 351 1525    +2320705    +32         189    -61    5  79  140  +21  278  +21  278   21   4  0  0 L3E 06
E13 FF 60302 132600  780 734  246     +197829    -25         388    -25    2  80   84   +3  230   +6  230    6   2  0  0 L3E AA
E15 FF 60302 132600  780 213  497     +764155    -10          74    -30   10  78  221  +48  259   +8  259    8  10  0  0 L3E E3
E21 FF 60302 132600  780 739 2197    +5704629     +7         403    -11    3  80   84   +2  235   +4  235    4   3  0  0 L3E B6
E26 FF 60302 132600  780 461 2430    -3189650    -77         295    +34    4  80  112   -9  263  -14  263  -14   4  0  0 L3E 15
E27 FF 60302 132600  780 292 1552    +2320755    +42         149    -52   12  80  165  +31  282   +9  282    9  10  0  0 L3E 10
E13 FF 60302 134200  780 677  298     +197813    -24         370    -24    3  82   87   +4  230   +6  230    6   2  0  0 L3E AA
E15 FF 60302 134200  780 166  524     +764123    -25          23    -45   15  78  279  +76  282  +10  282   10  15  0  0 L3E 02
E21 FF 60302 134200  780 686 2071    +5704637    +13         392     -6    2  82   87   +4  236   -4  236   -4   2  0  0 L3E C9
E26 FF 60302 134200  780 507 2502    -3189720    -99         331    +11    3  81  104   -7  250   +4  250    4   3  0  0 L3E CD
E27 FF 60302 134200  780 233 1575    +2320804    +71         107    -22   10  82  203  +49  285   -5  285   -5   9  0  0 L3E 09
E13 FF 60302 135800  780 622  345     +197790    -15         345    -16    3  83   91   +5  235   -4  235   -4   3  0  0 L3E BA
E15 FF 60302 135800  780 121  554     +764087    +37         -33    +17   27  78  376 +133  297  -54  297  -54  26  0  0 L3E 50
E21 FF 60302 135800  780 625 2003    +5704634     -9         372    -28    4  83   91   +5  240   +7  240    7   3  0  0 L3E B7
E26 FF 60302 135800  780 550 2585    -3189812   -108         346     +3    3  83   99   -5  248   +8  248    8   3  0  0 L3E F0
E27 FF 60302 135800  780 175 1592    +2320852    +66          65    -27   17  83  265  +85  294  -10  294  -10  16  0  0 L3E 49
E13 FF 60302 141400  780 570  391     +197766    -33         325    -33    2  85   96   +6  226   +8  226    8   2  0  0 L3E B5
E21 FF 60302 141400  780 560 1965    +5704623     +3         343    -16    5  85   97   +8  240  -11  240  -11   4  0  0 L3E E1
E26 FF 60302 141400  780 589 2680    -3189907   -103         358     +8    3  85   94   -4  235   +2  235    2   2  0  0 L3E E0
E33 FF 60302 141400  780 129 2484      -47602    +27          72    +33   15  85  356 -109  288  -20  288  -20  13  0  0 L3E 29
E13 FF 60302 143000  780 520  437     +197740     -3         300     -3    4  87  102   +7  225  -21  225  -21   4  0  0 L3E A8
E21 FF 60302 143000  780 494 1942    +5704608     -9         311    -27    3  86  106  +11  245   +0  245    0   3  0  0 L3E CE
E26 FF 60302 143000  780 623 2790    -3190001    -87         370    +23    3  87   91   -3  231  -19  231  -19   3  0  0 L3E F6
E31 FF 60302 143000  780 103 3232     +123402    +41          10    +33   21  87  443 -192  225   +2  225    2  18  0  0 L3E D2
E33 FF 60302 143000  780 169 2533      -47576    +40         103    +46    9  87  276  -63  280  -22  280  -22   5  0  0 L3E 04
E08 FF 60302 144600  780 170  832    +1971798   +186          38   +127   11  85  275  -45  264  -86  264  -86  10  0  0 L3E 6C
E13 FF 60302 144600  780 473  484     +197711    -19         271    -18    3  88  110   +8  226   -3  226   -3   2  0  0 L3E CA
E21 FF 60302 144600  780 428 1926    +5704588    -21         273    -39    5  86  119  +15  251   +4  251    4   4  0  0 L3E FC
E26 FF 60302 144600  780 652 2916    -3190101   -111         377     +0    3  88   89   -2  229   +1  229    1   3  0  0 L3E CA
E31 FF 60302 144600  780 147 3213     +123459    +78          60    +70   22  88  315  -91  214  -26  214  -26  19  0  0 L3E 22
E33 FF 60302 144600  780 208 2584      -47547     -6         139     +1   14  88  227  -41  270  +19  270   19  12  0  0 L3E FB
E08 FF 60302 150200  780 195  776    +1971878    +89          59    +30   21  90  241  -27  263  -16  263  -16  19  0  0 L3E 3F
E13 FF 60302 150200  780 427  531     +197683    -14         239    -14    4  90  119  +10  236   -7  236   -7   3  0  0 L3E D5
E21 FF 60302 150200  780 364 1915    +5704566    -30         234    -49    3  86  136  +21  256  +14  256   14   2  0  0 L3E 10
E26 FF 60302 150200  780 675 3059    -3190203   -113         382     -2    4  90   88   -1  227   +3  227    3   4  0  0 L3E C5
E31 FF 60302 150200  780 189 3186     +123502    +80          97    +72   26  90  249  -51  212  -35  212  -35  22  0  0 L3E 19
E33 FF 60302 150200  780 246 2638      -47519     +1         173     +8   12  90  194  -29  257   +6  257    6   8  0  0 L3E CA
E07 FF 60302 151800  780 195 1260     +947436    +91          62    +72   13  91  242  -59  274  -32  274  -32   9  0  0 L3E 22
E08 FF 60302 151800  780 213  718    +1971966   +130          91    +71   16  91  221  -15  250  -57  250  -57  15  0  0 L3E 39
E13 FF 60302 151800  780 384  580     +197659     +0         215     +0    6  90  130  +12  245  -13  245  -13   6  0  0 L3E CB
E21 FF 60302 151800  780 301 1905    +5704544    -40         195    -59    5  86  161  +31  263  +19  263   19   4  0  0 L3E 1A
E26 FF 60302 151800  780 689 3217    -3190312   -107         379     +4    3  91   87   -1  229   -5  229   -5   2  0  0 L3E EB
E31 FF 60302 151800  780 226 3150     +123537    +30         125    +23   11  91  210  -31  215   -1  215   -1  11  0  0 L3E D9
E33 FF 60302 151800  780 283 2694      -47501    +28         197    +35   10  91  170  -21  255  -14  255  -14   9  0  0 L3E 15
E07 FF 60302 153400  780 242 1219     +947487    +92          93    +73   16  93  197  -37  276  -27  276  -27  12  0  0 L3E 49
E08 FF 60302 153400  780 224  658    +1972008     -8          76    -67   14  91  211   -6  271  +67  271   67  14  0  0 L3E 05
E13 FF 60302 153400  780 343  629     +197632    -51         188    -51    7  90  143  +15  248  +23  248   23   6  0  0 L3E F9
E21 FF 60302 153400  780 239 1895    +5704510    -20         142    -38    5  93  198  +48  274   -3  274   -3   5  0  0 L3E 0C
E26 FF 60302 153400  780 695 3384    -3190424   -116         376     -5    3  93   86   +0  229   +2  229    2   3  0  0 L3E D9
E31 FF 60302 153400  780 257 3106     +123567    +28         149    +21   11  93  186  -20  217  +12  217   12   9  0  0 L3E 06
E33 FF 60302 153400  780 320 2751      -47488     +6         216    +13   12  93  152  -16  250   +1  250    1   7  0  0 L3E B8
E07 FF 60302 155000  780 289 1172     +947542    +79         128    +60   13  95  167  -25  273  -28  273  -28  11  0  0 L3E 4C
E08 FF 60302 155000  780 226  598    +1972060    +51          71     -7   11  91  209   +2  283   +4  283    4  11  0  0 L3E C6
E13 FF 60302 155000  780 304  679     +197607    -40         163    -40   11  90  159  +19  252  +20  252   20   8  0  0 L3E F8
E21 FF 60302 155000  780 181 1885    +5704472    -79          86    -97   11  95  258  +81  288  +63  288   63   8  0  0 L3E 49
E26 FF 60302 155000  780 693 3550    -3190536   -122         372    -11    3  95   86   +0  229   +6  229    6   2  0  0 L3E E3
E31 FF 60302 155000  780 281 3053     +123598    +80         175    +73   13  95  171  -12  213  -49  213  -49  10  0  0 L3E 2C
E33 FF 60302 155000  780 357 2811      -47469     -6         242     +1    7  95  138  -13  241  +15  241   15   5  0  0 L3E C9
E07 FF 60302 160600  780 333 1119     +947595    +67         162    +48    8  96  147  -17  268  -27  268  -27   7  0  0 L3E 3D
E08 FF 60302 160600  780 219  541    +1972128    +39          83    -20   11  91  215  +11  266  +19  266   19  11  0  0 L3E 12
E13 FF 60302 160600  780 265  730     +197579    -35         134    -35   11  90  180  +24  257   +2  257    2  11  0  0 L3E EC
E21 FF 60302 160600  780 124 1873    +5704432    -50          28    -68   16  96  368 +159  296  +19  296   19  16  0  0 L3E 5D
E26 FF 60302 160600  780 683  109    -3190645   -116         371     -5    3  96   87   +1  225   +0  225    0   2  0  0 L3E B6
E31 FF 60302 160600  780 297 2994     +123613    +17         182    +10   15  96  163   -6  223   +0  223    0  11  0  0 L3E DC
E33 FF 60302 160600  780 394 2871      -47459    -13         258     -6    8  96  127  -10  243  +18  243   18   7  0  0 L3E F6
E07 FF 60302 162200  780 372 1058     +947644    +81         190    +62    8  98  134  -12  260  -40  260  -40   7  0  0 L3E 13
E08 FF 60302 162200  780 204  487    +1972165    +71          67    +12   13  98  230  +21  270  -18  270  -18  13  0  0 L3E 1D
E13 FF 60302 162200  780 228  780     +197542   -101          86   -101    9  98  207  +32  268  +74  268   74   8  0  0 L3E 18
E26 FF 60302 162200  780 668  256    -3190763   -120         358     -9    2  98   88   +1  231   +3  231    3   2  0  0 L3E C1
E31 FF 60302 162200  780 304 2929     +123641    +39         205    +31    8  98  159   -1  219  -12  219  -12   5  0  0 L3E F7
E33 FF 60302 162200  780 431 2934      -47448     +9         278    +16    5  98  118   -9  237   -5  237   -5   4  0  0 L3E CF
E07 FF 60302 163800  780 404  989     +947686    +13         212     -6    7  99  125   -7  254  +18  254   18   6  0  0 L3E F2
E08 FF 60302 163800  780 181  439    +1972196     +8          42    -51   13  98  258  +37  278  +28  278   28  13  0  0 L3E 2B
E13 FF 60302 163800  780 191  831     +197523    -57          67    -57   15  99  244  +45  260  +23  260   23  13  0  0 L3E 10
E26 FF 60302 163800  780 647  389    -3190879   -116         350     -5    6  99   89   +2  230   -2  230   -2   5  0  0 L3E E2
E31 FF 60302 163800  780 300 2863     +123643    -38         200    -46    8  99  161   +4  225  +37  225   37   5  0  0 L3E F1
E33 FF 60302 163800  780 469 2998      -47438    +17         296    +24    6  99  111   -7  233   -9  233   -9   5  0  0 L3E F2
E07 FF 60302 165400  780 427  911     +947721    +15         226     -4    8 101  119   -4  249  +11  249   11   6  0  0 L3E DC
E08 FF 60302 165400  780 151  398    +1972260    +37          49    -21   23  98  306  +65  247  -13  247  -13  22  0  0 L3E 2F
E26 FF 60302 165400  780 622  508    -3190993   -115         342     -3    3 101   91   +2  229   -5  229   -5   3  0  0 L3E D7
E31 FF 60302 165400  780 287 2797     +123650    -14         201    -21    6 101  168  +10  223  +13  223   13   5  0  0 L3E F7
E33 FF 60302 165400  780 507 3065      -47424    +18         318    +25    3 101  104   -6  228   -6  228   -6   3  0  0 L3E D1
E07 FF 60302 171000  780 439  829     +947747    +18         231     -2    6 103  117   -1  249   +1  249    1   5  0  0 L3E BD
E08 FF 60302 171000  780 116  364    +1972289    +38          21    -21   29  98  393 +124  251  -14  251  -14  29  0  0 L3E 3B
E26 FF 60302 171000  780 594  617    -3191117   -125         323    -13    3 103   94   +3  235   +0  235    0   2  0  0 L3E C5
E31 FF 60302 171000  780 266 2734     +123627    -48         172    -55    8 103  180  +16  237  +40  237   40   6  0  0 L3E 0C
E33 FF 60302 171000  780 546 3134      -47411    +11         341    +18    3 103   99   -5  221   +2  221    2   2  0  0 L3E 95
E07 FF 60302 172600  780 439  745     +947763    +24         228     +4    6 104  117   +1  249   -9  249   -9   6  0  0 L3E E1
E24 FF 60302 172600  780 114 3164    +5038459   +202          31     -8   10  99  399  -35  239  +19  239   19   8  0  0 L3E 2E
E26 FF 60302 172600  780 563  715    -3191236   -115         311     -4    3 103   97   +4  237   -7  237   -7   3  0  0 L3E DB
E31 FF 60302 172600  780 237 2675     +123633    -44         171    -51   16 104  200  +26  227  +29  227   29  14  0  0 L3E 2E
E33 FF 60302 172600  780 586 3209      -47406     +8         352    +15    2 104   95   -4  222   -4  222   -4   1  0  0 L3E AB
E07 FF 60302 174200  780 426  667     +947782    +15         228     -5    4 106  119   +4  243  -10  243  -10   4  0  0 L3E E9
E24 FF 60302 174200  780 120 3113    +5038653   +240          27    +31   12 106  379   -8  249  -11  249  -11   9  0  0 L3E 27
E26 FF 60302 174200  780 529  806    -3191358   -145         296    -34    2 103  101   +5  241  +20  241   20   1  0  0 L3E 00
E31 FF 60302 174200  780 203 2621     +123612    -18         144    -25   10 106  231  +40  236   +1  236    1   6  0  0 L3E D4
E33 FF 60302 174200  780 628 3291      -47402     -5         361     +2    3 106   91   -4  222  +12  222   12   3  0  0 L3E 9E
E07 FF 60302 175800  780 403  598     +947780     +9         207    -11    4 107  125   +7  249   -4  249   -4   3  0  0 L3E DB
E24 FF 60302 175800  780 119 3060    +5038861   +175          34    -34   18 107  383  +16  251  +39  251   39  12  0  0 L3E 52
E26 FF 60302 175800  780 493  888    -3191475   -132         280    -21    5 107  106   +6  239   +4  239    4   5  0  0 L3E 05
E31 FF 60302 175800  780 165 2572     +123583     +5         108     -2   13 107  281  +66  248  -31  248  -31  11  0  0 L3E 1B
E33 FF 60302 175800  780 669 3386      -47397     +0         372     +7    3 107   88   -3  223   +6  223    6   3  0  0 L3E AA
E07 FF 60302 181400  780 371  542     +947786    -17         194    -37    6 108  134  +11  243   +8  243    8   5  0  0 L3E EE
E12 FF 60302 181400  780 222 3024    +8329133   +239         143    +76   14 109  213  -41  238  -42  238  -42  12  0  0 L3E 5A
E19 FF 60302 181400  780 271 1874    +9500070   -774         167    -15   20 109  177  -38  266  +59  266   59  20  0  0 L3E 7D
E24 FF 60302 181400  780 110 3006    +5039049   +220          22    +11   20 109  412  +45  257  -19  257  -19  17  0  0 L3E 40
E26 FF 60302 181400  780 455  964    -3191608   -169         253    -58    5 109  113   +8  246  +34  246   34   4  0  0 L3E 2C
E33 FF 60302 181400  780 710 3504      -47392    +11         383    +18    3 109   86   -2  223   -7  223   -7   3  0  0 L3E BF
E07 FF 60302 183000  780 332  498     +947772    -19         162    -39   11 108  147  +17  248  +11  248   11   9  0  0 L3E 25
E12 FF 60302 183000  780 267 3058    +8329322   +187         174    +23   10 111  180  -30  234   -4  234   -4   9  0  0 L3E 26
E19 FF 60302 183000  780 334 1883    +9499383   -705         206    +55    5 111  147  -26  268   -8  268   -8   4  0  0 L3E 48
E26 FF 60302 183000  780 415 1034    -3191738   -126         228    -16    4 111  122  +10  250   -5  250   -5   4  0  0 L3E 06
E33 FF 60302 183000  780 748   64      -47388     -2         392     +5    4 111   84   -1  223   +6  223    6   4  0  0 L3E 70
E07 FF 60302 184600  780 289  466     +947773     -1         142    -21    9 112  167  +25  243  -15  243  -15   8  0  0 L3E 0E
E12 FF 60302 184600  780 314 3089    +8329509   +209         204    +45    5 111  155  -22  232  -15  232  -15   4  0  0 L3E 3C
E19 FF 60302 184600  780 397 1894    +9498702   -692         251    +68    3 112  127  -18  260  -20  260  -20   3  0  0 L3E 5E
E26 FF 60302 184600  780 373 1098    -3191868   -158         203    -47    7 112  133  +14  251  +16  251   16   5  0  0 L3E 42
E33 FF 60302 184600  780 776  294      -47389     -1         397     +6    2 112   83   -1  225   -1  225   -1   2  0  0 L3E 98
E07 FF 60302 190200  780 242  444     +947755    -29         104    -49    8 113  196  +37  246  +14  246   14   7  0  0 L3E 13
E10 FF 60302 190200  780 128 3072    +5888610    +55          52    +26   12 113  361 -126  265  +15  265   15  12  0  0 L3E 3D
E12 FF 60302 190200  780 363 3116    +8329697   +201         233    +37    7 114  137  -17  233  -10  233  -10   5  0  0 L3E 35
E19 FF 60302 190200  780 463 1908    +9498018   -713         290    +46    4 114  112  -13  260  -15  260  -15   4  0  0 L3E 47
E26 FF 60302 190200  780 329 1156    -3192001   -160         175    -49    7 114  148  +18  249  +18  249   18   6  0  0 L3E 45
E33 FF 60302 190200  780 785  598      -47394     -4         399     +3    2 114   83   +0  227   +1  227    1   2  0  0 L3E 8A
E07 FF 60302 191800  780 194  432     +947729    -19          59    -39   11 113  241  +59  257   +2  257    2  10  0  0 L3E 02
E10 FF 60302 191800  780 174 3099    +5888688    +91         103    +63   17 113  269  -72  247  -29  247  -29  13  0  0 L3E 81
E12 FF 60302 191800  780 414 3138    +8329885   +182         261    +18    4 115  122  -13  233  +12  233   12   3  0  0 L3E 2B
E19 FF 60302 191800  780 528 1925    +9497326   -722         328    +37    3 114  102   -9  254   -7  254   -7   3  0  0 L3E 2C
E26 FF 60302 191800  780 283 1210    -3192147   -137         133    -27    7 115  169  +26  262   -1  262   -1   7  0  0 L3E 20
E33 FF 60302 191800  780 767  889      -47403    -11         397     -4    3 115   83   +1  228   -2  228   -2   3  0  0 L3E B1
E07 FF 60302 193400  780 145  429     +947702     -9          13    -29   22 113  317 +104  268  -18  268  -18  19  0  0 L3E 34
E10 FF 60302 193400  780 222 3121    +5888738    +78         126    +50   11 113  213  -46  253  -15  253  -15   8  0  0 L3E 41
E12 FF 60302 193400  780 468 3153    +8330077   +206         292    +42    4 117  111  -10  234   -8  234   -8   4  0  0 L3E 17
E19 FF 60302 193400  780 595 1946    +9496631   -732         361    +27    4 114   94   -7  250   -5  250   -5   3  0  0 L3E 19
E26 FF 60302 193400  780 237 1258    -3192284   -124         103    -13   13 117  200  +39  261  -18  261  -18  11  0  0 L3E 5D
E33 FF 60302 193400  780 729 1098      -47420    -16         386     -9    2 117   85   +2  233   +3  233    3   2  0  0 L3E AB
E10 FF 60302 195000  780 272 3138    +5888811    +43         171    +14   12 113  176  -32  242  +16  242   16  10  0  0 L3E 38
E12 FF 60302 195000  780 524 3158    +8330263   +202         319    +38    6 119  102   -8  233   -4  233   -4   5  0  0 L3E 03
E19 FF 60302 195000  780 662 1970    +9495928   -735         378    +23    2 119   88   -5  244   -7  244   -7   2  0  0 L3E 2B
E26 FF 60302 195000  780 189 1302    -3192414   -122          79    -12    8 119  247  +62  257  -17  257  -17   7  0  0 L3E 45
E33 FF 60302 195000  780 680 1236      -47432    -10         377     -3    2 119   87   +3  234   -6  234   -6   2  0  0 L3E B2
E04 FF 60302 200600  780 146 2198    +2876799   +130          82    +42   12 120  319 -111  277   +7  277    7  11  0  0 L3E 3D
E10 FF 60302 200600  780 324 3148    +5888876    +60         207    +31    9 120  151  -23  239   -1  239   -1   7  0  0 L3E 0B
E12 FF 60302 200600  780 580 3150    +8330456   +192         353    +28    2 120   95   -6  227   -1  227   -1   1  0  0 L3E E8
E19 FF 60302 200600  780 728 1999    +9495223   -738         401    +21    3 120   85   -3  234   -4  234   -4   2  0  0 L3E 06
E33 FF 60302 200600  780 626 1333      -47454    -25         361    -19    2 120   91   +5  236   +4  236    4   2  0  0 L3E A9
E04 FF 60302 202200  780 197 2230    +2876932    +97         131     +9    7 122  239  -61  272  +35  272   35   5  0  0 L3E 19
E10 FF 60302 202200  780 377 3151    +5888936    +79         238    +50    6 121  132  -17  239   -9  239   -9   5  0  0 L3E 25
E12 FF 60302 202200  780 637 3120    +8330635   +182         374    +17    3 122   90   -5  228   +2  228    2   2  0  0 L3E D8
E19 FF 60302 202200  780 793 2038    +9494505   -737         413    +22    3 122   82   -2  237  -13  237  -13   2  0  0 L3E 20
E33 FF 60302 202200  780 567 1405      -47492    -37         327    -31    3 122   97   +7  246   +8  246    8   3  0  0 L3E C2
E04 FF 60302 203800  780 248 2267    +2877052   +140         168    +53    7 123  193  -38  269  -13  269  -13   6  0  0 L3E 57
E10 FF 60302 203800  780 431 3142    +5888996    +75         271    +47    4 121  118  -12  239   -8  239   -8   3  0  0 L3E 21
E12 FF 60302 203800  780 691 3052    +8330815   +173         396     +8    3 123   87   -3  225  +11  225   11   2  0  0 L3E F6
E19 FF 60302 203800  780 858 2121    +9493791   -751         427     +7    2 123   81   -1  231   -2  231   -2   2  0  0 L3E EA
E33 FF 60302 203800  780 507 1461      -47523    -46         301    -40    5 123  104   +9  245   +7  245    7   4  0  0 L3E BF
E04 FF 60302 205400  780 298 2309    +2877175   +137         207    +50   10 124  163  -26  262  -21  262  -21   9  0  0 L3E 52
E10 FF 60302 205400  780 484 3120    +5889064    +62         311    +34    3 121  108   -9  233   -5  233   -5   2  0  0 L3E EA
E11 FF 60302 205400  780 210 3176   -32749281    -57         116    +30   17 125  225  -53  250  +11  250   11  16  0  0 L3E 42
E12 FF 60302 205400  780 737 2919    +8330982   +192         406    +27    3 125   84   -2  229  -14  229  -14   2  0  0 L3E 2A
E19 FF 60302 205400  780 877   80    +9493065   -769         423    -10    2 125   81   +0  227   -5  227   -5   2  0  0 L3E E5
E33 FF 60302 205400  780 446 1506      -47560    -46         269    -40    6 125  115  +13  249   +5  249    5   5  0  0 L3E E2
E04 FF 60302 211000  780 347 2357    +2877301   +142         248    +54    8 124  142  -18  253  -17  253  -17   7  0  0 L3E 42
E10 FF 60302 211000  780 535 3079    +5889117    +55         336    +26    3 121  101   -7  236   -4  236   -4   3  0  0 L3E F2
E11 FF 60302 211000  780 261 3172   -32749321    -40         158    +47   10 127  183  -34  245   -7  245   -7   8  0  0 L3E 2D
E12 FF 60302 211000  780 762 2690    +8331150   +170         416     +5    2 125   83   +0  227   +1  227    1   2  0  0 L3E B9
E19 FF 60302 211000  780 817  241    +9492322   -775         402    -17    3 127   82   +1  233   +2  233    2   2  0  0 L3E CD
E33 FF 60302 211000  780 385 1543      -47608    -35         227    -29    7 127  130  +18  258   -8  258   -8   6  0  0 L3E FB
E04 FF 60302 212600  780 395 2410    +2877414    +97         277     +9    5 124  127  -13  251  +16  251   16   5  0  0 L3E 16
E10 FF 60302 212600  780 581 3013    +5889168    +43         357    +14    2   0   95   -5  234   +8  234    8   2  0  0 L3E BA
E11 FF 60302 212600  780 312 3159   -32749367    -45         196    +42    9   0  156  -23  246   -9  246   -9   8  0  0 L3E 14
E12 FF 60302 212600  780 754 2421    +8331314   +169         422     +4    2 125   84   +1  224   -3  224   -3   2  0  0 L3E CE
E19 FF 60302 212600  780 757  294    +9491581   -756         389     +2    3   0   83   +2  233  -19  233  -19   2  0  0 L3E F1
E33 FF 60302 212600  780 323 1573      -47651    -43         190    -37    5   0  151  +26  259   -3  259   -3   4  0  0 L3E C4
E04 FF 60302 214200  780 442 2469    +2877526   +108         301    +20    4   2  116  -10  247   +6  247    6   4  0  0 L3E E1
E10 FF 60302 214200  780 618 2914    +5889217    +59         377    +30    5   2   92   -3  231  -10  231  -10   4  0  0 L3E E1
E11 FF 60302 214200  780 361 3135   -32749405    -43         240    +44    8   2  137  -16  233  -15  233  -15   6  0  0 L3E 11
E12 FF 60302 214200  780 715 2226    +8331469   +162         419     -3    2 125   85   +2  225   -2  225   -2   2  0  0 L3E D9
E19 FF 60302 214200  780 700  337    +9490833   -769         375    -11    3   2   86   +3  232   -4  232   -4   3  0  0 L3E CA
E33 FF 60302 214200  780 263 1597      -47711    -28         137    -22    7   2  182  +40  276  -14  276  -14   6  0  0 L3E EE
E04 FF 60302 215800  780 487 2536    +2877637   +109         327    +21    4   3  108   -8  238   -1  238   -1   2  0  0 L3E F5
E10 FF 60302 215800  780 639 2784    +5889254    +32         386     +3    4   3   90   -1  233   +6  233    6   3  0  0 L3E B2
E11 FF 60302 215800  780 407 3098   -32749453    -64         274    +23    6   3  124  -11  228   +4  228    4   6  0  0 L3E F6
E12 FF 60302 215800  780 660 2113    +8331609   +147         401    -18    3 125   88   +4  233   +4  233    4   2  0  0 L3E DF
E19 FF 60302 215800  780 645  379    +9490084   -786         358    -28    4   3   89   +4  229   +5  229    5   3  0  0 L3E EA
E33 FF 60302 215800  780 203 1616      -47750    -67         104    -61   12   3  231  +66  271  +29  271   29  10  0  0 L3E F8
E04 FF 60302 221400  780 529 2611    +2877744   +105         349    +18    4   4  101   -6  231   -6  231   -6   3  0  0 L3E DF
E10 FF 60302 221400  780 640 2636    +5889285    +31         389     +2    2   4   90   +1  236   -1  236   -1   1  0  0 L3E AA
E11 FF 60302 221400  780 447 3044   -32749506    -51         304    +36    6   5  115   -8  224   -8  224   -8   5  0  0 L3E E9
E12 FF 60302 221400  780 598 2049    +8331746   +142         375    -23    4   5   94   +6  236   +5  236    5   3  0  0 L3E D3
E19 FF 60302 221400  780 593  421    +9489333   -803         334    -45    7   5   94   +5  229  +14  229   14   6  0  0 L3E F2
E33 FF 60302 221400  780 145 1631      -47819    -88          41    -82    6   5  319 +125  298  +37  298   37   5  0  0 L3E FB
E04 FF 60302 223000  780 569 2696    +2877844   +113         365    +25    3   4   97   -4  227  -10  227  -10   3  0  0 L3E 05
E10 FF 60302 223000  780 620 2497    +5889304    +25         380     -4    3   4   92   +3  243   -2  243   -2   3  0  0 L3E A6
E11 FF 60302 223000  780 480 2974   -32749573    -69         320    +18    5   7  109   -5  228   +2  228    2   3  0  0 L3E E6
E12 FF 60302 223000  780 532 2011    +8331874   +121         343    -44    4   7  101   +9  246  +16  246   16   3  0  0 L3E E7
E19 FF 60302 223000  780 542  463    +9488571   -776         299    -18    4   7  100   +6  237  -13  237  -13   4  0  0 L3E 13
E04 FF 60302 224600  780 606 2792    +2877939    +90         375     +3    2   4   93   -3  227   +9  227    9   2  0  0 L3E C1
E09 FF 60302 224600  780 132 2562    +2749114   +182          73    +45   16   8  350 -102  295   -8  295   -8  11  0  0 L3E 29
E10 FF 60302 224600  780 583 2384    +5889322    +10         368    -19    3   8   95   +5  246  +14  246   14   2  0  0 L3E EB
E11 FF 60302 224600  780 501 2889   -32749629    -59         346    +28    5   8  105   -2  219  -14  219  -14   5  0  0 L3E 27
E12 FF 60302 224600  780 466 1987    +8331985    +99         297    -66    3   8  111  +13  264  +35  264   35   3  0  0 L3E 24
E19 FF 60302 224600  780 494  507    +9487817   -800         274    -43    3   8  106   +8  236  +16  236   16   2  0  0 L3E 07
E36 FF 60302 224600  780 116 3254    +1623192    +72          36    +20   21   8  397 -153  254   +8  254    8  17  0  0 L3E 06
E04 FF 60302 230200  780 639 2902    +2878040   +108         391    +20    3  10   90   -2  222  -13  222  -13   3  0  0 L3E EC
E09 FF 60302 230200  780 170 2610    +2749286   +141         115     +5   17  10  274  -61  280  +14  280   14  14  0  0 L3E 21
E10 FF 60302 230200  780 534 2299    +5889335    +23         354     -6    3  10  101   +7  250   -7  250   -7   2  0  0 L3E CC
E11 FF 60302 230200  780 509 2792   -32749712    -60         343    +26    4  10  104   +0  230  -14  230  -14   3  0  0 L3E 00
E12 FF 60302 230200  780 400 1969    +8332108   +134         262    -31    4   8  126  +18  272   +4  272    4   4  0  0 L3E DE
E19 FF 60302 230200  780 448  552    +9487057   -779         246    -21    4  10  114   +9  248   +6  248    6   3  0  0 L3E F4
E21 FF 60302 230200  780 203  860    +5704931    +21          40     +1   12  10  231  -32  328   +4  328    4  10  0  0 L3E AC
E36 FF 60302 230200  780 159 3231    +1623276   +102          71    +50    9  10  292  -77  249  -33  249  -33   5  0  0 L3E 1E
E04 FF 60302 231800  780 667 3028    +2878134    +95         400     +7    3  11   88   -2  223   +8  223    8   2  0  0 L3E BB
E09 FF 60302 231800  780 208 2659    +2749453   +172         151    +36   15  11  227  -40  265   -8  265   -8  13  0  0 L3E 3F
E10 FF 60302 231800  780 479 2236    +5889333    +11         323    -19    5  11  109  +10  268   +6  268    6   4  0  0 L3E F5
E11 FF 60302 231800  780 501 2693   -32749792   -100         346    -13    6  11  105   +2  237  +23  237   23   5  0  0 L3E 1A
E12 FF 60302 231800  780 334 1956    +8332220   +128         216    -37    5   8  146  +26  296  +23  296   23   5  0  0 L3E 1B
E19 FF 60302 231800  780 405  598    +9486298   -793         216    -35    6  11  124  +11  268  +23  268   23   5  0  0 L3E 33
E21 FF 60302 231800  780 229  803    +5704988    +47          81    +28   11  11  207  -20  319   +7  319    7  10  0  0 L3E F0
E36 FF 60302 231800  780 199 3199    +1623364    +73         109    +21   12  10  236  -44  242   -3  242   -3   9  0  0 L3E 0D
E04 FF 60302 233400  780 689 3172    +2878216    +93         398     +6    3  11   87   -1  237  +10  237   10   2  0  0 L3E E5
E09 FF 60302 233400  780 246 2710    +2749604   +151         169    +15   12  13  194  -29  275  +16  275   16  10  0  0 L3E 4B
E10 FF 60302 233400  780 420 2190    +5889326    -15         289    -44    9  13  121  +14  292  +31  292   31   8  0  0 L3E 13
E11 FF 60302 233400  780 480 2599   -32749885   -104         334    -18    4  13  109   +5  256  +26  256   26   4  0  0 L3E 3A
E12 FF 60302 233400  780 271 1944    +8332333    +78         171    -87    7   8  176  +39  335  +79  335   79   6  0  0 L3E 28
E19 FF 60302 233400  780 362  645    +9485538   -785         182    -27    6  13  136  +14  292  +25  292   25   5  0  0 L3E 32
E21 FF 60302 233400  780 247  742    +5705026    +11         105     -8   16  13  193  -11  328  +34  328   34  15  0  0 L3E 04
E36 FF 60302 233400  780 234 3158    +1623456    +87         151    +35    8  10  203  -27  246  +10  246   10   6  0  0 L3E 07
