CGGTTS     GENERIC DATA FORMAT VERSION = 2E
REV DATE = 2023-12-15                    
RCVR = TRIMBLE NETR9 5049K72188      R2CGGTTS v8.6    
CH = 12 
IMS = TRIMBLE NETR9 5049K72188      
LAB = CEPNT                         
X = -2154293.56 m 
Y = +4373452.74 m 
Z = +4098891.74 m 
FRAME = ITRF
COMMENTS = C1P1bias: NO                            
TOT DLY =    0.0 ns (GPS C1),    0.0 ns (GPS P2)     CAL_ID = Unknown             
REF = ITRF10                        
CKSUM = 4A

SAT CL  MJD  STTIME TRKL ELV AZTH   REFSV      SRSV     REFSYS    SRSYS  DSG IOE MDTR SMDT MDIO SMDI MSIO SMSI ISG FR HC FRC CK
             hhmmss  s  .1dg .1dg    .1ns     .1ps/s     .1ns    .1ps/s .1ns     .1ns.1ps/s.1ns.1ps/s.1ns.1ps/s.1ns
G10 FF 60302 001000  780 618 3127     +665777    +45         630    +31    3  12   92   -6  172  +19  172   19   2  0  0 L3P E0
G12 FF 60302 001000  780 273 1205    +4606043    +79         410    +39   13  65  176  -31  314  -17  314  -17  11  0  0 L3P 37
G15 FF 60302 001000  780 217  849    -1099432    -45         343     -7   13   2  217  +50  319  +26  319   26  11  0  0 L3P 06
G18 FF 60302 001000  780 187 1960    +5141718    +34         370    -63   10  82  249  +88  353  +86  353   86   8  0  0 L3P 48
G23 FF 60302 001000  780 759 1435    -1215985    -91         659    -20    4 128   83   +3  200  +20  200   20   4  0  0 L3P F9
G24 FF 60302 001000  780 460  519    +3997120    +19         551    -60    5  47  112  +14  197  +36  197   36   5  0  0 L3P 11
G25 FF 60302 001000  780 171 1572    -4826042    +20         385    +34   14  77  275 -100  376  -72  376  -72  13  0  0 L3P 61
G32 FF 60302 001000  780 365 2845    +5991676    +63         531    +29    9  43  136  -17  199  +27  199   27   8  0  0 L3P 46
G10 FF 60302 002600  780 690 3071     +665825    +55         663    +41    2  12   87   -4  180   -7  180   -7   2  0  0 L3P CF
G12 FF 60302 002600  780 322 1137    +4606122    +88         451    +48   15  65  152  -20  297  -18  297  -18  12  0  0 L3P 51
G18 FF 60302 002600  780 122 1933    +5141787    +32         346    -66   11  82  377 +193  425 +131  425  131   8  0  0 L3P 6C
G21 FF 60302 002600  780 100 3211    -1406021    +79         368    +67   13  64  451 -125  195  +20  195   20   9  0  0 L3P 31
G23 FF 60302 002600  780 678 1500    -1216075    -97         637    -27    3 128   87   +5  218  +18  218   18   3  0  0 L3P 1D
G24 FF 60302 002600  780 390  510    +3997144     -9         499    -87    8  47  128  +20  231  +70  231   70   8  0  0 L3P 0C
G25 FF 60302 002600  780 234 1536    -4826012    +22         429    +37   13  77  203  -55  327  -44  327  -44  10  0  0 L3P 4B
G32 FF 60302 002600  780 416 2908    +5991741    +70         563    +36    7  43  122  -13  207   -4  207   -4   6  0  0 L3P 08
G10 FF 60302 004200  780 754 2927     +665847    +32         671    +18    2  12   84   -2  193   +1  193    1   2  0  0 L3P C1
G12 FF 60302 004200  780 363 1058    +4606186    +76         477    +36    8  65  136  -12  299   -5  299   -5   9  0  0 L3P 29
G23 FF 60302 004200  780 596 1542    -1216173    -98         606    -28    2 128   94   +8  239  +22  239   22   2  0  0 L3P 18
G24 FF 60302 004200  780 322  514    +3997164    +14         444    -64    6  47  151  +29  267  +56  267   56   4  0  0 L3P 1F
G25 FF 60302 004200  780 300 1497    -4825959    +35         497    +50   10  77  162  -34  293  -18  293  -18   9  0  0 L3P 5C
G28 FF 60302 004200  780 204 2290     +782928   +132         426    +28   11 143  232  -70  339   -3  339   -3   9  0  0 L3P 2C
G32 FF 60302 004200  780 468 2975    +5991801    +60         591    +26    4  43  111  -10  213   +4  213    4   4  0  0 L3P EE
G10 FF 60302 005800  780 791 2596     +665867     +2         677    -13    4  12   82   +0  204  +22  204   22   4  0  0 L3P D3
G12 FF 60302 005800  780 394  968    +4606238    +37         490     -3    6  65  127   -7  297  +19  297   19   6  0  0 L3P 15
G23 FF 60302 005800  780 515 1572    -1216279   -117         567    -46    4 128  103  +12  267  +37  267   37   3  0  0 L3P 51
G24 FF 60302 005800  780 257  527    +3997177    +14         382    -64   15  47  185  +44  321  +69  321   69  15  0  0 L3P 52
G25 FF 60302 005800  780 366 1449    -4825925    +34         545    +48    5  77  136  -22  281  -23  281  -23   4  0  0 L3P 44
G28 FF 60302 005800  780 266 2333     +783086   +143         484    +38    6 143  181  -41  311  -10  311  -10   5  0  0 L3P 35
G32 FF 60302 005800  780 521 3048    +5991862    +65         619    +31    6  43  102   -8  218   +2  218    2   5  0  0 L3P EC
G10 FF 60302 011400  780 768 2208     +665874     +6         669     -9    2  12   83   +2  221  +21  221   21   2  0  0 L3P B9
G12 FF 60302 011400  780 411  869    +4606289    +27         503    -12    7  65  123   -2  298  +25  298   25   6  0  0 L3P 08
G21 FF 60302 011400  780 145 3033    -1405905     -9         452    -20   14  64  318   -1  293  +54  293   54  13  0  0 L3P 13
G23 FF 60302 011400  780 435 1596    -1216383   -131         531    -61    5 128  117  +18  297  +55  297   55   4  0  0 L3P 50
G24 FF 60302 011400  780 195  547    +3997207    +26         337    -53    7  47  240  +73  380  +70  380   70   5  0  0 L3P 1D
G25 FF 60302 011400  780 430 1389    -4825905    +22         579    +37    8  77  119  -14  278   -6  278   -6   7  0  0 L3P 2E
G28 FF 60302 011400  780 328 2382     +783236   +116         534    +12    9 143  149  -26  295  +18  295   18   8  0  0 L3P 46
G32 FF 60302 011400  780 575 3129    +5991913    +57         637    +23    3  43   96   -6  226  +13  226   13   2  0  0 L3P 03
G02 FF 60302 013000  780 110 3088    +5112888    -24         391    +30   22  92  412   -8  352   -1  352   -1  17  0  0 L3P 04
G10 FF 60302 013000  780 705 2009     +665871     +4         652    -11    3  12   86   +4  240  +18  240   18   3  0  0 L3P BE
G12 FF 60302 013000  780 411  767    +4606330    +73         506    +33    8  65  123   +2  308   -7  308   -7   6  0  0 L3P D9
G21 FF 60302 013000  780 141 2969    -1405912    -13         433    -24   12  64  326  +20  336  +53  336   53   9  0  0 L3P 25
G23 FF 60302 013000  780 357 1615    -1216502   -115         480    -45    6 128  138  +27  351  +58  351   58   5  0  0 L3P 42
G24 FF 60302 013000  780 135  573    +3997233     +0         287    -78   14  47  339 +142  464 +114  464  114  13  0  0 L3P 5D
G25 FF 60302 013000  780 490 1310    -4825883    +26         615    +40    9  77  107   -9  274   -7  274   -7   7  0  0 L3P 08
G28 FF 60302 013000  780 390 2439     +783370   +151         567    +47    4 143  129  -18  295  -10  295  -10   3  0  0 L3P 46
G31 FF 60302 013000  780 142 2372    +2268648    +27         347    +24   12   4  329 -137  471   -5  471   -5   8  0  0 L3P 1C
G32 FF 60302 013000  780 628 3223    +5991966    +71         657    +37    3  43   91   -5  231  -11  231  -11   2  0  0 L3P 03
G02 FF 60302 014600  780 107 3024    +5112831    -76         386    -21   14  92  421  +27  380  +54  380   54  12  0  0 L3P 36
G10 FF 60302 014600  780 628 1922     +665863    -23         630    -38    3  12   91   +7  266  +34  266   34   2  0  0 L3P EF
G12 FF 60302 014600  780 395  671    +4606354    +22         492    -18    7  65  127   +7  335  +16  335   16   6  0  0 L3P 07
G23 FF 60302 014600  780 280 1629    -1216621   -120         428    -50   12 128  171  +43  422  +74  422   74   9  0  0 L3P 4B
G25 FF 60302 014600  780 539 1206    -4825872     -8         640     +7    6  77  100   -6  281   +5  281    5   5  0  0 L3P D2
G28 FF 60302 014600  780 451 2505     +783506   +142         602    +38    5 143  114  -12  289  -17  289  -17   4  0  0 L3P 46
G31 FF 60302 014600  780 201 2416    +2268701    +62         397    +58    7   4  235  -68  451  -20  451  -20   5  0  0 L3P 15
G32 FF 60302 014600  780 681 3342    +5992014    +45         672    +11    3  43   87   -3  236   +9  236    9   3  0  0 L3P DF
G10 FF 60302 020200  780 547 1879     +665840    -63         592    -77    5  62   99  +10  300  +49  300   49   4  0  0 L3P 0D
G12 FF 60302 020200  780 363  588    +4606366    -34         468    -74    8  82  136  +13  357  +56  357   56   7  0  0 L3P 2D
G23 FF 60302 020200  780 206 1639    -1216745   -136         372    -66   10 129  228  +78  518 +133  518  133  10  0  0 L3P 8C
G25 FF 60302 020200  780 572 1073    -4825868     +5         650    +20    5   1   96   -3  273   +0  273    0   4  0  0 L3P AA
G28 FF 60302 020200  780 509 2583     +783636   +123         636    +18    5 144  104   -9  280   -2  280   -2   5  0  0 L3P 0A
G31 FF 60302 020200  780 260 2466    +2268739    +31         432    +28    7  12  185  -40  437  -12  437  -12   7  0  0 L3P 27
G32 FF 60302 020200  780 730 3509    +5992054    +38         678     +4    4  44   85   -2  243   +7  243    7   4  0  0 L3P CE
G10 FF 60302 021800  780 465 1855     +665799    -32         538    -47    5  62  111  +15  340  +42  340   42   5  0  0 L3P 14
G12 FF 60302 021800  780 320  521    +4606384    +10         448    -30   13  82  152  +21  359  +18  359   18  11  0  0 L3P 22
G25 FF 60302 021800  780 582  922    -4825873    -32         660    -17    4   1   95   +0  272   +7  272    7   3  0  0 L3P BF
G28 FF 60302 021800  780 565 2676     +783758   +124         657    +19    4 144   97   -6  277   -1  277   -1   3  0  0 L3P 1F
G31 FF 60302 021800  780 318 2522    +2268790    +62         480    +58    8  12  153  -26  416  -26  416  -26   7  0  0 L3P 36
G32 FF 60302 021800  780 766  161    +5992095    +20         687    -14    2  44   83   -1  252  +25  252   25   2  0  0 L3P ED
G10 FF 60302 023400  780 385 1839     +665773    -31         497    -46    3  62  130  +23  387  +56  387   56   3  0  0 L3P 2B
G12 FF 60302 023400  780 268  470    +4606372    -23         398    -63   10  82  178  +35  389  +70  389   70  10  0  0 L3P 46
G25 FF 60302 023400  780 565  777    -4825897    -49         649    -34    4   1   97   +3  273  +16  273   16   4  0  0 L3P 02
G26 FF 60302 023400  780 115 2043    -2066499   +117         323    +84   28  19  405 -235  711 -111  711 -111  18  0  0 L3P 90
G28 FF 60302 023400  780 616 2790     +783875   +124         673    +20    3 144   92   -4  277   -6  277   -6   2  0  0 L3P 0E
G31 FF 60302 023400  780 377 2584    +2268834    +25         521    +21    8  12  132  -18  396   -6  396   -6   6  0  0 L3P 18
G32 FF 60302 023400  780 774  503    +5992123    +45         682    +11    3  44   83   +0  264   -1  264   -1   2  0  0 L3P C6
G03 FF 60302 025000  780 147 3216     -765574   -242         287    +26   20  78  318 -119  544   -8  544   -8  17  0  0 L3P 57
G10 FF 60302 025000  780 306 1827     +665733    -59         443    -73    5  62  158  +37  460  +87  460   87   4  0  0 L3P 26
G12 FF 60302 025000  780 211  434    +4606377    -10         365    -50   12  82  223  +60  404  +23  404   23  14  0  0 L3P 0E
G25 FF 60302 025000  780 527  661    -4825943    -47         618    -33    6   1  102   +6  285  +11  285   11   7  0  0 L3P EE
G26 FF 60302 025000  780 183 2054    -2066380   +116         409    +83   12  19  258  -97  607 -135  607 -135  12  0  0 L3P 90
G28 FF 60302 025000  780 660 2934     +783991   +112         689     +8    4 144   89   -3  271  -11  271  -11   4  0  0 L3P 18
G31 FF 60302 025000  780 434 2653    +2268876    +39         560    +36    5  12  118  -13  375  -23  375  -23   4  0  0 L3P 33
G32 FF 60302 025000  780 748  812    +5992146    +22         672    -13    2  44   84   +2  277  +12  277   12   3  0  0 L3P EB
G03 FF 60302 030600  780 199 3178     -765788   -228         331    +41   11  78  236  -59  519  -29  519  -29   9  0  0 L3P 72
G10 FF 60302 030600  780 231 1816     +665693    -53         389    -68   12  62  205  +64  544 +125  544  125   9  0  0 L3P 53
G12 FF 60302 030600  780 151  411    +4606351    +41         300     +1   16  82  305 +120  468   +8  468    8  12  0  0 L3P F1
G25 FF 60302 030600  780 475  578    -4825982    -31         593    -17    5   1  110  +10  284  -14  284  -14   4  0  0 L3P 12
G26 FF 60302 030600  780 253 2069    -2066283    +84         475    +51   10  19  189  -52  507  -66  507  -66   8  0  0 L3P 5B
G28 FF 60302 030600  780 694 3116     +784097   +100         695     -4    3 144   86   -2  264  +10  264   10   3  0  0 L3P FD
G31 FF 60302 030600  780 489 2733    +2268904    +39         585    +36    3  12  107   -9  360  -14  360  -14   3  0  0 L3P 21
G32 FF 60302 030600  780 698 1017    +5992170    +13         663    -21    3  44   86   +3  274   +8  274    8   2  0  0 L3P E2
G03 FF 60302 032200  780 246 3128     -765999   -241         377    +28   10  78  194  -33  474  -22  474  -22   9  0  0 L3P 5E
G10 FF 60302 032200  780 158 1804     +665635    -75         317    -90   12  62  293 +129  686 +174  686  174   8  0  0 L3P 76
G25 FF 60302 032200  780 414  523    -4826033    -37         556    -22    7   1  122  +16  287   -6  287   -6   6  0  0 L3P E9
G26 FF 60302 032200  780 326 2089    -2066203    +77         523    +45    6  19  150  -31  445  -44  445  -44   5  0  0 L3P 30
G28 FF 60302 032200  780 712 3335     +784194   +108         691     +4    2 144   85   +0  261  -11  261  -11   2  0  0 L3P F9
G29 FF 60302 032200  780 185 1070    +6095316    +28         334    +32   11  19  253  -59  518 -112  518 -112  10  0  0 L3P 6C
G31 FF 60302 032200  780 543 2824    +2268933    +13         610     +9    4  12  100   -7  337  -11  337  -11   4  0  0 L3P F1
G32 FF 60302 032200  780 636 1148    +5992179    +10         639    -24    3  44   90   +5  286   +5  286    5   3  0  0 L3P E7
G03 FF 60302 033800  780 285 3066     -766229   -245         405    +23    6  78  169  -19  462  -29  462  -29   6  0  0 L3P 53
G16 FF 60302 033800  780 125 2089    +3983079    +45         364   +119   17  26  373 -200  736 -192  736 -192  16  0  0 L3P BA
G25 FF 60302 033800  780 349  491    -4826089    -51         514    -36    6   1  141  +24  308  +10  308   10   5  0  0 L3P FA
G26 FF 60302 033800  780 400 2115    -2066124    +92         571    +59    4  19  126  -21  398  -63  398  -63   3  0  0 L3P 3B
G28 FF 60302 033800  780 711 3569     +784289   +102         686     -3    2 144   85   +1  254  -21  254  -21   2  0  0 L3P 13
G29 FF 60302 033800  780 227 1005    +6095347    +60         368    +63   19  19  209  -35  451  -97  451  -97  17  0  0 L3P 73
G31 FF 60302 033800  780 593 2932    +2268953     +9         627     +6    3  12   94   -5  314   -6  314   -6   3  0  0 L3P CF
G32 FF 60302 033800  780 569 1240    +5992184     -5         611    -39    4  44   96   +8  293  +17  293   17   4  0  0 L3P 07
G03 FF 60302 035400  780 313 2991     -766455   -225         437    +43   12  78  155  -10  427  -46  427  -46   9  0  0 L3P 57
G16 FF 60302 035400  780 193 2109    +3983098     -3         454    +71   11  26  245  -87  589 -121  589 -121  11  0  0 L3P 7C
G25 FF 60302 035400  780 283  474    -4826151    -60         467    -45   10   1  169  +37  351  +46  351   46   9  0  0 L3P 1E
G26 FF 60302 035400  780 476 2147    -2066051    +76         612    +43    4  19  110  -14  355  -39  355  -39   3  0  0 L3P 34
G28 FF 60302 035400  780 693  182     +784375   +102         671     -3    3 144   86   +2  257   -8  257   -8   3  0  0 L3P E8
G29 FF 60302 035400  780 261  934    +6095365    +35         390    +38   10  19  183  -21  392  -50  392  -50   9  0  0 L3P 3E
G31 FF 60302 035400  780 639 3063    +2268970    +11         640     +8    4  12   90   -3  305  -23  305  -23   3  0  0 L3P E8
G32 FF 60302 035400  780 499 1308    +5992179    -30         574    -64    4  44  105  +11  311  +43  311   43   3  0  0 L3P 20
G03 FF 60302 041000  780 327 2908     -766702   -234         448    +34    8  82  149   -3  427  -42  427  -42   8  0  0 L3P 2C
G04 FF 60302 041000  780 102 3121    -2475897    -38         289    +62   25 199  450 -259  629  -45  629  -45  19  0  0 L3P 9C
G16 FF 60302 041000  780 263 2134    +3983073     +9         495    +83   10  83  182  -47  494  -84  494  -84  10  0  0 L3P 59
G25 FF 60302 041000  780 218  470    -4826215    -29         412    -14   21   4  216  +62  377  -12  377  -12  17  0  0 L3P 25
G26 FF 60302 041000  780 553 2188    -2065974    +86         658    +53    4  20   98  -10  325  -34  325  -34   2  0  0 L3P 29
G28 FF 60302 041000  780 661  359     +784457    +79         656    -26    4 145   88   +3  259   +5  259    5   4  0  0 L3P ED
G29 FF 60302 041000  780 287  856    +6095392    -22         419    -19    9  20  168  -11  371  +49  371   49   8  0  0 L3P 2F
G31 FF 60302 041000  780 676 3226    +2268980    +14         648    +10    5  13   87   -2  296  -27  296  -27   4  0  0 L3P 1A
G32 FF 60302 041000  780 428 1362    +5992170    -10         526    -44    7  52  119  +16  336  +21  336   21   6  0  0 L3P 16
G03 FF 60302 042600  780 327 2820     -766958   -241         450    +27   10  82  149   +3  419  -22  419  -22   9  0  0 L3P 38
G04 FF 60302 042600  780 163 3133    -2475933    -30         350    +70   14 199  287 -108  558  -90  558  -90  10  0  0 L3P 88
G16 FF 60302 042600  780 335 2166    +3983063    -38         555    +36    7  83  147  -29  416  -74  416  -74   5  0  0 L3P 50
G25 FF 60302 042600  780 155  476    -4826258    -89         384    -75   13   4  299 +119  383  +37  383   37  10  0  0 L3P 5F
G26 FF 60302 042600  780 630 2242    -2065909    +53         692    +20    4  20   91   -6  294  -31  294  -31   4  0  0 L3P 07
G28 FF 60302 042600  780 620  502     +784540    +98         639     -6    4 145   91   +4  259  -22  259  -22   4  0  0 L3P F6
G29 FF 60302 042600  780 302  773    +6095390     +2         420     +5   11  20  160   -4  386  -36  386  -36  11  0  0 L3P 03
G31 FF 60302 042600  780 702 3425    +2268987     -3         652     -6    4  13   86   -1  279   -3  279   -3   4  0  0 L3P D4
G32 FF 60302 042600  780 357 1405    +5992155    -18         479    -52    7  52  138  +25  375  +59  375   59   6  0  0 L3P 4A
G03 FF 60302 044200  780 313 2734     -767219   -235         447    +34   14  82  155   +9  428  -15  428  -15  12  0  0 L3P 48
G04 FF 60302 044200  780 226 3139    -2475965    -54         413    +46   13 199  210  -58  471  -81  471  -81  11  0  0 L3P 74
G16 FF 60302 044200  780 408 2205    +3983032     -6         595    +68    4  83  124  -19  355  -68  355  -68   3  0  0 L3P 38
G26 FF 60302 044200  780 706 2321    -2065863    +54         706    +21    3  20   86   -4  272  -31  272  -31   2  0  0 L3P FB
G28 FF 60302 044200  780 575  620     +784612    +74         611    -30    4 145   96   +5  263   +6  263    6   4  0  0 L3P CC
G29 FF 60302 044200  780 303  690    +6095398    -17         431    -14    7  20  160   +2  353   +7  353    7   8  0  0 L3P DC
G31 FF 60302 044200  780 711   53    +2268985    -12         647    -16    4  13   85   +0  274   -4  274   -4   4  0  0 L3P C3
G32 FF 60302 044200  780 286 1440    +5992140    -52         431    -86    9  52  168  +39  430  +92  430   92   7  0  0 L3P 30
G03 FF 60302 045800  780 287 2652     -767481   -275         442     -7    8  82  168  +17  450  +13  450   13   6  0  0 L3P 26
G04 FF 60302 045800  780 290 3134    -2476020    -75         454    +25    7 199  167  -35  414  -24  414  -24   5  0  0 L3P 4B
G16 FF 60302 045800  780 482 2253    +3983012    -47         646    +27    4  83  109  -13  306  -22  306  -22   3  0  0 L3P 30
G26 FF 60302 045800  780 777 2465    -2065829    +24         708     -9    2  20   83   -2  259   +7  259    7   2  0  0 L3P E7
G28 FF 60302 045800  780 526  720     +784693   +101         591     -4    5 145  102   +7  269  -11  269  -11   4  0  0 L3P 12
G29 FF 60302 045800  780 291  609    +6095393    -60         429    -57   13  20  165  +10  343  +49  343   49  14  0  0 L3P 48
G31 FF 60302 045800  780 702  280    +2268984     +1         642     -2    3  13   86   +1  277   +4  277    4   3  0  0 L3P A4
G32 FF 60302 045800  780 216 1469    +5992114    -48         373    -82   10  52  218  +68  510 +119  510  119   8  0  0 L3P 67
G03 FF 60302 051400  780 251 2578     -767771   -313         409    -45   10  82  189  +29  488  +52  488   52   8  0  0 L3P 5A
G04 FF 60302 051400  780 354 3118    -2476072    -76         499    +24    9 199  140  -23  370  -30  370  -30   8  0  0 L3P 4C
G16 FF 60302 051400  780 556 2315    +3982972    -40         677    +34    4  83   98   -9  283  -18  283  -18   4  0  0 L3P 32
G26 FF 60302 051400  780 833 2840    -2065800    +36         706     +3    4  20   81   -1  256  -14  256  -14   4  0  0 L3P EA
G28 FF 60302 051400  780 475  806     +784764    +80         561    -25    6 145  109   +9  289   +5  289    5   5  0  0 L3P FE
G29 FF 60302 051400  780 267  537    +6095356   -132         396   -128   13  20  179  +19  372 +104  372  104  13  0  0 L3P 86
G31 FF 60302 051400  780 675  478    +2268975    -28         630    -31    6  13   87   +2  280  +11  280   11   6  0  0 L3P F1
G03 FF 60302 053000  780 209 2512     -768051   -291         387    -23   11  82  225  +47  515  +26  515   26   9  0  0 L3P 36
G04 FF 60302 053000  780 417 3086    -2476124    -75         543    +25    5 199  122  -15  336   -2  336   -2   5  0  0 L3P 1E
G16 FF 60302 053000  780 628 2399    +3982926    -36         702    +38    2  83   91   -6  266  -18  266  -18   2  0  0 L3P 2D
G26 FF 60302 053000  780 824 3508    -2065773    +17         701    -16    4  20   82   +1  253   -4  253   -4   3  0  0 L3P D9
G27 FF 60302 053000  780 194 1796     +868081    +95         413    +50    9  89  243  -88  676 -214  676 -214   8  0  0 L3P 73
G28 FF 60302 053000  780 423  884     +784832    +79         529    -26    6 145  120  +13  294   +6  294    6   6  0  0 L3P 03
G29 FF 60302 053000  780 231  474    +6095321    -25         365    -22   20  20  204  +34  385  +14  385   14  19  0  0 L3P 27
G31 FF 60302 053000  780 637  637    +2268961     -6         613     -9    5  13   90   +3  287   -1  287   -1   4  0  0 L3P BA
G03 FF 60302 054600  780 162 2453     -768348   -297         348    -29   11  82  286  +83  579  +85  579   85   7  0  0 L3P 74
G04 FF 60302 054600  780 476 3032    -2476184    -66         579    +34    4 199  109  -10  314  -17  314  -17   3  0  0 L3P 51
G09 FF 60302 054600  780 137 3189     -363869    -57         322    +61   12  10  340 -147  577  -93  577  -93  10  0  0 L3P 73
G16 FF 60302 054600  780 695 2522    +3982876    -56         723    +18    4  83   86   -4  250  -21  250  -21   3  0  0 L3P 1E
G26 FF 60302 054600  780 767  204    -2065755    +23         688    -10    3  20   83   +2  255   +3  255    3   3  0  0 L3P C5
G27 FF 60302 054600  780 267 1784     +868183   +119         471    +73    9  89  180  -48  510 -162  510 -162  11  0  0 L3P 81
G28 FF 60302 054600  780 370  953     +784897    +98         494     -6    7 145  134  +17  316   -5  316   -5   6  0  0 L3P 10
G29 FF 60302 054600  780 187  424    +6095273    -76         319    -73   13  20  249  +62  417  +70  417   70  13  0  0 L3P 46
G31 FF 60302 054600  780 592  765    +2268947    -18         596    -21    5  13   94   +5  291   +9  291    9   4  0  0 L3P EB
G03 FF 60302 060200  780 113 2398     -768659   -355         295    -87   16  83  402 +169  685 +140  685  140  11  0  0 L3P 9E
G04 FF 60302 060200  780 527 2950    -2476247    -89         608    +11    4 200  102   -6  297   -4  297   -4   3  0  0 L3P 11
G09 FF 60302 060200  780 196 3169     -363910    -38         399    +80   20  11  241  -71  474 -104  474 -104  19  0  0 L3P 6F
G16 FF 60302 060200  780 753 2725    +3982824    -56         740    +18    3  84   84   -2  235  -16  235  -16   3  0  0 L3P 19
G26 FF 60302 060200  780 701  335    -2065739     +8         676    -25    3  21   86   +4  252   +6  252    6   2  0  0 L3P B4
G27 FF 60302 060200  780 343 1772     +868280   +118         516    +73    6   7  144  -30  427  -66  427  -66   6  0  0 L3P 31
G28 FF 60302 060200  780 316 1017     +784960    +59         460    -46   13 146  154  +25  336  +20  336   20  12  0  0 L3P 3D
G29 FF 60302 060200  780 137  384    +6095251    -31         299    -28   30  43  336 +126  435  +29  435   29  26  0  0 L3P 57
G31 FF 60302 060200  780 542  870    +2268927    +11         574     +8    9  14  100   +7  299  -16  299  -16   6  0  0 L3P 08
G04 FF 60302 061800  780 564 2836    -2476327    -87         624    +14    4 200   97   -3  287   +7  287    7   3  0  0 L3P 09
G09 FF 60302 061800  780 252 3136     -363988   -102         434    +16    7  11  190  -40  418  -26  418  -26   8  0  0 L3P 39
G16 FF 60302 061800  780 785 3064    +3982756    -83         743     -9    3  84   83   +0  227   -2  227   -2   3  0  0 L3P EE
G26 FF 60302 061800  780 635  420    -2065747     +7         636    -26    3  21   90   +5  259   -7  259   -7   2  0  0 L3P D2
G27 FF 60302 061800  780 421 1757     +868385    +95         577    +49    4   7  121  -19  354  -72  354  -72   4  0  0 L3P 32
G28 FF 60302 061800  780 261 1074     +785012    +64         412    -40    8 146  183  +37  359  +21  359   21   7  0  0 L3P 27
G31 FF 60302 061800  780 488  958    +2268919    -33         562    -36    5  14  107   +9  299  +15  299   15   5  0  0 L3P 29
G04 FF 60302 063400  780 580 2695    -2476421   -117         627    -17    3 200   95   +0  292  +18  292   18   3  0  0 L3P 29
G08 FF 60302 063400  780 160 1997    +1585900    +89         397    +70   13  59  293 -128  790 -310  790 -310   9  0  0 L3P 9D
G09 FF 60302 063400  780 304 3090     -364057    -91         479    +28    7  11  160  -24  372  -25  372  -25   5  0  0 L3P 23
G16 FF 60302 063400  780 774 3453    +3982671    -93         730    -19    3  84   83   +1  225   -1  225   -1   2  0  0 L3P F0
G18 FF 60302 063400  780 121  764    +5143850   +110         243    +12   19  85  379  -77  424  -18  424  -18  16  0  0 L3P 5C
G26 FF 60302 063400  780 571  487    -2065738     -1         613    -34    3  21   96   +7  255  +13  255   13   3  0  0 L3P DE
G27 FF 60302 063400  780 502 1736     +868469    +94         617    +48    5   7  105  -13  311  -50  311  -50   4  0  0 L3P 10
G28 FF 60302 063400  780 206 1127     +785075    +89         374    -16   13 146  228  +60  393  +12  393   12  10  0  0 L3P 4B
G31 FF 60302 063400  780 433 1034    +2268888    -61         529    -64    8  14  118  +13  309  +42  309   42   6  0  0 L3P 2A
G04 FF 60302 065000  780 572 2547    -2476516   -107         627     -7    5 200   96   +2  294   +7  294    7   5  0  0 L3P FE
G08 FF 60302 065000  780 232 2007    +1585955    +87         433    +68   11  59  206  -63  579 -175  579 -175  10  0  0 L3P 9A
G09 FF 60302 065000  780 349 3029     -364144    -93         505    +25    6  11  141  -15  349  -21  349  -21   6  0  0 L3P 1D
G16 FF 60302 065000  780 730  115    +3982582   -106         711    -32    3  84   85   +2  222   -2  222   -2   3  0  0 L3P D4
G18 FF 60302 065000  780 142  697    +5143981    +65         280    -32   13  85  325  -38  398  +16  398   16  10  0  0 L3P 4E
G26 FF 60302 065000  780 509  547    -2065729    +13         591    -20    5  21  104   +9  259  -12  259  -12   5  0  0 L3P 0C
G27 FF 60302 065000  780 583 1701     +868543    +81         648    +35    5   7   95   -9  282  -24  282  -24   3  0  0 L3P 00
G31 FF 60302 065000  780 376 1100    +2268851    -54         488    -57    8  14  132  +18  326  +25  326   25   6  0  0 L3P 27
G08 FF 60302 070600  780 306 2022    +1586018    +56         478    +36    7  59  159  -37  436 -104  436 -104   6  0  0 L3P 64
G09 FF 60302 070600  780 383 2952     -364230   -105         532    +13    8  11  130   -8  328  -10  328  -10   7  0  0 L3P 0D
G16 FF 60302 070600  780 675  276    +3982490    -97         691    -23    4  84   87   +4  218   -9  218   -9   3  0  0 L3P 01
G18 FF 60302 070600  780 153  628    +5144078    +68         283    -30   17  85  301  -14  376  +24  376   24  15  0  0 L3P 41
G26 FF 60302 070600  780 450  604    -2065728     -5         561    -38    5  21  114  +12  256   -4  256   -4   4  0  0 L3P E1
G27 FF 60302 070600  780 662 1636     +868607    +65         668    +20    3   7   88   -5  262  -22  262  -22   3  0  0 L3P FA
G31 FF 60302 070600  780 318 1158    +2268812    -19         446    -22    9  14  153  +26  348   -2  348   -2   9  0  0 L3P 15
G04 FF 60302 073400  780 448 2250    -2476827   -124         580    -24    7 200  115  +13  317   +9  317    9   6  0  0 L3P 24
G07 FF 60302 073400  780 189 3086     +197944   +171         408    +75    9  48  249  -76  451  -95  451  -95   6  0  0 L3P 66
G08 FF 60302 073400  780 440 2058    +1586146    +94         573    +74    6  59  116  -17  308  -54  308  -54   4  0  0 L3P 47
G09 FF 60302 073400  780 408 2788     -364412   -144         549    -26    9  11  124   +0  316  +26  316   26   8  0  0 L3P 1A
G16 FF 60302 073400  780 572  455    +3982320   -114         645    -40    7  84   96   +7  211   +5  211    5   6  0  0 L3P DD
G18 FF 60302 073400  780 150  508    +5144239    +52         280    -46   16  85  308  +23  368  +36  368   36  15  0  0 L3P 44
G26 FF 60302 073400  780 351  697    -2065752    -33         481    -66   11  21  140  +20  276  +19  276   19   9  0  0 L3P 2F
G27 FF 60302 073400  780 771 1295     +868704    +56         689    +10    3   7   83   -1  229  -16  229  -16   2  0  0 L3P FF
G31 FF 60302 073400  780 216 1244    +2268738    -40         366    -44   12  14  218  +57  377  +27  377   27   9  0  0 L3P 48
G04 FF 60302 075000  780 385 2185    -2476966   -129         538    -29    7 200  130  +19  339  +11  339   11   5  0  0 L3P 56
G07 FF 60302 075000  780 248 3102     +198070   +143         443    +48   10  48  193  -45  391  -77  391  -77   8  0  0 L3P 54
G08 FF 60302 075000  780 520 2087    +1586214    +68         622    +48    4  59  103  -12  265  -42  265  -42   4  0  0 L3P 32
G09 FF 60302 075000  780 400 2689     -364527   -111         548     +7    5  11  125   +4  314  -17  314  -17   4  0  0 L3P 05
G16 FF 60302 075000  780 514  533    +3982216    -84         612    -10   11  84  103   +9  213  -16  213  -16   9  0  0 L3P 11
G18 FF 60302 075000  780 133  444    +5144311     -5         258   -103   15  85  345  +55  364  +68  364   68  12  0  0 L3P 3C
G26 FF 60302 075000  780 298  749    -2065747    -23         454    -56    6  21  162  +27  265  +23  265   23   5  0  0 L3P 24
G27 FF 60302 075000  780 775  910     +868743    +42         684     -4    2   7   83   +1  216  -18  216  -18   2  0  0 L3P D1
G04 FF 60302 080600  780 319 2134    -2477109   -144         493    -44    6 201  152  +29  370  +39  370   39   5  0  0 L3P 4E
G07 FF 60302 080600  780 309 3109     +198205   +101         490     +6    6  49  158  -30  332  -33  332  -33   5  0  0 L3P 15
G08 FF 60302 080600  780 600 2125    +1586279    +50         673    +30    5  60   93   -8  231  -16  231  -16   5  0  0 L3P 06
G09 FF 60302 080600  780 377 2595     -364651   -140         537    -21    7  12  132   +9  313   +2  313    2   6  0  0 L3P E7
G16 FF 60302 080600  780 457  603    +3982106   -121         571    -47    6  85  113  +11  213  +10  213   10   5  0  0 L3P 0B
G18 FF 60302 080600  780 107  386    +5144395   +123         245    +25   21  86  424 +119  347  -66  347  -66  20  0  0 L3P 75
G26 FF 60302 080600  780 246  800    -2065781    +24         393     -9    7  22  193  +39  296  -32  296  -32   7  0  0 L3P 22
G27 FF 60302 080600  780 727  648     +868769    +22         663    -23    2   8   85   +3  206  -11  206  -11   2  0  0 L3P E1
G04 FF 60302 082200  780 253 2092    -2477256   -201         441   -101    8 201  188  +47  415 +102  415  102   6  0  0 L3P 66
G07 FF 60302 082200  780 372 3108     +198329   +151         522    +56    8  49  134  -20  293  -52  293  -52   8  0  0 L3P 3B
G08 FF 60302 082200  780 680 2177    +1586308    +27         684     +8    3  60   87   -5  210  -16  210  -16   3  0  0 L3P FD
G09 FF 60302 082200  780 342 2511     -364783   -168         519    -50    4  12  143  +15  318  +38  318   38   3  0  0 L3P 28
G16 FF 60302 082200  780 402  668    +3982005   -122         541    -48    5  85  125  +14  210   +6  210    6   4  0  0 L3P EF
G21 FF 60302 082200  780 185 1653    -1405614    +87         447    +76   14  70  254  -95  429 -176  429 -176  14  0  0 L3P 96
G26 FF 60302 082200  780 195  850    -2065790     -1         352    -34   15  22  240  +60  293  -10  293  -10  14  0  0 L3P 20
G27 FF 60302 082200  780 659  534     +868779     -7         629    -53    3   8   89   +5  204  +14  204   14   3  0  0 L3P D3
G02 FF 60302 083800  780 180 1707    +5111541    -15         430    +40   12   7  262 -100  440 -174  440 -174  12  0  0 L3P 56
G04 FF 60302 083800  780 188 2054    -2477408   -164         376    -64    8 202  248  +82  493 +113  493  113   6  0  0 L3P 85
G07 FF 60302 083800  780 435 3093     +198471   +131         572    +36    5  49  117  -14  254  -24  254  -24   3  0  0 L3P 38
G08 FF 60302 083800  780 760 2263    +1586329    +25         685     +5    3  60   83   -3  201  -18  201  -18   2  0  0 L3P FB
G09 FF 60302 083800  780 298 2437     -364930   -170         485    -52    9  12  162  +24  340  +37  340   37   7  0  0 L3P 35
G16 FF 60302 083800  780 349  729    +3981885   -156         492    -82    7  85  141  +19  221  +28  221   28   6  0  0 L3P 4A
G21 FF 60302 083800  780 256 1622    -1405541    +33         509    +22   11  70  187  -51  303  -82  303  -82   9  0  0 L3P 38
G27 FF 60302 083800  780 585  490     +868791     +4         598    -41    5   8   95   +8  195   -5  195   -5   2  0  0 L3P D2
G30 FF 60302 083800  780 134 3133    +4538623    -53         354     -9   22   9  346 -153  423  -34  423  -34  15  0  0 L3P 45
G02 FF 60302 085400  780 251 1685    +5111525    +14         466    +69    9   7  191  -53  323  -90  323  -90   9  0  0 L3P 29
G04 FF 60302 085400  780 126 2020    -2477541   -150         338    -50   13 202  364 +172  633 +231  633  231   8  0  0 L3P 7D
G07 FF 60302 085400  780 498 3060     +198604   +148         614    +52    5  49  106  -10  225  -35  225  -35   5  0  0 L3P 36
G08 FF 60302 085400  780 833 2489    +1586345     -3         683    -22    5  60   81   -1  185   -2  185   -2   3  0  0 L3P E6
G09 FF 60302 085400  780 248 2373     -365086   -153         443    -35    9  12  191  +38  362  +17  362   17   7  0  0 L3P 37
G16 FF 60302 085400  780 297  788    +3981771   -102         449    -28    7  85  162  +26  225   -4  225   -4   7  0  0 L3P 2F
G21 FF 60302 085400  780 330 1588    -1405484    +81         555    +69    9  70  149  -31  247  -65  247  -65  10  0  0 L3P 5A
G27 FF 60302 085400  780 511  477     +868815     +7         578    -39    5   8  104  +11  174  -13  174  -13   5  0  0 L3P FB
G30 FF 60302 085400  780 195 3133    +4538620    +27         394    +71   17   9  242  -75  361  -90  361  -90  15  0  0 L3P 4F
G02 FF 60302 091000  780 324 1660    +5111529    +14         523    +69    7   7  151  -32  256  -78  256  -78   7  0  0 L3P 25
G07 FF 60302 091000  780 558 3000     +198730   +131         648    +35    5  49   98   -7  205  -25  205  -25   4  0  0 L3P 0F
G08 FF 60302 091000  780 853 3377    +1586364    +29         684    +10    4  60   81   +0  168  -20  168  -20   3  0  0 L3P 0F
G09 FF 60302 091000  780 196 2318     -365232   -161         411    -42    9  12  239  +63  386  +34  386   34   9  0  0 L3P 2F
G16 FF 60302 091000  780 247  844    +3981672    -91         421    -17   18  85  192  +38  208  -27  208  -27  17  0  0 L3P 5C
G21 FF 60302 091000  780 404 1546    -1405429    +47         600    +36    8  70  125  -20  205  -25  205  -25   7  0  0 L3P 1A
G27 FF 60302 091000  780 440  482     +868804     +1         524    -45    3   8  116  +15  173  -15  173  -15   3  0  0 L3P E2
G30 FF 60302 091000  780 256 3124    +4538626    +13         443    +57   17   9  187  -43  298  -66  298  -66  16  0  0 L3P 62
G02 FF 60302 092600  780 400 1632    +5111530    -15         576    +39    6   7  126  -21  209  -28  209  -28   5  0  0 L3P 15
G07 FF 60302 092600  780 608 2902     +198846   +120         672    +24    3  49   93   -4  187  -17  187  -17   3  0  0 L3P 26
G08 FF 60302 092600  780 791  180    +1586373     +5         674    -14    3  60   82   +2  155   -9  155   -9   1  0  0 L3P D1
G09 FF 60302 092600  780 143 2267     -365399   -153         357    -35   23  12  323 +118  446  +67  446   67  18  0  0 L3P 78
G14 FF 60302 092600  780 110 2881    -2794967    -24         293    +80   24  34  419 -190  410 -105  410 -105  21  0  0 L3P 89
G16 FF 60302 092600  780 197  899    +3981539   -128         359    -54   12  85  238  +58  229  +16  229   16  10  0  0 L3P 78
G21 FF 60302 092600  780 477 1491    -1405374    +68         644    +56    6  70  109  -13  171  -42  171  -42   5  0  0 L3P 38
G27 FF 60302 092600  780 371  497     +868803    -32         478    -78    4   8  134  +21  160  +15  160   15   3  0  0 L3P FC
G30 FF 60302 092600  780 316 3103    +4538630     -2         489    +42    5   9  154  -27  250  -42  250  -42   5  0  0 L3P 05
G02 FF 60302 094200  780 476 1594    +5111519    -25         617    +30    2   7  110  -14  178  -12  178  -12   2  0  0 L3P 12
G07 FF 60302 094200  780 643 2756     +198948    +92         682     -3    3  49   90   -2  177   -6  177   -6   3  0  0 L3P EA
G08 FF 60302 094200  780 720  303    +1586374    -12         656    -31    3  60   85   +4  142  -12  142  -12   1  0  0 L3P E5
G14 FF 60302 094200  780 161 2923    -2795016   -101         343     +3   13  34  290  -94  333  -37  333  -37  10  0  0 L3P 4B
G21 FF 60302 094200  780 546 1413    -1405331    +47         676    +35    4  70   99   -8  151  -22  151  -22   4  0  0 L3P 06
G27 FF 60302 094200  780 306  520     +868780     -6         412    -51    5   8  158  +31  168   -3  168   -3   5  0  0 L3P CE
G30 FF 60302 094200  780 374 3067    +4538627    +16         528    +60    7   9  133  -18  212  -49  212  -49   5  0  0 L3P 2C
G02 FF 60302 095800  780 550 1540    +5111502    -19         653    +36    5   7   99   -9  156  -17  156  -17   4  0  0 L3P 05
G07 FF 60302 095800  780 651 2575     +199045    +93         688     -2    3  49   89   +0  164   -4  164   -4   2  0  0 L3P E1
G08 FF 60302 095800  780 650  376    +1586354     -3         618    -22    3  60   89   +5  137   -5  137   -5   2  0  0 L3P D6
G14 FF 60302 095800  780 215 2963    -2795061   -106         399     -2    9  34  220  -55  263  -13  263  -13   6  0  0 L3P 3F
G21 FF 60302 095800  780 604 1301    -1405290    +26         706    +14    4  70   93   -5  128  -17  128  -17   4  0  0 L3P 03
G27 FF 60302 095800  780 244  548     +868752    -95         341   -140   11   8  194  +46  182  +78  182   78   8  0  0 L3P 3E
G30 FF 60302 095800  780 428 3013    +4538618    -20         562    +25    4   9  119  -12  186  -13  186  -13   3  0  0 L3P 21
G02 FF 60302 101400  780 619 1455    +5111483    -23         683    +31    4   8   92   -6  137  -15  137  -15   3  0  0 L3P F0
G07 FF 60302 101400  780 630 2399     +199127    +64         676    -31    4  51   91   +3  165  +10  165   10   3  0  0 L3P E4
G08 FF 60302 101400  780 582  436    +1586343    -23         588    -43    4  65   95   +7  128  -10  128  -10   3  0  0 L3P FE
G14 FF 60302 101400  780 271 3002    -2795136    -31         421    +74   10  35  177  -36  231  -66  231  -66   7  0  0 L3P 35
G17 FF 60302 101400  780 128 2454    -7213706    +79         374    +72   15  19  363 -156  357 -107  357 -107  10  0  0 L3P 96
G21 FF 60302 101400  780 644 1142    -1405270    +20         713     +9    3  10   90   -2  115  -10  115  -10   1  0  0 L3P BE
G22 FF 60302 101400  780 101 2945     -604362   +139         303    +72   22  25  452 -228  347  -89  347  -89  17  0  0 L3P 6F
G27 FF 60302 101400  780 185  581     +868754     +2         296    -44   14   9  252  +76  173   -8  173   -8  13  0  0 L3P FE
G30 FF 60302 101400  780 473 2936    +4538606    -19         594    +25    5  10  110   -7  166  -11  166  -11   5  0  0 L3P 16
G02 FF 60302 103000  780 676 1316    +5111450    -35         704    +19    4   8   88   -3  123  -16  123  -16   3  0  0 L3P E4
G07 FF 60302 103000  780 585 2261     +199206    +59         664    -36    3  51   95   +6  162   +9  162    9   2  0  0 L3P D2
G08 FF 60302 103000  780 518  489    +1586309    -35         536    -55    4  65  103   +9  129   -4  129   -4   3  0  0 L3P F4
G14 FF 60302 103000  780 330 3037    -2795190    -95         467    +10    8  35  148  -25  191   -4  191   -4   8  0  0 L3P 0F
G17 FF 60302 103000  780 182 2503    -7213657    +50         415    +43    6  19  258  -76  288  -67  288  -67   5  0  0 L3P 4B
G21 FF 60302 103000  780 655  952    -1405256     +7         716     -4    5  10   89   +0  104   -8  104   -8   3  0  0 L3P A1
G22 FF 60302 103000  780 154 2984     -604218   +155         382    +88   22  25  302 -105  259 -116  259 -116  19  0  0 L3P 8C
G27 FF 60302 103000  780 130  617     +868752    +72         251    +26   13   9  354 +145  168  -74  168  -74  12  0  0 L3P 38
G30 FF 60302 103000  780 505 2837    +4538584    -30         614    +14    5  10  105   -4  156  -10  156  -10   4  0  0 L3P 01
G02 FF 60302 104600  780 708 1108    +5111400    -55         705     +0    3   8   86   -1  115  -11  115  -11   2  0  0 L3P BC
G07 FF 60302 104600  780 524 2163     +199274    +59         640    -36    4  51  102   +9  162   +8  162    8   4  0  0 L3P DB
G08 FF 60302 104600  780 456  541    +1586279    -27         487    -47    7  65  113  +12  124  -10  124  -10   5  0  0 L3P 1E
G14 FF 60302 104600  780 392 3069    -2795251    -69         507    +36    7  35  128  -18  166  -22  166  -22   6  0  0 L3P 46
G17 FF 60302 104600  780 236 2557    -7213612    +33         454    +26    9  19  201  -44  236  -32  236  -32   7  0  0 L3P 2D
G21 FF 60302 104600  780 635  774    -1405257    -18         704    -30    6  10   90   +3   97  -13   97  -13   4  0  0 L3P D4
G22 FF 60302 104600  780 210 3020     -604122    +74         414     +7   20  25  226  -60  220  -20  220  -20  16  0  0 L3P F3
G30 FF 60302 104600  780 519 2719    +4538549    -37         622     +8    5  10  103   -1  150   -9  150   -9   5  0  0 L3P E6
G02 FF 60302 110200  780 704  870    +5111344    -72         702    -18    4   8   86   +1  101   -1  101   -1   3  0  0 L3P 98
G07 FF 60302 110200  780 456 2095     +199324    +42         598    -53    4  51  113  +14  169  +10  169   10   3  0  0 L3P 08
G08 FF 60302 110200  780 397  591    +1586252    -43         441    -63    9  65  126  +16  119   +2  119    2   8  0  0 L3P F1
G14 FF 60302 110200  780 457 3096    -2795319    -67         540    +37    4  35  113  -13  152  -14  152  -14   4  0  0 L3P 2A
G17 FF 60302 110200  780 289 2615    -7213576    +43         484    +36    8  19  167  -29  201  -36  201  -36   6  0  0 L3P 3B
G21 FF 60302 110200  780 592  644    -1405264    -23         686    -35    4  10   94   +5   87   -4   87   -4   3  0  0 L3P B4
G22 FF 60302 110200  780 267 3052     -604012    +98         459    +31   10  25  180  -38  177  -32  177  -32   9  0  0 L3P 28
G30 FF 60302 110200  780 513 2595    +4538507    -50         623     -5    5  10  103   +2  145   -6  145   -6   4  0  0 L3P D0
G02 FF 60302 111800  780 668  686    +5111280    -85         690    -30    6   8   88   +3   92   +3   92    3   5  0  0 L3P 9F
G07 FF 60302 111800  780 385 2045     +199378    +41         561    -54    4  51  130  +21  169  +14  169   14   4  0  0 L3P 10
G08 FF 60302 111800  780 340  641    +1586205    -15         375    -35    9  65  144  +21  134  -14  134  -14   8  0  0 L3P 15
G14 FF 60302 111800  780 525 3117    -2795386    -76         573    +29    5  35  102  -10  140   -3  140   -3   4  0  0 L3P 04
G17 FF 60302 111800  780 342 2677    -7213540    +36         513    +29    8  19  144  -20  171  -29  171  -29   6  0  0 L3P 36
G21 FF 60302 111800  780 536  561    -1405287    -16         652    -28    5  10  100   +8   85   -7   85   -7   4  0  0 L3P C4
G22 FF 60302 111800  780 327 3080     -603921    +97         486    +30    8  25  150  -26  159  -18  159  -18   6  0  0 L3P 29
G30 FF 60302 111800  780 488 2480    +4538448    -60         607    -16    6  10  107   +6  145   -3  145   -3   6  0  0 L3P F9
G02 FF 60302 113400  780 612  576    +5111201    -86         664    -31    3   8   92   +6   90   -3   90   -3   2  0  0 L3P 8F
G03 FF 60302 113400  780 181 1360     -774032   -203         263    +65   10  92  260  -82  235  -74  235  -74   8  0  0 L3P 3A
G07 FF 60302 113400  780 313 2006     +199415    +68         506    -28    7  51  155  +33  184  -15  184  -15   4  0  0 L3P 1B
G08 FF 60302 113400  780 286  691    +1586208    +13         360     -7    9  65  168  +29  119  -18  119  -18   7  0  0 L3P 24
G14 FF 60302 113400  780 596 3127    -2795459    -79         600    +26    4  35   94   -7  134   -7  134   -7   4  0  0 L3P 00
G17 FF 60302 113400  780 393 2744    -7213507    +45         539    +38    4  19  128  -14  152  -23  152  -23   4  0  0 L3P 31
G19 FF 60302 113400  780 135 2620    -4168231    +20         429    +72   13  37  342 -123  204  -64  204  -64  11  0  0 L3P 4E
G21 FF 60302 113400  780 474  513    -1405307    -28         621    -39    5  10  110  +12   80   +0   80    0   4  0  0 L3P 9F
G22 FF 60302 113400  780 390 3103     -603810   +110         532    +43    8  25  129  -18  137  -15  137  -15   7  0  0 L3P 18
G30 FF 60302 113400  780 447 2381    +4538383    -51         584     -7    7  10  115  +10  146  -16  146  -16   5  0  0 L3P 18
G02 FF 60302 115000  780 548  517    +5111112   -105         627    -50    4   8   99   +8   94  +18   94   18   3  0  0 L3P C9
G03 FF 60302 115000  780 239 1310     -774222   -190         331    +79   12  92  200  -47  186  -59  186  -59  10  0  0 L3P 54
G07 FF 60302 115000  780 242 1973     +199468    +52         467    -44    6  51  196  +54  193  +19  193   19   5  0  0 L3P 2C
G08 FF 60302 115000  780 234  741    +1586193    -57         326    -77   11  65  202  +42  130  +44  130   44  10  0  0 L3P 21
G14 FF 60302 115000  780 669 3118    -2795536    -85         624    +19    3  35   88   -5  129   -1  129   -1   3  0  0 L3P FB
G17 FF 60302 115000  780 443 2817    -7213472    +34         567    +27    5  19  116  -11  136  -10  136  -10   4  0  0 L3P 21
G19 FF 60302 115000  780 184 2673    -4168246     -6         465    +46   14  37  255  -67  163  -42  163  -42  11  0  0 L3P 50
G21 FF 60302 115000  780 409  489    -1405335    -39         582    -50    7  10  123  +16   79   +4   79    4   7  0  0 L3P CE
G22 FF 60302 115000  780 455 3118     -603704    +96         574    +29    7  25  113  -13  122   -2  122   -2   6  0  0 L3P E5
G30 FF 60302 115000  780 396 2301    +4538309    -85         552    -41    7  10  126  +15  149  +10  149   10   6  0  0 L3P 12
G02 FF 60302 120600  780 482  488    +5111026    -87         592    -32    5   9  108  +12   89  -11   89  -11   4  0  0 L3P EB
G03 FF 60302 120600  780 296 1253     -774433   -230         378    +39    9  95  164  -29  165  -12  165  -12   8  0  0 L3P 42
G07 FF 60302 120600  780 174 1944     +199497    +19         408    -77   11  52  268 +101  234  +68  234   68   8  0  0 L3P 4F
G08 FF 60302 120600  780 184  791    +1586166    -76         285    -95   13  68  253  +67  139  +64  139   64  12  0  0 L3P 5B
G14 FF 60302 120600  780 742 3067    -2795614    -88         647    +16    3  36   84   -3  127   +8  127    8   3  0  0 L3P F0
G17 FF 60302 120600  780 492 2896    -7213441    +19         586    +13    2  20  107   -8  123   -3  123   -3   2  0  0 L3P EE
G19 FF 60302 120600  780 234 2727    -4168252    -15         515    +37    8  44  203  -42  123  -39  123  -39   7  0  0 L3P 33
G21 FF 60302 120600  780 346  480    -1405384    -19         520    -30   11  16  142  +23   91  -20   91  -20  11  0  0 L3P F9
G22 FF 60302 120600  780 522 3123     -603602    +98         611    +31    5  26  102  -10  114   +1  114    1   4  0  0 L3P B7
G30 FF 60302 120600  780 339 2235    +4538222   -112         510    -67    6  32  144  +23  160  +29  160   29   4  0  0 L3P 20
G02 FF 60302 122200  780 416  480    +5110936    -97         554    -42    3   9  121  +16   89   +9   89    9   3  0  0 L3P C2
G03 FF 60302 122200  780 349 1186     -774662   -204         407    +64   12  95  141  -19  163  -33  163  -33  11  0  0 L3P 50
G07 FF 60302 122200  780 109 1915     +199539   +139         358    +44   14  52  419 +237  316  +59  316   59  12  0  0 L3P 6D
G14 FF 60302 122200  780 809 2875    -2795699    -91         663    +14    2  36   82   -1  127   -2  127   -2   2  0  0 L3P F8
G17 FF 60302 122200  780 540 2984    -7213416    +27         604    +20    5  20  100   -6  117  -11  117  -11   3  0  0 L3P F9
G19 FF 60302 122200  780 284 2785    -4168280     -1         537    +52   12  44  170  -29  109  -33  109  -33   9  0  0 L3P 38
G21 FF 60302 122200  780 284  483    -1405414    -35         480    -46   10  16  169  +34   95   +7   95    7  10  0  0 L3P EB
G22 FF 60302 122200  780 591 3111     -603510    +94         638    +27    3  26   94   -7  112   -3  112   -3   2  0  0 L3P BB
G30 FF 60302 122200  780 279 2181    +4538140    -72         470    -27    6  32  172  +35  166   -2  166   -2   5  0  0 L3P 04
G02 FF 60302 123800  780 352  484    +5110830   -117         501    -62    9   9  140  +23  105  +25  105   25   8  0  0 L3P F8
G03 FF 60302 123800  780 396 1106     -774885   -232         441    +36    8  95  127  -12  153  -13  153  -13   8  0  0 L3P 38
G06 FF 60302 123800  780 128 2258    -4679675   +195         314    +73   31  17  362 -175  267 -101  267 -101  19  0  0 L3P B3
G14 FF 60302 123800  780 830 2300    -2795798   -113         664     -9    3  36   82   +0  128   +3  128    3   2  0  0 L3P DD
G17 FF 60302 123800  780 586 3084    -7213391    +31         622    +24    3  20   95   -5  113   -6  113   -6   3  0  0 L3P DD
G19 FF 60302 123800  780 335 2844    -4168285    -30         582    +23    9  44  147  -21   87   -6   87   -6   7  0  0 L3P 07
G21 FF 60302 123800  780 224  495    -1405435     +6         447     -5   15  16  211  +54   95  -38   95  -38  14  0  0 L3P 02
G22 FF 60302 123800  780 659 3069     -603409    +81         675    +14    4  26   89   -5  103   +5  103    5   3  0  0 L3P CC
G30 FF 60302 123800  780 218 2135    +4538048    -84         421    -40   10  32  216  +58  180   +7  180    7   9  0  0 L3P 0A
G02 FF 60302 125400  780 290  497    +5110749    -81         472    -26    9   9  166  +33   98  -17   98  -17   8  0  0 L3P 0B
G03 FF 60302 125400  780 433 1012     -775116   -219         468    +49    5  95  118   -7  142  -34  142  -34   4  0  0 L3P 1F
G06 FF 60302 125400  780 191 2297    -4679487   +187         385    +65   14  17  247  -80  193  -40  193  -40  12  0  0 L3P 86
G14 FF 60302 125400  780 776 1917    -2795904   -113         659     -8    5  36   83   +2  126   -3  126   -3   4  0  0 L3P FB
G17 FF 60302 125400  780 629 3200    -7213373    +23         633    +17    3  20   91   -4  111   -6  111   -6   2  0  0 L3P CA
G19 FF 60302 125400  780 386 2906    -4168313    -31         604    +21    5  44  129  -15   85   +2   85    2   5  0  0 L3P DE
G21 FF 60302 125400  780 166  513    -1405460    -34         411    -45   11  16  279  +93   92  +27   92   27  13  0  0 L3P 0B
G22 FF 60302 125400  780 723 2967     -603323    +88         696    +21    3  26   85   -3  101   +0  101    0   2  0  0 L3P B5
G30 FF 60302 125400  780 158 2093    +4537959    -82         375    -37   11  32  292 +106  201  +11  201   11   9  0  0 L3P 3D
G02 FF 60302 131000  780 230  518    +5110656    -88         432    -34   18   9  206  +51   98  +11   98   11  16  0  0 L3P F6
G03 FF 60302 131000  780 454  905     -775365   -261         477     +7    6  95  114   -3  144   +4  144    4   5  0  0 L3P CB
G06 FF 60302 131000  780 253 2343    -4679330   +167         425    +46   10  17  189  -45  177   -9  177   -9  10  0  0 L3P 4F
G14 FF 60302 131000  780 700 1806    -2796023   -128         640    -24    2  36   86   +4  129   +5  129    5   2  0  0 L3P E2
G17 FF 60302 131000  780 669 3341    -7213354    +12         646     +5    5  20   88   -2  108   +4  108    4   4  0  0 L3P BC
G19 FF 60302 131000  780 440 2972    -4168330    -29         637    +24    7  44  116  -12   73   -1   73   -1   5  0  0 L3P E2
G21 FF 60302 131000  780 111  537    -1405548   -196         313   -208   16  16  408 +192  142 +150  142  150  13  0  0 L3P 73
G22 FF 60302 131000  780 770 2741     -603248    +70         707     +3    3  26   83   -1   99   +3   99    3   2  0  0 L3P 8E
G30 FF 60302 131000  780 101 2053    +4537841    -87         299    -42    7  32  448 +239  265  +59  265   59   5  0  0 L3P 49
G02 FF 60302 132600  780 172  544    +5110559    -79         386    -24   11   9  270  +86  108   -8  108   -8   9  0  0 L3P 09
G03 FF 60302 132600  780 457  794     -775616   -254         483    +14    7  95  113   +1  142  -21  142  -21   7  0  0 L3P 0E
G06 FF 60302 132600  780 315 2395    -4679167   +184         471    +63    6  17  155  -28  160  -34  160  -34   5  0  0 L3P 52
G14 FF 60302 132600  780 619 1767    -2796152   -144         612    -39    2  36   92   +7  136  +14  136   14   2  0  0 L3P 1A
G17 FF 60302 132600  780 700 3516    -7213349     +2         645     -5    5  20   86   -2  109   +9  109    9   4  0  0 L3P B7
G19 FF 60302 132600  780 494 3042    -4168354    -29         663    +23    7  44  106   -9   69   -2   69   -2   6  0  0 L3P ED
G22 FF 60302 132600  780 775 2386     -603190    +63         700     -4    4  26   83   +1  106   +1  106    1   3  0  0 L3P 9F
G02 FF 60302 134200  780 118  574    +5110439   -140         319    -86   14   9  388 +173  123  +31  123   31  12  0  0 L3P 37
G03 FF 60302 134200  780 441  688     -775886   -272         470     -3    6  95  116   +5  141  -16  141  -16   5  0  0 L3P 06
G06 FF 60302 134200  780 375 2455    -4679010   +152         511    +30    4  17  133  -19  148   +2  148    2   3  0  0 L3P 01
G14 FF 60302 134200  780 538 1751    -2796280   -153         584    -48    3  36  100  +11  137  +16  137   16   2  0  0 L3P 33
G17 FF 60302 134200  780 719  130    -7213346     +1         641     -5    2  20   85   -1  112   +5  112    5   1  0  0 L3P 80
G19 FF 60302 134200  780 550 3119    -4168384    -27         683    +25    5  44   99   -7   68   -4   68   -4   4  0  0 L3P E5
G22 FF 60302 134200  780 732 2120     -603138    +45         688    -22    3  26   84   +3  110  +12  110   12   2  0  0 L3P C4
G03 FF 60302 135800  780 408  597     -776155   -323         459    -54    6  95  123  +10  134  +28  134   28   6  0  0 L3P 25
G06 FF 60302 135800  780 434 2524    -4678860   +142         545    +20    4  17  118  -13  139   +2  139    2   4  0  0 L3P 10
G11 FF 60302 135800  780 128 2425    +5134419   +213         321    +65   12 121  361 -154  196  -38  196  -38   9  0  0 L3P 7B
G14 FF 60302 135800  780 457 1744    -2796421   -130         543    -26    6  36  113  +16  146   -6  146   -6   5  0  0 L3P 27
G17 FF 60302 135800  780 720  367    -7213340     +3         641     -3    4  20   85   +0  112   +6  112    6   4  0  0 L3P 89
G19 FF 60302 135800  780 607 3208    -4168418    -40         700    +12    5  44   93   -5   65   +6   65    6   4  0  0 L3P C0
G22 FF 60302 135800  780 666 1988     -603093    +40         669    -27    3  26   88   +5  116   +7  116    7   2  0  0 L3P DF
G03 FF 60302 141400  780 363  526     -776449   -311         437    -43    6  15  136  +17  139  +14  139   14   5  0  0 L3P 15
G06 FF 60302 141400  780 491 2605    -4678710   +156         578    +34    4  19  107   -9  131   -8  131   -8   3  0  0 L3P 15
G11 FF 60302 141400  780 184 2472    +5134603   +218         361    +70    9 122  256  -76  180  -28  180  -28   6  0  0 L3P 52
G14 FF 60302 141400  780 378 1741    -2796563   -141         498    -36    4  37  131  +24  142   -2  142   -2   3  0  0 L3P 1E
G17 FF 60302 141400  780 702  590    -7213339     +1         633     -6    5  21   86   +2  116   +1  116    1   4  0  0 L3P 8D
G19 FF 60302 141400  780 663 3319    -4168443    -31         726    +21    6  79   88   -4   62   -1   62   -1   5  0  0 L3P D0
G22 FF 60302 141400  780 591 1923     -603062    +29         639    -38    3  27   94   +8  125   +8  125    8   3  0  0 L3P D0
G03 FF 60302 143000  780 310  473     -776745   -314         399    -46   10  15  156  +27  150  +26  150   26   9  0  0 L3P 22
G06 FF 60302 143000  780 544 2700    -4678567   +145         604    +24    5  19   99   -7  124  -11  124  -11   4  0  0 L3P 1D
G11 FF 60302 143000  780 238 2524    +5134785   +188         401    +40    7 122  200  -44  172   -6  172   -6   6  0  0 L3P 1F
G12 FF 60302 143000  780 101 3218    +4607932   +129         272    +89   27  89  458 -265  152  -31  152  -31  18  0  0 L3P 7F
G14 FF 60302 143000  780 302 1738    -2796723   -167         438    -62    5  37  160  +37  157  +18  157   18   5  0  0 L3P 48
G17 FF 60302 143000  780 668  773    -7213342    -21         623    -27    6  21   88   +3  117  +10  117   10   6  0  0 L3P E1
G19 FF 60302 143000  780 717 3472    -4168488    -59         730     -7    3  79   85   -3   69  +10   69   10   2  0  0 L3P E7
G22 FF 60302 143000  780 514 1887     -603039    +22         597    -45    4  27  103  +12  133  +10  133   10   3  0  0 L3P F3
G03 FF 60302 144600  780 251  437     -777026   -306         375    -38   16  15  190  +44  143   -3  143   -3  15  0  0 L3P 1B
G06 FF 60302 144600  780 593 2813    -4678440   +127         614     +5    3  19   94   -5  122   +3  122    3   2  0  0 L3P D7
G11 FF 60302 144600  780 292 2581    +5134972   +185         447    +37   10 122  166  -29  158   -5  158   -5   8  0  0 L3P 54
G12 FF 60302 144600  780 159 3194    +4608043    +89         346    +49    7  89  295 -105  133   -9  133   -9   7  0  0 L3P 3F
G14 FF 60302 144600  780 228 1734    -2796864   -166         398    -61    7  37  207  +63  161  +24  161   24   7  0  0 L3P 50
G17 FF 60302 144600  780 622  916    -7213362     -2         597     -9    4  21   91   +4  130   -5  130   -5   3  0  0 L3P AB
G19 FF 60302 144600  780 760  107    -4168532    -55         737     -2    4  79   83   -1   66   +7   66    7   3  0  0 L3P AC
G20 FF 60302 144600  780 103 2118    -3949917    +73         379    +54   24  15  447 -277  174  -54  174  -54  17  0  0 L3P 84
G22 FF 60302 144600  780 436 1864     -603016    +20         556    -48    5  27  117  +17  137  +10  137   10   4  0  0 L3P 03
G03 FF 60302 150200  780 190  415     -777344   -344         315    -76    9  15  247  +79  161  +16  161   16   9  0  0 L3P 1C
G04 FF 60302 150200  780 171  831    -2479795   -117         289    -17   12 205  272  -41  170  +34  170   34  11  0  0 L3P 55
G06 FF 60302 150200  780 635 2951    -4678316   +123         622     +2    3  19   90   -3  120   +1  120    1   3  0  0 L3P BD
G11 FF 60302 150200  780 346 2643    +5135150   +180         482    +32    7 122  142  -20  148  -10  148  -10   6  0  0 L3P 31
G12 FF 60302 150200  780 213 3158    +4608127    +58         391    +18    9  89  222  -54  134  +22  134   22   6  0  0 L3P 1D
G14 FF 60302 150200  780 158 1728    -2797011   -159         351    -55    9  37  294 +126  169  +14  169   14   8  0  0 L3P 60
G17 FF 60302 150200  780 569 1027    -7213378    -19         574    -26    5  21   96   +6  133   +2  133    2   4  0  0 L3P DB
G19 FF 60302 150200  780 776  452    -4168585    -45         734     +7    3  79   83   +0   72   -5   72   -5   3  0  0 L3P B7
G20 FF 60302 150200  780 169 2139    -3949838    +65         440    +45   19  15  278 -109  134   +9  134    9  15  0  0 L3P 4B
G22 FF 60302 150200  780 359 1849     -602999     +4         508    -63    5  27  137  +26  145  +19  145   19   4  0  0 L3P 14
G03 FF 60302 151800  780 127  404     -777628   -306         288    -37   21  15  360 +172  151   +4  151    4  16  0  0 L3P 20
G04 FF 60302 151800  780 193  760    -2479863   -108         317     -8   17 205  243  -21  161  +25  161   25  15  0  0 L3P 4A
G06 FF 60302 151800  780 667 3118    -4678194   +128         627     +6    3  19   88   -2  119   -4  119   -4   3  0  0 L3P 02
G09 FF 60302 151800  780 219 1148     -367916    -52         349    +67   13  15  216  -45  155  -38  155  -38  12  0  0 L3P 59
G11 FF 60302 151800  780 398 2710    +5135313   +188         504    +40    4 122  126  -14  145  -11  145  -11   4  0  0 L3P 39
G12 FF 60302 151800  780 263 3110    +4608211    +89         437    +49   14  89  182  -31  131   -2  131   -2  11  0  0 L3P 1D
G17 FF 60302 151800  780 511 1117    -7213395    -55         551    -61    6  21  104   +9  132  +31  132   31   5  0  0 L3P FB
G19 FF 60302 151800  780 754  791    -4168642    -73         727    -21    3  79   84   +2   76  +16   76   16   2  0  0 L3P EA
G20 FF 60302 151800  780 236 2165    -3949744    +92         515    +72   10  15  202  -56  112  -31  112  -31   9  0  0 L3P 36
G22 FF 60302 151800  780 285 1835     -602985     +7         458    -60    7  27  169  +41  156  +13  156   13   5  0  0 L3P 10
G04 FF 60302 153400  780 205  688    -2479955    -70         321    +30    9 205  229   -8  172  -16  172  -16   9  0  0 L3P 2F
G06 FF 60302 153400  780 686 3313    -4678076   +123         628     +1    4  19   87   -1  119   -4  119   -4   4  0  0 L3P F4
G09 FF 60302 153400  780 264 1083     -367995    -65         384    +53    7  15  182  -28  147  -29  147  -29   5  0  0 L3P 44
G11 FF 60302 153400  780 450 2784    +5135487   +172         536    +24    4 122  114  -11  137   -6  137   -6   3  0  0 L3P 26
G12 FF 60302 153400  780 305 3048    +4608279   +111         467    +72    8  89  159  -18  134  -28  134  -28   5  0  0 L3P 56
G17 FF 60302 153400  780 450 1190    -7213426    -31         514    -37    3  21  114  +13  140   +5  140    5   3  0  0 L3P DA
G19 FF 60302 153400  780 704 1014    -4168705    -73         715    -21    4  79   86   +3   80   +6   80    6   3  0  0 L3P BE
G20 FF 60302 153400  780 303 2198    -3949687    +77         553    +57    9  15  160  -34  110  -10  110  -10   7  0  0 L3P 2E
G22 FF 60302 153400  780 213 1823     -602959     +3         419    -64   10  27  221  +72  153  +10  153   10   8  0  0 L3P FA
G06 FF 60302 155000  780 690 3522    -4677963   +120         624     -1    4  19   87   +0  120   +2  120    2   4  0  0 L3P C8
G09 FF 60302 155000  780 302 1010     -368072   -101         421    +18   10  15  160  -17  137   +2  137    2  10  0  0 L3P F1
G11 FF 60302 155000  780 501 2866    +5135654   +153         561     +5    5 122  105   -8  131  +12  131   12   4  0  0 L3P 01
G12 FF 60302 155000  780 336 2974    +4608340    +83         489    +43    6  89  146  -10  138  -15  138  -15   6  0  0 L3P 41
G17 FF 60302 155000  780 387 1251    -7213454    -34         479    -41    6  21  129  +18  140   -7  140   -7   6  0  0 L3P 0C
G19 FF 60302 155000  780 640 1154    -4168772    -66         698    -13    3  79   90   +5   86   +4   86    4   3  0  0 L3P D5
G20 FF 60302 155000  780 371 2237    -3949620    +53         602    +34    6  15  134  -22  100   +1  100    1   6  0  0 L3P D7
G22 FF 60302 155000  780 143 1809     -602948    +36         366    -31   12  27  322 +149  156   -5  156   -5   9  0  0 L3P 24
G04 FF 60302 160600  780 196  544    -2480148    -97         317     +4   10 206  239  +19  169  -20  169  -20  10  0  0 L3P 44
G06 FF 60302 160600  780 678  123    -4677859   +114         612     -7    4  21   87   +1  121   -9  121   -9   3  0  0 L3P DC
G09 FF 60302 160600  780 331  929     -368165   -157         442    -39    9  21  148  -10  134  +52  134   52   8  0  0 L3P 1C
G11 FF 60302 160600  780 550 2958    +5135812   +170         575    +22    4 123   99   -6  129  -12  129  -12   3  0  0 L3P 2E
G12 FF 60302 160600  780 353 2888    +4608388    +60         501    +20    9  90  140   -4  144   -1  144   -1   8  0  0 L3P F3
G17 FF 60302 160600  780 323 1302    -7213487    -49         437    -55    5  23  151  +28  142  +11  142   11   5  0  0 L3P 13
G19 FF 60302 160600  780 571 1249    -4168851    -93         670    -40    4  38   96   +8   90   +9   90    9   4  0  0 L3P D9
G20 FF 60302 160600  780 440 2285    -3949561    +49         642    +29    6  16  117  -15   98  +13   98   13   4  0  0 L3P 12
G25 FF 60302 160600  780 131 3182    -4826900    +42         348    +57   17  22  351  -98  125  -12  125  -12  13  0  0 L3P 4B
G04 FF 60302 162200  780 175  479    -2480242   -115         319    -15   11 206  266  +39  154   -5  154   -5   9  0  0 L3P 33
G05 FF 60302 162200  780 132 2257    +1553801    +41         319    +27   14  27  353 -166  184  +22  184   22   9  0  0 L3P 3E
G06 FF 60302 162200  780 653  301    -4677759   +107         596    -15    3  21   89   +2  125   +1  125    1   3  0  0 L3P D7
G09 FF 60302 162200  780 349  842     -368264    -94         456    +24   10  21  141   -4  131  -11  131  -11   8  0  0 L3P FD
G11 FF 60302 162200  780 596 3065    +5135966   +166         586    +18    4 123   94   -5  129   -4  129   -4   3  0  0 L3P 1E
G12 FF 60302 162200  780 356 2797    +4608427    +37         503     -3    9  90  139   +2  155  +12  155   12   8  0  0 L3P 03
G17 FF 60302 162200  780 258 1346    -7213532    -42         386    -49   10  23  185  +45  154  +21  154   21   9  0  0 L3P 34
G19 FF 60302 162200  780 500 1318    -4168943   -113         629    -61    7  38  105  +12   96  +24   96   24   6  0  0 L3P 1B
G20 FF 60302 162200  780 508 2343    -3949500    +42         685    +23    3  16  104  -10   88   +0   88    0   2  0  0 L3P CB
G25 FF 60302 162200  780 164 3124    -4826858    +40         405    +55   10  22  284  -48  109  -19  109  -19   9  0  0 L3P 4D
G04 FF 60302 163800  780 144  421    -2480375   -203         282   -103   39 206  319  +76  168  +55  168   55  31  0  0 L3P 75
G05 FF 60302 163800  780 194 2294    +1553865    +88         370    +74   11  27  244  -78  176  -24  176  -24  10  0  0 L3P 6D
G06 FF 60302 163800  780 619  451    -4677653   +123         585     +1    3  21   92   +3  125   -9  125   -9   2  0  0 L3P DD
G09 FF 60302 163800  780 353  752     -368376   -120         458     -2   10  21  140   +1  131   +0  131    0   8  0  0 L3P C0
G11 FF 60302 163800  780 639 3192    +5136124   +163         603    +15    3 123   90   -3  124   -8  124   -8   2  0  0 L3P FD
G12 FF 60302 163800  780 344 2706    +4608470    +11         507    -29    6  90  143   +7  147  +18  147   18   7  0  0 L3P 19
G17 FF 60302 163800  780 193 1383    -7213565    -40         346    -47    6  23  243  +80  150  -18  150  -18   5  0  0 L3P 36
G19 FF 60302 163800  780 427 1372    -4169030    -86         592    -34    5  38  119  +17   96   -6   96   -6   4  0  0 L3P 0B
G20 FF 60302 163800  780 574 2416    -3949463    +56         703    +36    3  16   96   -7   89  -11   89  -11   3  0  0 L3P 04
G25 FF 60302 163800  780 187 3059    -4826852    +79         424    +94   14  22  250  -24  115  -61  115  -61  11  0  0 L3P 5E
G05 FF 60302 165400  780 256 2337    +1553935    +34         425    +19   14  27  187  -44  157  +18  157   18  11  0  0 L3P 55
G06 FF 60302 165400  780 579  578    -4677549    +92         572    -29    4  21   95   +5  125  +15  125   15   4  0  0 L3P 0E
G09 FF 60302 165400  780 342  665     -368505   -130         442    -11    7  21  143   +7  137   -2  137   -2   7  0  0 L3P E0
G11 FF 60302 165400  780 676 3349    +5136276   +161         613    +13    4 123   87   -2  123   -3  123   -3   3  0  0 L3P 00
G12 FF 60302 165400  780 319 2621    +4608487     -2         486    -41    6  90  153  +14  154  +14  154   14   6  0  0 L3P 11
G19 FF 60302 165400  780 354 1415    -4169121   -116         551    -64   10  38  139  +25   98  +16   98   16   9  0  0 L3P 38
G20 FF 60302 165400  780 637 2513    -3949418    +36         729    +17    4  16   90   -5   80  -11   80  -11   3  0  0 L3P EC
G25 FF 60302 165400  780 199 2989    -4826842     -3         448    +12   11  22  236   -8  115   -1  115   -1   8  0  0 L3P 07
G05 FF 60302 171000  780 318 2387    +1553988    +53         463    +39    5  27  153  -28  153   -7  153   -7   4  0  0 L3P 1F
G06 FF 60302 171000  780 535  687    -4677466    +72         538    -50    7  21  100   +6  140  +27  140   27   6  0  0 L3P 01
G09 FF 60302 171000  780 318  587     -368633   -134         428    -15   12  21  153  +14  133  -13  133  -13  12  0  0 L3P 30
G11 FF 60302 171000  780 703 3543    +5136421   +149         616     +2    3 123   86   -1  126   +2  126    2   3  0  0 L3P CD
G12 FF 60302 171000  780 283 2544    +4608498    +23         459    -17    8  90  170  +22  157   -8  157   -8   7  0  0 L3P 20
G19 FF 60302 171000  780 283 1450    -4169212    -95         510    -43    9  38  170  +40   97   -3   97   -3   8  0  0 L3P F4
G20 FF 60302 171000  780 695 2648    -3949384    +47         745    +28    3  16   86   -3   74  -19   74  -19   2  0  0 L3P 0D
G25 FF 60302 171000  780 200 2916    -4826854     +6         451    +21   10  22  235   +5  119  -15  119  -15   9  0  0 L3P 0F
G05 FF 60302 172600  780 380 2445    +1554044    +31         506    +16    7  27  131  -19  144  +15  144   15   5  0  0 L3P 13
G06 FF 60302 172600  780 488  782    -4677373    +92         514    -29    7  21  107   +8  141   +5  141    5   6  0  0 L3P ED
G09 FF 60302 172600  780 282  520     -368765   -163         409    -45    8  21  171  +23  128   +9  128    9   7  0  0 L3P 00
G11 FF 60302 172600  780 715  169    +5136568   +148         621     +0    5 123   85   +0  123   +0  123    0   4  0  0 L3P C2
G12 FF 60302 172600  780 240 2476    +4608501    +10         423    -30   10  90  197  +36  166   +5  166    5   6  0  0 L3P 04
G19 FF 60302 172600  780 212 1479    -4169315   -104         458    -52   13  38  222  +71  105  +10  105   10  11  0  0 L3P 44
G20 FF 60302 172600  780 741 2850    -3949350    +19         760     +0    5  16   84   -2   65   +2   65    2   4  0  0 L3P A4
G25 FF 60302 172600  780 190 2843    -4826874    -16         445     -1   12  22  246  +19  124  -11  124  -11  11  0  0 L3P 37
G05 FF 60302 174200  780 440 2511    +1554094    +53         541    +38    5  27  116  -13  143   -6  143   -6   4  0  0 L3P FB
G06 FF 60302 174200  780 439  866    -4677291    +85         480    -37    5  21  116  +11  150   +6  150    6   5  0  0 L3P F5
G09 FF 60302 174200  780 237  467     -368923   -115         365     +3    9  21  200  +40  141  -37  141  -37   9  0  0 L3P 0C
G11 FF 60302 174200  780 707  402    +5136704   +145         616     -3    3 123   86   +1  126   -3  126   -3   2  0  0 L3P CE
G12 FF 60302 174200  780 193 2415    +4608507     +8         392    -31    6  90  242  +60  168  -10  168  -10   5  0  0 L3P 18
G20 FF 60302 174200  780 765 3140    -3949332    +18         760     -1    3  16   83   +0   66   +5   66    5   3  0  0 L3P A3
G25 FF 60302 174200  780 170 2772    -4826909     -2         424    +13   14  22  274  +38  133  -21  133  -21  12  0  0 L3P 33
G29 FF 60302 174200  780 182 3177    +6095182    +30         376    +34   19  70  258  -87  136  +19  136   19  16  0  0 L3P 62
G05 FF 60302 175800  780 499 2590    +1554141    +53         574    +38    5  27  106   -9  138   -9  138   -9   4  0  0 L3P 18
G06 FF 60302 175800  780 387  942    -4677213    +83         441    -38    4  21  129  +15  156   -3  156   -3   4  0  0 L3P 0A
G09 FF 60302 175800  780 185  426     -369082   -186         319    -68   13  21  252  +72  151  +27  151   27  13  0  0 L3P 44
G11 FF 60302 175800  780 681  607    +5136835   +132         604    -16    5 123   87   +2  127   +2  127    2   5  0  0 L3P E7
G12 FF 60302 175800  780 143 2361    +4608498    -13         344    -53    9  90  321 +109  176  +14  176   14   6  0  0 L3P 3F
G13 FF 60302 175800  780 213 1769    -6089353     +7         386    +46    8  13  222  -73  137  +10  137   10   7  0  0 L3P 1C
G20 FF 60302 175800  780 758 3459    -3949312    +11         761     -9    4  16   83   +1   63   +2   63    2   2  0  0 L3P AE
G25 FF 60302 175800  780 142 2706    -4826953    -37         394    -23   21  22  324  +70  141   +4  141    4  16  0  0 L3P 21
G29 FF 60302 175800  780 244 3160    +6095231    +10         429    +14   11  70  196  -48  129  +31  129   31  10  0  0 L3P 3E
G05 FF 60302 181400  780 555 2683    +1554174    +31         593    +16    3  28   98   -7  133   +0  133    0   2  0  0 L3P D6
G06 FF 60302 181400  780 335 1010    -4677125   +101         412    -20    7  23  146  +21  160  -16  160  -16   6  0  0 L3P 1E
G09 FF 60302 181400  780 130  397     -369226   -217         294    -99   25  22  354 +152  147  +52  147   52  21  0  0 L3P 56
G11 FF 60302 181400  780 641  771    +5136960   +121         590    -27    4 124   90   +4  133  +14  133   14   4  0  0 L3P FC
G13 FF 60302 181400  780 286 1755    -6089341    +19         436    +58    7  50  169  -42  142  -10  142  -10   6  0  0 L3P 35
G20 FF 60302 181400  780 726  107    -3949322     +0         732    -19    4  17   85   +2   67   +4   67    4   3  0  0 L3P 94
G25 FF 60302 181400  780 108 2643    -4826985    -71         372    -56   18  23  419 +135  139  +17  139   17  13  0  0 L3P 72
G29 FF 60302 181400  780 304 3130    +6095266    +36         465    +39    5  72  160  -29  138   +3  138    3   4  0  0 L3P 04
G05 FF 60302 183000  780 606 2797    +1554205    +38         609    +23    2  28   93   -5  130   -8  130   -8   2  0  0 L3P E6
G06 FF 60302 183000  780 281 1072    -4677042    +49         378    -73   10  23  171  +31  155  +33  155   33   9  0  0 L3P 33
G07 FF 60302 183000  780 114  722     +201580   +137         295    +41   15  77  401  -69  157   -4  157   -4  15  0  0 L3P 18
G11 FF 60302 183000  780 592  900    +5137079   +126         567    -22    2 124   94   +5  143   +8  143    8   2  0  0 L3P E8
G13 FF 60302 183000  780 362 1740    -6089323    +27         491    +66    5  50  137  -26  134  -18  134  -18   4  0  0 L3P 32
G15 FF 60302 183000  780 130 2070    -1101980   +150         322   +189   20  32  358 -181  178  -79  178  -79  13  0  0 L3P 8D
G20 FF 60302 183000  780 680  278    -3949316     +6         720    -13    4  17   87   +3   69   +2   69    2   2  0  0 L3P 9C
G29 FF 60302 183000  780 360 3085    +6095307    +53         510    +56    7  72  138  -18  133  -14  133  -14   6  0  0 L3P 2E
G05 FF 60302 184600  780 651 2939    +1554240    +33         630    +18    4  28   89   -3  124   -1  124   -1   3  0  0 L3P E1
G06 FF 60302 184600  780 226 1129    -4676972   +119         331     -2    7  23  209  +50  161  -38  161  -38   6  0  0 L3P 3B
G07 FF 60302 184600  780 130  658     +201727   +102         351     +6   19  77  354  -32  123   +1  123    1  17  0  0 L3P EA
G11 FF 60302 184600  780 538 1003    +5137199   +115         545    -33    5 124  100   +8  145   +8  145    8   4  0  0 L3P 09
G13 FF 60302 184600  780 440 1722    -6089315     +0         536    +38    7  50  116  -17  131   +7  131    7   5  0  0 L3P E4
G15 FF 60302 184600  780 197 2086    -1101925    +32         414    +71    8  32  240  -82  150  -15  150  -15   7  0  0 L3P 25
G20 FF 60302 184600  780 628  403    -3949317     -3         701    -23    3  17   91   +4   72   +6   72    6   2  0  0 L3P 92
G29 FF 60302 184600  780 409 3021    +6095345    +17         551    +20    5  72  124  -12  127   +5  127    5   4  0  0 L3P F5
G05 FF 60302 190200  780 685 3118    +1554266    +34         642    +19    4  28   87   -2  124  -11  124  -11   3  0  0 L3P 03
G11 FF 60302 190200  780 479 1087    +5137318    +99         522    -48    5 124  109  +11  142  +15  142   15   4  0  0 L3P 30
G13 FF 60302 190200  780 520 1695    -6089311     +0         577    +39    4  50  103  -12  129   +0  129    0   3  0  0 L3P D9
G15 FF 60302 190200  780 266 2106    -1101914    +27         462    +66    6  32  181  -46  155  -10  155  -10   5  0  0 L3P 1D
G20 FF 60302 190200  780 575  502    -3949323    -20         675    -39    3  17   96   +6   75  +16   75   16   2  0  0 L3P D8
G29 FF 60302 190200  780 447 2936    +6095371    +18         580    +21    3  72  115   -7  121   +1  121    1   3  0  0 L3P DE
G30 FF 60302 190200  780 183  907    +4536970    -52         362     -7   13  35  255  -40  125  +31  125   31  10  0  0 L3P 14
G05 FF 60302 191800  780 704 3331    +1554284    +28         646    +13    4  28   86   -1  122   -8  122   -8   3  0  0 L3P E6
G07 FF 60302 191800  780 135  529     +201889   +185         329    +89   21  77  340  +16  149  -85  149  -85  16  0  0 L3P 6A
G11 FF 60302 191800  780 418 1158    +5137430   +105         492    -43    6 124  121  +15  140   +8  140    8   6  0  0 L3P 10
G13 FF 60302 191800  780 600 1649    -6089307     -6         618    +33    3  50   94   -8  121   -1  121   -1   2  0  0 L3P CE
G15 FF 60302 191800  780 338 2131    -1101907    +23         506    +61    6  32  146  -29  158  -13  158  -13   4  0  0 L3P 27
G20 FF 60302 191800  780 522  587    -3949334     -8         646    -28    3  17  102   +8   81   -5   81   -5   3  0  0 L3P C4
G29 FF 60302 191800  780 470 2833    +6095381     +0         594     +3    6  72  111   -3  125  +13  125   13   6  0  0 L3P E6
G30 FF 60302 191800  780 208  838    +4536955    -86         389    -42   18  35  226  -23  116  +55  116   55  16  0  0 L3P 54
G05 FF 60302 193400  780 704 3560    +1554291     +9         639     -6    2  28   86   +0  124   -1  124   -1   2  0  0 L3P BB
G07 FF 60302 193400  780 123  468     +201993   +158         342    +63   28  77  369  +47  133  -58  133  -58  25  0  0 L3P 5E
G11 FF 60302 193400  780 356 1218    +5137528    +87         449    -60    6 124  138  +22  148  +21  148   21   6  0  0 L3P 3A
G13 FF 60302 193400  780 675 1565    -6089312     -8         650    +31    2  50   88   -5  116   -5  116   -5   2  0  0 L3P DC
G15 FF 60302 193400  780 411 2162    -1101893     -1         557    +37    4  32  123  -19  148   +2  148    2   3  0  0 L3P DE
G18 FF 60302 193400  780 154 3097    +5148544   +110         352    +12   12  92  303 -117  122  +42  122   42   8  0  0 L3P 45
G20 FF 60302 193400  780 468  662    -3949357    -25         605    -45    4  17  111  +10   88   +2   88    2   3  0  0 L3P D6
G29 FF 60302 193400  780 474 2720    +6095378     -7         594     -4    5  72  110   +1  134   +9  134    9   3  0  0 L3P D6
G30 FF 60302 193400  780 225  766    +4536929     -6         406    +38   12  35  210  -11  114  -38  114  -38  12  0  0 L3P 2C
G05 FF 60302 195000  780 687  173    +1554292     +6         625     -8    4  28   87   +2  125   -3  125   -3   3  0  0 L3P B7
G07 FF 60302 195000  780 103  411     +202077    +95         334     +0   18  77  439 +103  129  -21  129  -21  16  0  0 L3P 1C
G11 FF 60302 195000  780 293 1269    +5137632    +91         410    -57   12 124  165  +33  149  +19  149   19  11  0  0 L3P 5A
G13 FF 60302 195000  780 739 1394    -6089332    -33         668     +6    2  50   84   -2  113   +1  113    1   2  0  0 L3P C2
G15 FF 60302 195000  780 485 2201    -1101889     -9         599    +30    4  32  108  -13  143   +9  143    9   4  0  0 L3P EF
G18 FF 60302 195000  780 215 3116    +5148667    +85         381    -13   12  92  220  -63  138  +53  138   53   9  0  0 L3P 40
G20 FF 60302 195000  780 415  731    -3949370    +19         573     -1    7  17  122  +13   81  -31   81  -31   5  0  0 L3P E0
G29 FF 60302 195000  780 460 2608    +6095374     -1         594     +3    4  72  112   +5  135   -6  135   -6   3  0  0 L3P D7
G30 FF 60302 195000  780 231  693    +4536893    -38         412     +6   22  35  205   -1  111   -3  111   -3  20  0  0 L3P E0
G05 FF 60302 200600  780 656  351    +1554288     -1         611    -16    3  29   89   +3  130   +3  130    3   2  0  0 L3P A1
G11 FF 60302 200600  780 229 1313    +5137731    +78         365    -70   11 125  206  +55  157  +28  157   28  10  0  0 L3P 4E
G13 FF 60302 200600  780 768 1081    -6089360    -26         673    +12    2  51   83   +0  107  -10  107  -10   3  0  0 L3P F4
G15 FF 60302 200600  780 560 2251    -1101892     -5         629    +33    4  34   98   -9  140   -3  140   -3   4  0  0 L3P C6
G18 FF 60302 200600  780 279 3128    +5148813   +162         430    +64   15  93  173  -38  127  -23  127  -23  13  0  0 L3P 67
G20 FF 60302 200600  780 362  795    -3949391     -1         537    -20    5  18  136  +18   89  -10   89  -10   4  0  0 L3P F3
G29 FF 60302 200600  780 428 2506    +6095350    -26         572    -22    6  73  119   +9  144   +4  144    4   6  0  0 L3P EF
G30 FF 60302 200600  780 227  621    +4536835    +20         399    +65   15  36  208   +9  122  -64  122  -64  14  0  0 L3P 2A
G05 FF 60302 202200  780 616  496    +1554294    +12         603     -3    5  29   92   +4  127  -12  127  -12   3  0  0 L3P D8
G13 FF 60302 202200  780 744  761    -6089406    -56         664    -17    2  51   84   +2  106   +1  106    1   2  0  0 L3P BC
G15 FF 60302 202200  780 635 2318    -1101902    -23         657    +15    2  34   90   -6  136   +4  136    4   2  0  0 L3P C2
G18 FF 60302 202200  780 345 3130    +5148951   +135         474    +37    7  93  143  -25  121   +4  121    4   6  0  0 L3P 02
G20 FF 60302 202200  780 310  856    -3949405     -2         505    -21    9  18  156  +25   82  -21   82  -21   8  0  0 L3P DF
G23 FF 60302 202200  780 128 2799    -1221449    -49         340    +22   14 139  362 -136  162   +2  162    2  10  0  0 L3P 37
G29 FF 60302 202200  780 384 2419    +6095319    -47         544    -44    4  73  130  +14  150  +18  150   18   3  0  0 L3P 20
G30 FF 60302 202200  780 211  553    +4536787   -130         394    -86   13  36  223  +22  119  +70  119   70  13  0  0 L3P 3B
G05 FF 60302 203800  780 571  616    +1554280    -13         575    -28    4  29   96   +5  129   +1  129    1   3  0  0 L3P CB
G13 FF 60302 203800  780 686  587    -6089462    -64         645    -26    4  51   87   +4  105   -1  105   -1   3  0  0 L3P E3
G15 FF 60302 203800  780 708 2417    -1101916    -23         679    +15    2  34   86   -4  127   -5  127   -5   2  0  0 L3P E7
G18 FF 60302 203800  780 412 3121    +5149089   +133         518    +35    4  93  123  -17  121   +9  121    9   4  0  0 L3P 06
G20 FF 60302 203800  780 257  914    -3949416    +29         476    +10   11  18  185  +36   72  -52   72  -52  10  0  0 L3P 23
G23 FF 60302 203800  780 177 2849    -1221487    -36         370    +34    9 139  265  -74  161   -2  161   -2   8  0  0 L3P 2D
G24 FF 60302 203800  780 180 1734    +4002685   +153         354    +75    9  17  262  -96  174  -26  174  -26   6  0  0 L3P 51
G29 FF 60302 203800  780 332 2347    +6095290    -40         518    -37    9  73  147  +22  153  +12  153   12   7  0  0 L3P 24
G30 FF 60302 203800  780 185  491    +4536733    +21         382    +66   15  36  252  +41  115  -87  115  -87  14  0  0 L3P 47
G05 FF 60302 205400  780 523  718    +1554271    +12         552     -3    4  29  102   +7  127  -28  127  -28   4  0  0 L3P EE
G13 FF 60302 205400  780 616  510    -6089534    -69         610    -31    7  51   92   +6  107   -9  107   -9   5  0  0 L3P DC
G15 FF 60302 205400  780 774 2597    -1101943    -30         690     +9    2  34   83   -2  124   -7  124   -7   2  0  0 L3P D4
G18 FF 60302 205400  780 479 3095    +5149221   +152         556    +54    6  93  109  -12  125   -7  125   -7   4  0  0 L3P 27
G20 FF 60302 205400  780 205  969    -3949465    -48         408    -67   15  18  228  +57  103  +35  103   35  15  0  0 L3P 47
G23 FF 60302 205400  780 227 2899    -1221510    -35         414    +36    8 139  209  -46  144   -2  144   -2   7  0  0 L3P 1C
G24 FF 60302 205400  780 248 1712    +4002810   +129         404    +51   14  17  193  -53  172   -7  172   -7  13  0  0 L3P 2F
G29 FF 60302 205400  780 275 2287    +6095240    -28         472    -25    9  73  174  +35  166   -8  166   -8   8  0  0 L3P 2E
G30 FF 60302 205400  780 150  438    +4536659   -103         351    -59   17  36  307  +78  125  +41  125   41  16  0  0 L3P 46
G05 FF 60302 211000  780 473  806    +1554257    -16         523    -31    6  29  110   +9  127   +2  127    2   6  0  0 L3P C8
G13 FF 60302 211000  780 543  479    -6089613    -58         569    -19    3  51   99   +9  112  -12  112  -12   3  0  0 L3P 01
G15 FF 60302 211000  780 818 2993    -1101976    -48         693     -9    4  34   82   +0  117   +2  117    2   2  0  0 L3P C8
G18 FF 60302 211000  780 544 3043    +5149363   +130         604    +32    4  93  100   -8  117   +2  117    2   4  0  0 L3P DE
G23 FF 60302 211000  780 280 2949    -1221540    -32         452    +39   11 139  172  -31  136   +2  136    2   9  0  0 L3P 0D
G24 FF 60302 211000  780 319 1689    +4002944   +143         462    +64    7  17  153  -32  159  -12  159  -12   6  0  0 L3P 3F
G29 FF 60302 211000  780 216 2235    +6095193    -16         428    -13    7  73  218  +58  173  -19  173  -19   6  0  0 L3P 3D
G30 FF 60302 211000  780 108  394    +4536580    -80         314    -36   24  36  419 +168  130   -4  130   -4  21  0  0 L3P 1D
G05 FF 60302 212600  780 421  884    +1554235     -5         487    -20    6  29  120  +13  133   -5  133   -5   5  0  0 L3P D9
G13 FF 60302 212600  780 470  473    -6089691    -93         528    -55    6  51  110  +13  114  +12  114   12   5  0  0 L3P 06
G15 FF 60302 212600  780 804 3521    -1102029    -50         678    -11    2  34   82   +1  124   -4  124   -4   2  0  0 L3P C7
G18 FF 60302 212600  780 602 2954    +5149486   +129         633    +31    3  93   93   -5  115   -7  115   -7   3  0  0 L3P 04
G23 FF 60302 212600  780 335 2998    -1221579    -28         480    +42    5 139  147  -22  137  -11  137  -11   5  0  0 L3P 47
G24 FF 60302 212600  780 393 1661    +4003069   +137         513    +59    5  17  128  -21  155  -13  155  -13   5  0  0 L3P 38
G29 FF 60302 212600  780 158 2190    +6095147    -87         385    -83   15  73  293 +106  170  +24  170   24  12  0  0 L3P 65
G05 FF 60302 214200  780 368  955    +1554218     +7         456     -7    7  29  135  +17  136  -30  136  -30   7  0  0 L3P 01
G13 FF 60302 214200  780 400  481    -6089770    -92         485    -53    5  51  125  +18  119   +9  119    9   3  0  0 L3P F7
G15 FF 60302 214200  780 749  196    -1102079    -65         664    -27    4  34   84   +2  122   +8  122    8   3  0  0 L3P CA
G18 FF 60302 214200  780 644 2813    +5149595   +107         648     +9    3  93   90   -2  114   +1  114    1   3  0  0 L3P D7
G23 FF 60302 214200  780 392 3047    -1221610    -19         517    +51    6 139  128  -17  130  -17  130  -17   5  0  0 L3P 2F
G24 FF 60302 214200  780 467 1623    +4003191   +126         559    +48    6  17  111  -14  146   -9  146   -9   5  0  0 L3P 1D
G29 FF 60302 214200  780 101 2147    +6095076    -22         317    -18   13  73  449 +239  178  -37  178  -37  10  0  0 L3P 75
G05 FF 60302 215800  780 314 1019    +1554193    -23         417    -38   13  29  155  +25  146   +5  146    5  12  0  0 L3P 1B
G10 FF 60302 215800  780 116 2968     +666579   +116         316   +101   15  18  397 -175  155  -55  155  -55  11  0  0 L3P 8C
G13 FF 60302 215800  780 333  499    -6089849    -64         444    -25    6  51  147  +26  114  -19  114  -19   7  0  0 L3P 3B
G15 FF 60302 215800  780 686  338    -1102139    -71         642    -32    3  34   87   +4  123   +8  123    8   2  0  0 L3P C6
G18 FF 60302 215800  780 660 2626    +5149687    +96         647     -1    4  93   89   +0  121   +3  121    3   3  0  0 L3P D5
G23 FF 60302 215800  780 452 3095    -1221644    -33         551    +37    5 139  114  -13  123   -7  123   -7   4  0  0 L3P 12
G24 FF 60302 215800  780 541 1569    +4003300   +124         593    +46    4  17  100  -10  144  -15  144  -15   4  0  0 L3P 25
G05 FF 60302 221400  780 259 1078    +1554158    -44         367    -59    8  30  184  +37  156  +19  156   19   6  0  0 L3P 3C
G10 FF 60302 221400  780 169 3008     +666624    +72         346    +58   10  19  277  -88  151  -31  151  -31   8  0  0 L3P 33
G13 FF 60302 221400  780 269  523    -6089971   -171         360   -133   15  52  178  +39  145  +74  145   74  16  0  0 L3P 6C
G15 FF 60302 221400  780 621  432    -1102207    -57         607    -18    2  36   91   +6  128  -15  128  -15   2  0  0 L3P E7
G18 FF 60302 221400  780 644 2435    +5149781    +90         647     -8    2  94   90   +2  126   +5  126    5   2  0  0 L3P D0
G23 FF 60302 221400  780 515 3144    -1221681    -49         586    +21    4 140  103  -10  117  +11  117   11   4  0  0 L3P 0E
G24 FF 60302 221400  780 611 1484    +4003409   +106         633    +28    3  18   92   -6  135   -5  135   -5   2  0  0 L3P E8
G05 FF 60302 223000  780 204 1131    +1554131     +4         326    -11   15  30  230  +61  180   +5  180    5  11  0  0 L3P D5
G10 FF 60302 223000  780 224 3044     +666695    +60         403    +46   19  19  212  -53  122   -3  122   -3  16  0  0 L3P 04
G13 FF 60302 223000  780 208  553    -6090039    -73         329    -34    9  52  226  +63  146   +9  146    9   9  0  0 L3P F9
G15 FF 60302 223000  780 557  507    -1102269    -65         582    -26    5  36   98   +8  124   -3  124   -3   5  0  0 L3P D9
G18 FF 60302 223000  780 601 2283    +5149861    +68         634    -29    4  94   93   +5  130  +10  130   10   3  0  0 L3P F2
G23 FF 60302 223000  780 581 3193    -1221721    -49         614    +22    2 140   95   -7  119   +4  119    4   2  0  0 L3P DB
G24 FF 60302 223000  780 668 1345    +4003504   +102         652    +24    2  18   88   -3  131  -14  131  -14   2  0  0 L3P FC
G10 FF 60302 224600  780 283 3076     +666741    +72         434    +57   12  19  171  -34  124  -19  124  -19   9  0  0 L3P 36
G13 FF 60302 224600  780 150  586    -6090125    -78         280    -39   11  52  307 +113  176  +30  176   30  11  0  0 L3P 3C
G15 FF 60302 224600  780 495  572    -1102335    -64         553    -26    4  36  106  +10  123   -3  123   -3   4  0  0 L3P E5
G18 FF 60302 224600  780 540 2179    +5149929    +69         607    -29    4  94  100   +9  136   +5  136    5   4  0  0 L3P 03
G23 FF 60302 224600  780 650 3245    -1221761    -50         642    +21    3 140   89   -5  115   +2  115    2   2  0  0 L3P CF
G24 FF 60302 224600  780 700 1136    +4003586    +85         659     +6    2  18   86   -1  131   -4  131   -4   2  0  0 L3P C9
G32 FF 60302 224600  780 115 2568    +5994267    +66         338    +32   11  25  400 -172  178  +13  178   13   8  0  0 L3P 54
G10 FF 60302 230200  780 344 3104     +666799    +67         478    +52    8  19  143  -24  121   -9  121   -9   9  0  0 L3P 04
G15 FF 60302 230200  780 435  632    -1102413    -62         513    -23    3  36  117  +13  137   +5  137    5   2  0  0 L3P CA
G18 FF 60302 230200  780 472 2108    +5149981    +36         566    -61    3  94  110  +13  150  +33  150   33   2  0  0 L3P 13
G23 FF 60302 230200  780 722 3307    -1221815    -53         655    +18    2 140   85   -4  125   +7  125    7   2  0  0 L3P DA
G24 FF 60302 230200  780 695  898    +4003661    +65         658    -14    4  18   86   +1  130   +6  130    6   4  0  0 L3P CA
G32 FF 60302 230200  780 165 2618    +5994343    +59         382    +25   13  25  283  -85  169   +1  169    1  11  0  0 L3P 2E
G10 FF 60302 231800  780 409 3127     +666867    +65         532    +50    5  19  124  -17  120   +8  120    8   4  0  0 L3P E7
G15 FF 60302 231800  780 378  689    -1102479    -78         484    -39    6  36  132  +17  152  +31  152   31   5  0  0 L3P 23
G18 FF 60302 231800  780 399 2057    +5150036    +55         527    -43    5  94  126  +20  167  +24  167   24   5  0  0 L3P 2C
G23 FF 60302 231800  780 796 3405    -1221867    -68         671     +2    3 140   82   -2  132  +21  132   21   2  0  0 L3P EF
G24 FF 60302 231800  780 656  715    +4003722    +51         644    -28    6  18   89   +4  136  +16  136   16   5  0  0 L3P F2
G32 FF 60302 231800  780 215 2671    +5994425    +91         430    +56    9  25  220  -50  153  -16  153  -16   8  0  0 L3P 32
G10 FF 60302 233400  780 476 3141     +666919    +24         570    +10    5  19  110  -13  126  +25  126   25   4  0  0 L3P FD
G15 FF 60302 233400  780 322  744    -1102564    -49         436    -10   12  36  151  +24  196  +12  196   12  11  0  0 L3P 20
G18 FF 60302 233400  780 327 2019    +5150073    +43         470    -55    6  94  149  +30  211  +51  211   51   4  0  0 L3P 0F
G23 FF 60302 233400  780 865  190    -1221929    -61         676     +9    2 140   81   +0  145   +8  145    8   2  0  0 L3P C8
G24 FF 60302 233400  780 596  605    +4003764    +54         611    -25    5  18   94   +6  155   +7  155    7   4  0  0 L3P CF
G32 FF 60302 233400  780 265 2727    +5994489    +98         461    +64    6  25  181  -33  156  -15  156  -15   5  0  0 L3P 50
