CGGTTS     GENERIC DATA FORMAT VERSION = 2E
REV DATE = 2023-12-15                    
RCVR = TRIMBLE NETR9 5049K72188      R2CGGTTS v8.6    
CH = 12 
IMS = TRIMBLE NETR9 5049K72188      
LAB = CEPNT                         
X = -2154293.56 m 
Y = +4373452.74 m 
Z = +4098891.74 m 
FRAME = ITRF
COMMENTS = C1P1bias: NO                            
TOT DLY =    0.0 ns (GPS C1),    0.0 ns (GPS P2)     CAL_ID = Unknown             
REF = ITRF10                        
CKSUM = 4A

SAT CL  MJD  STTIME TRKL ELV AZTH   REFSV      SRSV     REFSYS    SRSYS  DSG IOE MDTR SMDT MDIO SMDI MSIO SMSI ISG FR HC FRC CK
             hhmmss  s  .1dg .1dg    .1ns     .1ps/s     .1ns    .1ps/s .1ns     .1ns.1ps/s.1ns.1ps/s.1ns.1ps/s.1ns
G10 FF 60302 001000  780 618 3127     +665853    +44         706    +29    3  12   92   -6  177  +20  177   20   2  0  0 L3P DF
G12 FF 60302 001000  780 273 1205    +4606117    +83         485    +43   13  65  176  -31  319  -20  319  -20  11  0  0 L3P 39
G15 FF 60302 001000  780 217  849    -1099356    -49         418    -10   13   2  217  +50  323  +28  323   28  12  0  0 L3P 17
G18 FF 60302 001000  780 187 1960    +5141790    +30         443    -68    9  82  249  +88  359  +89  359   89   7  0  0 L3P 53
G23 FF 60302 001000  780 759 1435    -1215912    -92         732    -21    4 128   83   +3  206  +21  206   21   4  0  0 L3P F7
G24 FF 60302 001000  780 460  519    +3997195    +18         626    -61    5  47  112  +14  202  +37  202   37   5  0  0 L3P 08
G25 FF 60302 001000  780 171 1572    -4825966    +19         461    +34   14  77  275 -100  380  -73  380  -73  13  0  0 L3P 6A
G32 FF 60302 001000  780 365 2845    +5991752    +65         607    +31    8  43  136  -17  204  +25  204   25   7  0  0 L3P 20
G10 FF 60302 002600  780 690 3071     +665900    +55         738    +40    2  12   87   -4  185   -7  185   -7   1  0  0 L3P D4
G12 FF 60302 002600  780 322 1137    +4606196    +89         525    +49   14  65  152  -20  303  -19  303  -19  12  0  0 L3P 49
G18 FF 60302 002600  780 122 1933    +5141860     +9         418    -89   10  82  377 +193  432 +156  432  156   8  0  0 L3P 66
G21 FF 60302 002600  780 100 3211    -1405948    +88         441    +77   15  64  451 -125  201  +13  201   13  11  0  0 L3P 32
G23 FF 60302 002600  780 678 1500    -1216000    -92         711    -22    4 128   87   +5  223  +14  223   14   4  0  0 L3P F2
G24 FF 60302 002600  780 390  510    +3997220     -7         575    -86    8  47  128  +20  234  +69  234   69   8  0  0 L3P 15
G25 FF 60302 002600  780 234 1536    -4825935    +19         507    +34   13  77  203  -55  329  -42  329  -42  11  0  0 L3P 59
G32 FF 60302 002600  780 416 2908    +5991816    +69         638    +35    7  43  122  -13  212   -3  212   -3   6  0  0 L3P 0B
G10 FF 60302 004200  780 754 2927     +665923    +32         747    +17    2  12   84   -2  198   +2  198    2   1  0  0 L3P CA
G12 FF 60302 004200  780 363 1058    +4606259    +75         550    +35    9  65  136  -12  306   -4  306   -4  10  0  0 L3P 11
G23 FF 60302 004200  780 596 1542    -1216098    -99         681    -28    2 128   94   +8  245  +23  245   23   2  0  0 L3P 1E
G24 FF 60302 004200  780 322  514    +3997238    +14         518    -64    6  47  151  +29  273  +56  273   56   4  0  0 L3P 1D
G25 FF 60302 004200  780 300 1497    -4825881    +42         574    +56   11  77  162  -34  296  -21  296  -21   9  0  0 L3P 51
G28 FF 60302 004200  780 204 2290     +783004   +144         502    +40   10 143  232  -70  343  -11  343  -11   8  0  0 L3P 28
G32 FF 60302 004200  780 468 2975    +5991877    +64         666    +30    5  43  111  -10  217   +3  217    3   4  0  0 L3P 04
G10 FF 60302 005800  780 791 2596     +665943     +8         753     -7    3  12   82   +0  208  +19  208   19   3  0  0 L3P D4
G12 FF 60302 005800  780 394  968    +4606311    +40         564     +1    7  65  127   -7  302  +17  302   17   7  0  0 L3P E9
G23 FF 60302 005800  780 515 1572    -1216206   -115         641    -44    5 128  103  +12  273  +36  273   36   4  0  0 L3P 36
G24 FF 60302 005800  780 257  527    +3997251     +8         456    -70   16  47  185  +44  327  +74  327   74  16  0  0 L3P 43
G25 FF 60302 005800  780 366 1449    -4825847    +35         623    +49    6  77  136  -22  283  -23  283  -23   5  0  0 L3P 4C
G28 FF 60302 005800  780 266 2333     +783161   +141         558    +37    6 143  181  -41  316   -8  316   -8   5  0  0 L3P 26
G32 FF 60302 005800  780 521 3048    +5991937    +62         694    +28    6  43  102   -8  223   +5  223    5   5  0  0 L3P F3
G10 FF 60302 011400  780 768 2208     +665950     +3         746    -12    3  12   83   +2  225  +23  225   23   2  0  0 L3P C4
G12 FF 60302 011400  780 411  869    +4606363    +30         578    -10    8  65  123   -2  303  +24  303   24   6  0  0 L3P EA
G21 FF 60302 011400  780 145 3033    -1405835     +2         521     -9   14  64  318   -1  301  +48  301   48  12  0  0 L3P F1
G23 FF 60302 011400  780 435 1596    -1216309   -126         605    -55    5 128  117  +18  302  +51  302   51   4  0  0 L3P 35
G24 FF 60302 011400  780 195  547    +3997281    +22         410    -56    7  47  240  +73  386  +72  386   72   5  0  0 L3P 26
G25 FF 60302 011400  780 430 1389    -4825829    +26         654    +40    8  77  119  -14  282   -8  282   -8   7  0  0 L3P 25
G28 FF 60302 011400  780 328 2382     +783311   +119         608    +14    7 143  149  -26  299  +16  299   16   7  0  0 L3P 48
G32 FF 60302 011400  780 575 3129    +5991988    +57         712    +23    4  43   96   -6  231  +13  231   13   3  0  0 L3P 03
G02 FF 60302 013000  780 110 3088    +5112965    -31         468    +23   21  92  412   -8  354  +11  354   11  16  0  0 L3P 1A
G10 FF 60302 013000  780 705 2009     +665947     +3         728    -12    3  12   86   +4  244  +18  244   18   3  0  0 L3P CE
G12 FF 60302 013000  780 411  767    +4606406    +68         582    +28    8  65  123   +2  312   -5  312   -5   7  0  0 L3P DC
G21 FF 60302 013000  780 141 2969    -1405831    -26         514    -37   13  64  326  +20  335  +70  335   70   9  0  0 L3P 2A
G23 FF 60302 013000  780 357 1615    -1216428   -113         554    -42    6 128  138  +27  356  +56  356   56   5  0  0 L3P 4C
G24 FF 60302 013000  780 135  573    +3997309    +15         363    -63   15  47  339 +142  468 +100  468  100  14  0  0 L3P 6C
G25 FF 60302 013000  780 490 1310    -4825806    +24         693    +39    9  77  107   -9  277   -6  277   -6   7  0  0 L3P 13
G28 FF 60302 013000  780 390 2439     +783446   +152         643    +48    4 143  129  -18  299  -11  299  -11   4  0  0 L3P 52
G31 FF 60302 013000  780 142 2372    +2268726    +26         425    +22   14   4  329 -137  474   -5  474   -5   9  0  0 L3P 1C
G32 FF 60302 013000  780 628 3223    +5992042    +71         733    +36    3  43   91   -5  235  -10  235  -10   2  0  0 L3P F5
G02 FF 60302 014600  780 107 3024    +5112909    -59         464     -5   16  92  421  +27  382  +37  382   37  15  0  0 L3P 37
G10 FF 60302 014600  780 628 1922     +665940    -22         707    -37    3  12   91   +7  269  +33  269   33   2  0  0 L3P F2
G12 FF 60302 014600  780 395  671    +4606427    +21         565    -19    7  65  127   +7  340  +17  340   17   6  0  0 L3P 03
G23 FF 60302 014600  780 280 1629    -1216546   -120         503    -49   13 128  171  +43  427  +75  427   75  10  0  0 L3P 68
G25 FF 60302 014600  780 539 1206    -4825795    -11         718     +4    6  77  100   -6  283   +7  283    7   5  0  0 L3P EB
G28 FF 60302 014600  780 451 2505     +783580   +144         676    +39    5 143  114  -12  293  -18  293  -18   5  0  0 L3P 4F
G31 FF 60302 014600  780 201 2416    +2268777    +53         473    +50    7   4  235  -68  454  -15  454  -15   5  0  0 L3P 23
G32 FF 60302 014600  780 681 3342    +5992089    +45         748    +11    3  43   87   -3  240   +9  240    9   3  0  0 L3P E5
G10 FF 60302 020200  780 547 1879     +665916    -61         669    -76    5  62   99  +10  303  +48  303   48   4  0  0 L3P 17
G12 FF 60302 020200  780 363  588    +4606441    -25         543    -65    7  82  136  +13  362  +50  362   50   7  0  0 L3P 0C
G23 FF 60302 020200  780 206 1639    -1216667   -139         450    -69   10 129  228  +78  520 +137  520  137  10  0  0 L3P 8C
G25 FF 60302 020200  780 572 1073    -4825792     +4         727    +19    4   1   96   -3  276   +1  276    1   3  0  0 L3P B8
G28 FF 60302 020200  780 509 2583     +783710   +122         710    +17    6 144  104   -9  285   -1  285   -1   5  0  0 L3P 03
G31 FF 60302 020200  780 260 2466    +2268815    +33         509    +30    6  12  185  -40  440  -13  440  -13   6  0  0 L3P 16
G32 FF 60302 020200  780 730 3509    +5992128    +38         753     +4    4  44   85   -2  248   +7  248    7   3  0  0 L3P D3
G10 FF 60302 021800  780 465 1855     +665876    -32         614    -47    5  62  111  +15  343  +43  343   43   5  0  0 L3P 13
G12 FF 60302 021800  780 320  521    +4606458    +13         522    -27   14  82  152  +21  364  +17  364   17  12  0  0 L3P 1E
G25 FF 60302 021800  780 582  922    -4825795    -32         738    -17    4   1   95   +0  274   +7  274    7   3  0  0 L3P CC
G28 FF 60302 021800  780 565 2676     +783832   +126         731    +22    4 144   97   -6  282   -3  282   -3   4  0  0 L3P 0A
G31 FF 60302 021800  780 318 2522    +2268866    +60         556    +56    8  12  153  -26  419  -24  419  -24   7  0  0 L3P 3C
G32 FF 60302 021800  780 766  161    +5992170    +22         762    -12    2  44   83   -1  256  +24  256   24   2  0  0 L3P E7
G10 FF 60302 023400  780 385 1839     +665850    -31         574    -46    3  62  130  +23  390  +56  390   56   3  0  0 L3P 17
G12 FF 60302 023400  780 268  470    +4606447    -22         473    -61   10  82  178  +35  394  +68  394   68  10  0  0 L3P 46
G25 FF 60302 023400  780 565  777    -4825820    -50         726    -35    4   1   97   +3  276  +16  276   16   4  0  0 L3P EF
G28 FF 60302 023400  780 616 2790     +783949   +123         747    +18    3 144   92   -4  283   -5  283   -5   2  0  0 L3P 10
G31 FF 60302 023400  780 377 2584    +2268910    +22         596    +19    8  12  132  -18  400   -4  400   -4   6  0  0 L3P 03
G32 FF 60302 023400  780 774  503    +5992198    +38         757     +4    3  44   83   +0  268   +3  268    3   2  0  0 L3P C6
G03 FF 60302 025000  780 147 3216     -765504   -251         358    +17   19  78  318 -119  552   -4  552   -4  16  0  0 L3P 4C
G10 FF 60302 025000  780 306 1827     +665809    -56         519    -71    5  62  158  +37  464  +86  464   86   4  0  0 L3P 2F
G12 FF 60302 025000  780 211  434    +4606450    -21         438    -61   14  82  223  +60  409  +32  409   32  15  0  0 L3P 18
G25 FF 60302 025000  780 527  661    -4825865    -49         696    -34    5   1  102   +6  287  +12  287   12   7  0  0 L3P FF
G26 FF 60302 025000  780 183 2054    -2066307   +109         483    +76   11  19  258  -97  613 -130  613 -130  12  0  0 L3P 84
G28 FF 60302 025000  780 660 2934     +784065   +113         763     +8    4 144   89   -3  277  -11  277  -11   4  0  0 L3P 17
G31 FF 60302 025000  780 434 2653    +2268952    +36         636    +32    6  12  118  -13  379  -20  379  -20   4  0  0 L3P 2E
G32 FF 60302 025000  780 748  812    +5992222    +19         748    -15    3  44   84   +2  280  +13  280   13   3  0  0 L3P E9
G03 FF 60302 030600  780 199 3178     -765715   -229         404    +39   13  78  236  -59  525  -28  525  -28  11  0  0 L3P 74
G10 FF 60302 030600  780 231 1816     +665766    -51         462    -66   11  62  205  +64  550 +124  550  124   8  0  0 L3P 3E
G12 FF 60302 030600  780 151  411    +4606426    +48         375     +8   17  82  305 +120  473   +3  473    3  13  0  0 L3P FE
G25 FF 60302 030600  780 475  578    -4825905    -34         670    -19    5   1  110  +10  287  -13  287  -13   4  0  0 L3P 12
G26 FF 60302 030600  780 253 2069    -2066211    +81         547    +48   10  19  189  -52  514  -64  514  -64   8  0  0 L3P 4D
G28 FF 60302 030600  780 694 3116     +784171   +100         769     -5    2 144   86   -2  269   +9  269    9   3  0  0 L3P F2
G31 FF 60302 030600  780 489 2733    +2268980    +34         660    +31    4  12  107   -9  365  -11  365  -11   3  0  0 L3P 1A
G32 FF 60302 030600  780 698 1017    +5992245    +13         738    -21    2  44   86   +3  277   +8  277    8   2  0  0 L3P ED
G03 FF 60302 032200  780 246 3128     -765926   -247         450    +22   11  78  194  -33  480  -18  480  -18   9  0  0 L3P 51
G10 FF 60302 032200  780 158 1804     +665709    -79         390    -93   11  62  293 +129  692 +175  692  175   8  0  0 L3P 7B
G25 FF 60302 032200  780 414  523    -4825956    -39         633    -24    8   1  122  +16  290   -5  290   -5   7  0  0 L3P EA
G26 FF 60302 032200  780 326 2089    -2066129    +77         597    +44    7  19  150  -31  450  -44  450  -44   4  0  0 L3P 39
G28 FF 60302 032200  780 712 3335     +784268   +110         765     +6    3 144   85   +0  266  -12  266  -12   2  0  0 L3P 05
G29 FF 60302 032200  780 185 1070    +6095387    +45         405    +48   13  19  253  -59  526 -127  526 -127   9  0  0 L3P 7D
G31 FF 60302 032200  780 543 2824    +2269006    +13         683    +10    3  12  100   -7  342  -11  342  -11   4  0  0 L3P F2
G32 FF 60302 032200  780 636 1148    +5992254    +10         715    -24    3  44   90   +5  290   +5  290    5   3  0  0 L3P D2
G03 FF 60302 033800  780 285 3066     -766152   -242         482    +26    6  78  169  -19  466  -31  466  -31   6  0  0 L3P 4D
G16 FF 60302 033800  780 125 2089    +3983162    +60         447   +134   19  26  373 -200  733 -210  733 -210  16  0  0 L3P 99
G25 FF 60302 033800  780 349  491    -4826013    -44         591    -29    7   1  141  +24  311   +6  311    6   6  0  0 L3P D6
G26 FF 60302 033800  780 400 2115    -2066049    +94         646    +61    4  19  126  -21  402  -64  402  -64   3  0  0 L3P 25
G28 FF 60302 033800  780 711 3569     +784363   +103         760     -2    3 144   85   +1  259  -22  259  -22   3  0  0 L3P 13
G29 FF 60302 033800  780 227 1005    +6095421    +69         443    +72   19  19  209  -35  456 -106  456 -106  17  0  0 L3P 87
G31 FF 60302 033800  780 593 2932    +2269028    +12         702     +8    3  12   94   -5  318   -8  318   -8   3  0  0 L3P DB
G32 FF 60302 033800  780 569 1240    +5992261     -7         688    -41    4  44   96   +8  296  +18  296   18   4  0  0 L3P 14
G03 FF 60302 035400  780 313 2991     -766379   -224         513    +45   11  78  155  -10  431  -47  431  -47   9  0  0 L3P 4F
G16 FF 60302 035400  780 193 2109    +3983172     +0         529    +74   10  26  245  -87  594 -121  594 -121  10  0  0 L3P 6C
G25 FF 60302 035400  780 283  474    -4826075    -57         543    -42   11   1  169  +37  354  +44  354   44  10  0  0 L3P 2C
G26 FF 60302 035400  780 476 2147    -2065975    +75         688    +42    4  19  110  -14  359  -39  359  -39   4  0  0 L3P 56
G28 FF 60302 035400  780 693  182     +784449   +102         746     -3    3 144   86   +2  262   -8  262   -8   3  0  0 L3P E5
G29 FF 60302 035400  780 261  934    +6095440    +36         465    +39   10  19  183  -21  397  -50  397  -50   9  0  0 L3P 47
G31 FF 60302 035400  780 639 3063    +2269044    +13         715    +10    4  12   90   -3  310  -24  310  -24   3  0  0 L3P E9
G32 FF 60302 035400  780 499 1308    +5992256    -28         651    -62    5  44  105  +11  315  +42  315   42   4  0  0 L3P 25
G03 FF 60302 041000  780 327 2908     -766626   -232         524    +37    9  82  149   -3  430  -44  430  -44   8  0  0 L3P 26
G16 FF 60302 041000  780 263 2134    +3983146    +10         567    +84   12  83  182  -47  501  -86  501  -86  10  0  0 L3P 53
G25 FF 60302 041000  780 218  470    -4826139    -32         489    -18   20   4  216  +62  381   -8  381   -8  17  0  0 L3P 15
G26 FF 60302 041000  780 553 2188    -2065898    +86         734    +53    4  20   98  -10  329  -34  329  -34   2  0  0 L3P 31
G28 FF 60302 041000  780 661  359     +784531    +78         730    -27    5 145   88   +3  264   +6  264    6   4  0  0 L3P DA
G29 FF 60302 041000  780 287  856    +6095467    -23         494    -20   10  20  168  -11  376  +49  376   49   9  0  0 L3P 41
G31 FF 60302 041000  780 676 3226    +2269054    +16         723    +13    5  13   87   -2  301  -29  301  -29   4  0  0 L3P FC
G32 FF 60302 041000  780 428 1362    +5992246    -13         602    -47    7  52  119  +16  339  +23  339   23   6  0  0 L3P 25
G03 FF 60302 042600  780 327 2820     -766881   -239         527    +29   10  82  149   +3  423  -23  423  -23   9  0  0 L3P 39
G04 FF 60302 042600  780 163 3133    -2475858    -34         425    +66   15 199  287 -108  563  -90  563  -90  11  0  0 L3P 94
G16 FF 60302 042600  780 335 2166    +3983140    -34         632    +40    6  83  147  -29  419  -77  419  -77   5  0  0 L3P 4A
G25 FF 60302 042600  780 155  476    -4826182    -83         460    -69   14   4  299 +119  386  +34  386   34   9  0  0 L3P 4C
G26 FF 60302 042600  780 630 2242    -2065833    +56         768    +23    4  20   91   -6  297  -33  297  -33   3  0  0 L3P 16
G28 FF 60302 042600  780 620  502     +784614   +100         713     -4    3 145   91   +4  264  -24  264  -24   4  0  0 L3P EA
G29 FF 60302 042600  780 302  773    +6095467     +1         497     +4   10  20  160   -4  389  -34  389  -34  11  0  0 L3P 15
G31 FF 60302 042600  780 702 3425    +2269059    -13         724    -16    4  13   86   -1  286   +3  286    3   4  0  0 L3P DA
G32 FF 60302 042600  780 357 1405    +5992232    -22         555    -56    6  52  138  +25  378  +62  378   62   6  0  0 L3P 39
G03 FF 60302 044200  780 313 2734     -767143   -231         522    +38   14  82  155   +9  432  -17  432  -17  12  0  0 L3P 38
G04 FF 60302 044200  780 226 3139    -2475891    -57         488    +43   12 199  210  -58  476  -79  476  -79  11  0  0 L3P 95
G16 FF 60302 044200  780 408 2205    +3983109     -9         672    +64    4  83  124  -19  359  -64  359  -64   3  0  0 L3P 38
G26 FF 60302 044200  780 706 2321    -2065787    +53         782    +20    3  20   86   -4  275  -30  275  -30   2  0  0 L3P 06
G28 FF 60302 044200  780 575  620     +784687    +75         685    -30    4 145   96   +5  268   +5  268    5   3  0  0 L3P EB
G29 FF 60302 044200  780 303  690    +6095475    -23         508    -19    7  20  160   +2  356  +10  356   10   7  0  0 L3P F8
G31 FF 60302 044200  780 711   53    +2269058     -4         720     -8    4  13   85   +0  280   -7  280   -7   4  0  0 L3P 95
G32 FF 60302 044200  780 286 1440    +5992215    -49         506    -83    8  52  168  +39  434  +92  434   92   6  0  0 L3P 3F
G03 FF 60302 045800  780 287 2652     -767406   -286         517    -17    8  82  168  +17  454  +19  454   19   7  0  0 L3P 4E
G04 FF 60302 045800  780 290 3134    -2475946    -66         529    +34    7 199  167  -35  418  -31  418  -31   5  0  0 L3P 62
G16 FF 60302 045800  780 482 2253    +3983087    -50         722    +24    4  83  109  -13  310  -20  310  -20   3  0  0 L3P 20
G26 FF 60302 045800  780 777 2465    -2065752    +26         785     -6    2  20   83   -2  262   +5  262    5   2  0  0 L3P D6
G28 FF 60302 045800  780 526  720     +784766    +99         664     -6    4 145  102   +7  275   -9  275   -9   3  0  0 L3P FC
G29 FF 60302 045800  780 291  609    +6095467    -61         504    -57   13  20  165  +10  348  +50  348   50  14  0  0 L3P 3F
G31 FF 60302 045800  780 702  280    +2269058     +5         717     +1    3  13   86   +1  282   +1  282    1   3  0  0 L3P 93
G32 FF 60302 045800  780 216 1469    +5992188    -48         447    -82    9  52  218  +68  515 +119  515  119   8  0  0 L3P 76
G03 FF 60302 051400  780 251 2578     -767696   -321         485    -53    9  82  189  +29  493  +57  493   57   7  0  0 L3P 5B
G04 FF 60302 051400  780 354 3118    -2475996    -79         574    +21    9 199  140  -23  374  -28  374  -28   8  0  0 L3P 6A
G16 FF 60302 051400  780 556 2315    +3983048    -41         753    +33    4  83   98   -9  288  -17  288  -17   4  0  0 L3P 30
G26 FF 60302 051400  780 833 2840    -2065724    +32         782     -1    4  20   81   -1  260  -12  260  -12   3  0  0 L3P E0
G28 FF 60302 051400  780 475  806     +784838    +80         635    -25    5 145  109   +9  294   +5  294    5   5  0  0 L3P F9
G29 FF 60302 051400  780 267  537    +6095432   -131         472   -127   14  20  179  +19  376 +103  376  103  13  0  0 L3P 81
G31 FF 60302 051400  780 675  478    +2269050    -28         705    -32    6  13   87   +2  285  +11  285   11   6  0  0 L3P F0
G03 FF 60302 053000  780 209 2512     -767973   -281         465    -13   12  82  225  +47  518  +21  518   21  10  0  0 L3P 42
G04 FF 60302 053000  780 417 3086    -2476050    -74         617    +26    5 199  122  -15  340   -3  340   -3   4  0  0 L3P 15
G16 FF 60302 053000  780 628 2399    +3983001    -33         777    +41    2  83   91   -6  270  -21  270  -21   2  0  0 L3P 0B
G26 FF 60302 053000  780 824 3508    -2065697    +15         777    -18    3  20   82   +1  256   -3  256   -3   3  0  0 L3P EE
G27 FF 60302 053000  780 194 1796     +868156   +100         487    +55   10  89  243  -88  681 -218  681 -218   9  0  0 L3P 92
G28 FF 60302 053000  780 423  884     +784907    +85         604    -20    6 145  120  +13  299   +1  299    1   6  0  0 L3P F7
G29 FF 60302 053000  780 231  474    +6095396    -30         439    -27   18  20  204  +34  389  +15  389   15  18  0  0 L3P 46
G31 FF 60302 053000  780 637  637    +2269036     -5         688     -8    4  13   90   +3  291   -2  291   -2   4  0  0 L3P B5
G03 FF 60302 054600  780 162 2453     -768273   -295         423    -27   11  82  286  +83  584  +85  584   85   7  0  0 L3P 5F
G04 FF 60302 054600  780 476 3032    -2476107    -68         655    +32    4 199  109  -10  317  -15  317  -15   4  0  0 L3P 4A
G09 FF 60302 054600  780 137 3189     -363794    -47         397    +71   13  10  340 -147  582 -100  582 -100  11  0  0 L3P 80
G16 FF 60302 054600  780 695 2522    +3982952    -53         799    +21    4  83   86   -4  254  -22  254  -22   4  0  0 L3P 28
G26 FF 60302 054600  780 767  204    -2065678    +22         764    -11    3  20   83   +2  258   +4  258    4   3  0  0 L3P CC
G27 FF 60302 054600  780 267 1784     +868258   +115         545    +69    8  89  180  -48  515 -159  515 -159  10  0  0 L3P 9B
G28 FF 60302 054600  780 370  953     +784973   +106         570     +1    8 145  134  +17  320  -11  320  -11   7  0  0 L3P 17
G29 FF 60302 054600  780 187  424    +6095347    -82         393    -78   12  20  249  +62  422  +71  422   71  11  0  0 L3P 43
G31 FF 60302 054600  780 592  765    +2269022    -17         671    -21    4  13   94   +5  296  +10  296   10   4  0  0 L3P EE
G03 FF 60302 060200  780 113 2398     -768586   -356         367    -88   18  83  402 +169  691 +143  691  143  12  0  0 L3P A2
G04 FF 60302 060200  780 527 2950    -2476174    -89         682    +11    4 200  102   -6  302   -2  302   -2   3  0  0 L3P F4
G09 FF 60302 060200  780 196 3169     -363836    -29         473    +89   20  11  241  -71  480 -109  480 -109  19  0  0 L3P 7C
G16 FF 60302 060200  780 753 2725    +3982899    -56         815    +18    3  84   84   -2  240  -15  240  -15   3  0  0 L3P 1E
G26 FF 60302 060200  780 701  335    -2065662    +11         753    -22    3  21   86   +4  255   +5  255    5   2  0  0 L3P B6
G27 FF 60302 060200  780 343 1772     +868355   +118         590    +73    6   7  144  -30  432  -66  432  -66   6  0  0 L3P 2E
G28 FF 60302 060200  780 316 1017     +785037    +52         536    -53   14 146  154  +25  340  +25  340   25  13  0  0 L3P 36
G29 FF 60302 060200  780 137  384    +6095329    -28         377    -24   28  43  336 +126  436  +28  436   28  24  0  0 L3P 61
G31 FF 60302 060200  780 542  870    +2269002    +12         649     +8    9  14  100   +7  304  -16  304  -16   6  0  0 L3P E3
G04 FF 60302 061800  780 564 2836    -2476253    -82         698    +18    3 200   97   -3  292   +5  292    5   3  0  0 L3P 04
G09 FF 60302 061800  780 252 3136     -363913   -107         509    +11    7  11  190  -40  422  -21  422  -21   8  0  0 L3P 1C
G16 FF 60302 061800  780 785 3064    +3982830    -88         817    -14    2  84   83   +0  232   +1  232    1   2  0  0 L3P DF
G26 FF 60302 061800  780 635  420    -2065671     +6         713    -27    3  21   90   +5  261   -6  261   -6   2  0  0 L3P BA
G27 FF 60302 061800  780 421 1757     +868461    +97         653    +52    4   7  121  -19  357  -73  357  -73   5  0  0 L3P 2D
G28 FF 60302 061800  780 261 1074     +785089    +58         488    -46    9 146  183  +37  362  +27  362   27   7  0  0 L3P 4C
G31 FF 60302 061800  780 488  958    +2268992    -34         636    -37    5  14  107   +9  305  +16  305   16   5  0  0 L3P 18
G04 FF 60302 063400  780 580 2695    -2476346   -111         702    -11    4 200   95   +0  296  +14  296   14   2  0  0 L3P 1D
G08 FF 60302 063400  780 160 1997    +1585975    +73         472    +53   12  59  293 -128  794 -299  794 -299  10  0  0 L3P CC
G09 FF 60302 063400  780 304 3090     -363980    -93         555    +25    7  11  160  -24  376  -24  376  -24   6  0  0 L3P 28
G16 FF 60302 063400  780 774 3453    +3982747    -96         806    -22    3  84   83   +1  229   +1  229    1   2  0  0 L3P EE
G18 FF 60302 063400  780 121  764    +5143917   +161         310    +63   20  85  379  -77  435  -51  435  -51  16  0  0 L3P 5D
G26 FF 60302 063400  780 571  487    -2065662     -5         690    -38    3  21   96   +7  259  +16  259   16   3  0  0 L3P F5
G27 FF 60302 063400  780 502 1736     +868546    +96         695    +51    4   7  105  -13  314  -52  314  -52   4  0  0 L3P 17
G28 FF 60302 063400  780 206 1127     +785152    +96         451     -8   15 146  228  +60  396   +9  396    9  12  0  0 L3P 28
G31 FF 60302 063400  780 433 1034    +2268962    -62         603    -66    8  14  118  +13  314  +42  314   42   6  0  0 L3P 17
G04 FF 60302 065000  780 572 2547    -2476441   -105         703     -5    6 200   96   +2  299   +6  299    6   6  0  0 L3P FC
G08 FF 60302 065000  780 232 2007    +1586029    +85         507    +65    9  59  206  -63  584 -173  584 -173   8  0  0 L3P 72
G09 FF 60302 065000  780 349 3029     -364068    -94         581    +24    6  11  141  -15  353  -21  353  -21   6  0  0 L3P 1C
G16 FF 60302 065000  780 730  115    +3982656   -110         785    -36    3  84   85   +2  227   +1  227    1   3  0  0 L3P D9
G18 FF 60302 065000  780 142  697    +5144061    +62         360    -35   19  85  325  -38  399  +10  399   10  14  0  0 L3P 43
G26 FF 60302 065000  780 509  547    -2065653    +14         667    -19    4  21  104   +9  262  -11  262  -11   5  0  0 L3P 06
G27 FF 60302 065000  780 583 1701     +868621    +81         725    +35    4   7   95   -9  285  -24  285  -24   3  0  0 L3P FE
G31 FF 60302 065000  780 376 1100    +2268925    -52         562    -55    8  14  132  +18  331  +24  331   24   7  0  0 L3P 15
G08 FF 60302 070600  780 306 2022    +1586093    +47         553    +28    8  59  159  -37  441  -98  441  -98   5  0  0 L3P 52
G09 FF 60302 070600  780 383 2952     -364155   -107         607    +11    8  11  130   -8  332   -8  332   -8   7  0  0 L3P FA
G16 FF 60302 070600  780 675  276    +3982565    -98         766    -25    3  84   87   +4  222   -8  222   -8   3  0  0 L3P FD
G18 FF 60302 070600  780 153  628    +5144152    +74         357    -24   14  85  301  -14  382  +19  382   19  13  0  0 L3P 39
G26 FF 60302 070600  780 450  604    -2065653     -9         636    -42    5  21  114  +12  260   -1  260   -1   4  0  0 L3P D0
G27 FF 60302 070600  780 662 1636     +868684    +65         745    +19    2   7   88   -5  265  -21  265  -21   2  0  0 L3P 05
G31 FF 60302 070600  780 318 1158    +2268885    -13         519    -16   10  14  153  +26  354   -6  354   -6   9  0  0 L3P 27
G04 FF 60302 073400  780 448 2250    -2476754   -120         653    -20    7 200  115  +13  322   +4  322    4   6  0  0 L3P 0A
G07 FF 60302 073400  780 189 3086     +198020   +173         485    +78    8  48  249  -76  454  -98  454  -98   6  0  0 L3P 6D
G08 FF 60302 073400  780 440 2058    +1586222    +88         649    +69    6  59  116  -17  312  -52  312  -52   4  0  0 L3P 3F
G09 FF 60302 073400  780 408 2788     -364332   -140         628    -22    5  11  124   +0  317  +23  317   23   5  0  0 L3P 06
G16 FF 60302 073400  780 572  455    +3982395   -118         719    -44    7  84   96   +7  216   +7  216    7   6  0  0 L3P 01
G18 FF 60302 073400  780 150  508    +5144317    +60         358    -38   17  85  308  +23  370  +32  370   32  16  0  0 L3P 33
G26 FF 60302 073400  780 351  697    -2065676    -34         557    -66   11  21  140  +20  280  +18  280   18   9  0  0 L3P 2D
G27 FF 60302 073400  780 771 1295     +868781    +52         765     +7    2   7   83   -1  233  -14  233  -14   1  0  0 L3P E1
G31 FF 60302 073400  780 216 1244    +2268817    -43         445    -47   11  14  218  +57  379  +28  379   28   9  0  0 L3P 4F
G04 FF 60302 075000  780 385 2185    -2476891   -129         613    -29    7 200  130  +19  343  +10  343   10   5  0  0 L3P 41
G07 FF 60302 075000  780 248 3102     +198146   +136         519    +40    9  48  193  -45  395  -71  395  -71   8  0  0 L3P 4A
G08 FF 60302 075000  780 520 2087    +1586290    +69         698    +50    4  59  103  -12  268  -44  268  -44   4  0  0 L3P 47
G09 FF 60302 075000  780 400 2689     -364450   -109         625     +9    5  11  125   +4  317  -18  317  -18   4  0  0 L3P 0D
G16 FF 60302 075000  780 514  533    +3982292    -85         688    -12   11  84  103   +9  217  -15  217  -15   9  0  0 L3P 2B
G18 FF 60302 075000  780 133  444    +5144391     -2         338   -100   14  85  345  +55  364  +62  364   62  11  0  0 L3P 2F
G26 FF 60302 075000  780 298  749    -2065671    -19         530    -52    7  21  162  +27  269  +18  269   18   6  0  0 L3P 2E
G27 FF 60302 075000  780 775  910     +868819    +44         760     -1    3   7   83   +1  220  -19  220  -19   3  0  0 L3P C9
G04 FF 60302 080600  780 319 2134    -2477032   -145         570    -45    7 201  152  +29  372  +40  372   40   6  0  0 L3P 3D
G07 FF 60302 080600  780 309 3109     +198280   +101         564     +5    6  49  158  -30  337  -33  337  -33   5  0  0 L3P 23
G08 FF 60302 080600  780 600 2125    +1586357    +48         751    +29    5  60   93   -8  234  -14  234  -14   5  0  0 L3P 11
G09 FF 60302 080600  780 377 2595     -364573   -136         616    -18    6  12  132   +9  315   +0  315    0   6  0  0 L3P F2
G16 FF 60302 080600  780 457  603    +3982181   -120         646    -46    6  85  113  +11  218   +8  218    8   5  0  0 L3P 07
G18 FF 60302 080600  780 107  386    +5144465   +105         314     +8   19  86  424 +119  357  -50  357  -50  19  0  0 L3P 64
G26 FF 60302 080600  780 246  800    -2065706    +22         468    -11    9  22  193  +39  300  -27  300  -27   7  0  0 L3P 17
G27 FF 60302 080600  780 727  648     +868845    +22         739    -23    3   8   85   +3  209  -10  209  -10   3  0  0 L3P E6
G04 FF 60302 082200  780 253 2092    -2477181   -194         517    -94    7 201  188  +47  419  +98  419   98   6  0  0 L3P 70
G07 FF 60302 082200  780 372 3108     +198403   +147         596    +51    8  49  134  -20  298  -49  298  -49   7  0  0 L3P 54
G08 FF 60302 082200  780 680 2177    +1586384    +30         759    +11    2  60   87   -5  214  -17  214  -17   2  0  0 L3P 10
G09 FF 60302 082200  780 342 2511     -364706   -169         597    -51    4  12  143  +15  321  +39  321   39   3  0  0 L3P 21
G16 FF 60302 082200  780 402  668    +3982079   -120         615    -46    6  85  125  +14  215   +6  215    6   5  0  0 L3P 04
G21 FF 60302 082200  780 185 1653    -1405533    +94         528    +83   14  70  254  -95  427 -177  427 -177  15  0  0 L3P 91
G26 FF 60302 082200  780 195  850    -2065717     -4         426    -37   14  22  240  +60  298   -7  298   -7  12  0  0 L3P 1A
G27 FF 60302 082200  780 659  534     +868855     -4         705    -49    3   8   89   +5  207  +12  207   12   3  0  0 L3P CD
G02 FF 60302 083800  780 180 1707    +5111616    -24         505    +30   13   7  262 -100  444 -164  444 -164  12  0  0 L3P 62
G04 FF 60302 083800  780 188 2054    -2477333   -164         450    -64    6 202  248  +82  498 +113  498  113   6  0  0 L3P 83
G07 FF 60302 083800  780 435 3093     +198545   +136         646    +41    5  49  117  -14  259  -27  259  -27   4  0  0 L3P 4E
G08 FF 60302 083800  780 760 2263    +1586405    +25         762     +6    3  60   83   -3  204  -19  204  -19   2  0  0 L3P FB
G09 FF 60302 083800  780 298 2437     -364853   -170         563    -52    8  12  162  +24  342  +37  342   37   6  0  0 L3P 38
G16 FF 60302 083800  780 349  729    +3981959   -149         566    -75    5  85  141  +19  226  +23  226   23   5  0  0 L3P 4F
G21 FF 60302 083800  780 256 1622    -1405468    +30         583    +18   12  70  187  -51  309  -78  309  -78   9  0  0 L3P 5B
G27 FF 60302 083800  780 585  490     +868866     +4         673    -42    4   8   95   +8  200   -4  200   -4   2  0  0 L3P B3
G30 FF 60302 083800  780 134 3133    +4538699    -54         430    -10   21   9  346 -153  426  -32  426  -32  14  0  0 L3P 56
G02 FF 60302 085400  780 251 1685    +5111600    +13         541    +67    8   7  191  -53  328  -89  328  -89  10  0  0 L3P 3B
G04 FF 60302 085400  780 126 2020    -2477466   -162         414    -62   13 202  364 +172  637 +241  637  241  13  0  0 L3P 9A
G07 FF 60302 085400  780 498 3060     +198678   +148         687    +53    5  49  106  -10  230  -35  230  -35   5  0  0 L3P 44
G08 FF 60302 085400  780 833 2489    +1586422     +4         760    -15    5  60   81   -1  188   -6  188   -6   3  0  0 L3P ED
G09 FF 60302 085400  780 248 2373     -365009   -143         520    -24   10  12  191  +38  366  +13  366   13   8  0  0 L3P 34
G16 FF 60302 085400  780 297  788    +3981846   -102         524    -28    7  85  162  +26  229   -5  229   -5   7  0  0 L3P 36
G21 FF 60302 085400  780 330 1588    -1405409    +73         631    +62   10  70  149  -31  251  -59  251  -59  11  0  0 L3P 51
G27 FF 60302 085400  780 511  477     +868889     +7         652    -38    5   8  104  +11  179  -12  179  -12   5  0  0 L3P 06
G30 FF 60302 085400  780 195 3133    +4538696    +34         470    +79   16   9  242  -75  365  -94  365  -94  14  0  0 L3P 6B
G02 FF 60302 091000  780 324 1660    +5111605    +14         599    +69    7   7  151  -32  260  -77  260  -77   6  0  0 L3P 20
G07 FF 60302 091000  780 558 3000     +198804   +131         722    +35    5  49   98   -7  210  -25  210  -25   4  0  0 L3P 02
G08 FF 60302 091000  780 853 3377    +1586441    +23         761     +3    4  60   81   +0  171  -16  171  -16   3  0  0 L3P F1
G09 FF 60302 091000  780 196 2318     -365157   -160         485    -42    9  12  239  +63  391  +33  391   33   9  0  0 L3P 35
G16 FF 60302 091000  780 247  844    +3981748    -88         497    -14   17  85  192  +38  212  -30  212  -30  17  0  0 L3P 59
G21 FF 60302 091000  780 404 1546    -1405353    +44         675    +33    7  70  125  -20  209  -24  209  -24   7  0  0 L3P 21
G27 FF 60302 091000  780 440  482     +868880     +1         600    -44    3   8  116  +15  177  -15  177  -15   2  0  0 L3P E7
G30 FF 60302 091000  780 256 3124    +4538703    +12         519    +56   16   9  187  -43  301  -65  301  -65  15  0  0 L3P 3E
G02 FF 60302 092600  780 400 1632    +5111604    -12         650    +42    6   7  126  -21  214  -31  214  -31   5  0  0 L3P F3
G07 FF 60302 092600  780 608 2902     +198920   +118         746    +23    4  49   93   -4  192  -16  192  -16   3  0  0 L3P 1E
G08 FF 60302 092600  780 791  180    +1586450     +7         751    -12    2  60   82   +2  159  -11  159  -11   1  0  0 L3P E2
G09 FF 60302 092600  780 143 2267     -365320   -149         436    -31   22  12  323 +118  449  +64  449   64  17  0  0 L3P 65
G14 FF 60302 092600  780 110 2881    -2794891    -15         368    +89   27  34  419 -190  415 -112  415 -112  24  0  0 L3P 9D
G16 FF 60302 092600  780 197  899    +3981615   -140         435    -67   16  85  238  +58  233  +27  233   27  14  0  0 L3P 6E
G21 FF 60302 092600  780 477 1491    -1405299    +70         719    +58    6  70  109  -13  176  -43  176  -43   5  0  0 L3P 48
G27 FF 60302 092600  780 371  497     +868879    -33         555    -78    4   8  134  +21  164  +15  164   15   3  0  0 L3P 0E
G30 FF 60302 092600  780 316 3103    +4538708     -7         567    +37    6   9  154  -27  252  -39  252  -39   6  0  0 L3P 23
G02 FF 60302 094200  780 476 1594    +5111592    -22         691    +32    3   7  110  -14  183  -14  183  -14   3  0  0 L3P 12
G07 FF 60302 094200  780 643 2756     +199021    +94         756     -1    4  49   90   -2  182   -6  182   -6   4  0  0 L3P D5
G08 FF 60302 094200  780 720  303    +1586448    -14         731    -33    3  60   85   +4  147  -11  147  -11   2  0  0 L3P EE
G14 FF 60302 094200  780 161 2923    -2794941    -99         418     +5   11  34  290  -94  337  -38  337  -38   8  0  0 L3P 55
G21 FF 60302 094200  780 546 1413    -1405257    +46         750    +35    4  70   99   -8  156  -22  156  -22   4  0  0 L3P 0F
G27 FF 60302 094200  780 306  520     +868855     -9         487    -54    5   8  158  +31  172   +0  172    0   4  0  0 L3P C3
G30 FF 60302 094200  780 374 3067    +4538704    +18         606    +63    7   9  133  -18  215  -50  215  -50   5  0  0 L3P 20
G02 FF 60302 095800  780 550 1540    +5111576    -20         727    +34    4   7   99   -9  161  -16  161  -16   3  0  0 L3P FC
G07 FF 60302 095800  780 651 2575     +199118    +94         761     -2    2  49   89   +0  170   -3  170   -3   2  0  0 L3P D2
G08 FF 60302 095800  780 650  376    +1586429     -3         694    -23    3  60   89   +5  141   -4  141   -4   3  0  0 L3P D3
G14 FF 60302 095800  780 215 2963    -2794987   -102         473     +3    9  34  220  -55  268  -17  268  -17   6  0  0 L3P 55
G21 FF 60302 095800  780 604 1301    -1405216    +23         779    +12    4  70   93   -5  134  -14  134  -14   3  0  0 L3P F9
G27 FF 60302 095800  780 244  548     +868828    -99         417   -144   11   8  194  +46  186  +80  186   80   9  0  0 L3P 49
G30 FF 60302 095800  780 428 3013    +4538695    -17         639    +27    4   9  119  -12  190  -14  190  -14   3  0  0 L3P 2B
G02 FF 60302 101400  780 619 1455    +5111556    -22         757    +33    4   8   92   -6  142  -17  142  -17   3  0  0 L3P F0
G07 FF 60302 101400  780 630 2399     +199201    +64         750    -32    4  51   91   +3  171  +11  171   11   3  0  0 L3P D3
G08 FF 60302 101400  780 582  436    +1586418    -20         663    -39    4  65   95   +7  133  -13  133  -13   3  0  0 L3P FB
G14 FF 60302 101400  780 271 3002    -2795060    -30         497    +74   10  35  177  -36  235  -67  235  -67   7  0  0 L3P 47
G17 FF 60302 101400  780 128 2454    -7213633    +82         447    +75   13  19  363 -156  363 -108  363 -108   9  0  0 L3P 85
G21 FF 60302 101400  780 644 1142    -1405198    +19         785     +8    3  10   90   -2  122   -9  122   -9   3  0  0 L3P C5
G22 FF 60302 101400  780 101 2945     -604275   +116         389    +49   19  25  452 -228  342  -76  342  -76  17  0  0 L3P 73
G27 FF 60302 101400  780 185  581     +868831    +12         373    -34   13   9  252  +76  176  -18  176  -18  12  0  0 L3P 2C
G30 FF 60302 101400  780 473 2936    +4538683    -23         671    +22    6  10  110   -7  170   -9  170   -9   5  0  0 L3P F4
G02 FF 60302 103000  780 676 1316    +5111525    -35         779    +19    4   8   88   -3  127  -16  127  -16   3  0  0 L3P FB
G07 FF 60302 103000  780 585 2261     +199281    +57         738    -39    3  51   95   +6  167  +10  167   10   2  0  0 L3P F2
G08 FF 60302 103000  780 518  489    +1586385    -37         611    -56    5  65  103   +9  133   -3  133   -3   4  0  0 L3P EB
G14 FF 60302 103000  780 330 3037    -2795115    -95         542     +9    9  35  148  -25  195   -5  195   -5   8  0  0 L3P 09
G17 FF 60302 103000  780 182 2503    -7213583    +48         489    +41    5  19  258  -76  293  -65  293  -65   4  0  0 L3P 4B
G21 FF 60302 103000  780 655  952    -1405182     +7         790     -4    4  10   89   +0  110   -9  110   -9   3  0  0 L3P 9C
G22 FF 60302 103000  780 154 2984     -604148   +147         452    +80   15  25  302 -105  267 -102  267 -102  11  0  0 L3P 73
G27 FF 60302 103000  780 130  617     +868826    +68         325    +23   10   9  354 +145  172  -74  172  -74  10  0  0 L3P 2F
G30 FF 60302 103000  780 505 2837    +4538659    -32         690    +13    5  10  105   -4  160   -9  160   -9   4  0  0 L3P EF
G02 FF 60302 104600  780 708 1108    +5111475    -57         780     -2    3   8   86   -1  120   -9  120   -9   2  0  0 L3P B7
G07 FF 60302 104600  780 524 2163     +199347    +62         714    -34    4  51  102   +9  167   +7  167    7   4  0  0 L3P DE
G08 FF 60302 104600  780 456  541    +1586355    -27         563    -46    7  65  113  +12  128  -10  128  -10   5  0  0 L3P 1B
G14 FF 60302 104600  780 392 3069    -2795176    -66         582    +39    8  35  128  -18  171  -23  171  -23   6  0  0 L3P 4A
G17 FF 60302 104600  780 236 2557    -7213539    +34         527    +27   11  19  201  -44  242  -31  242  -31   8  0  0 L3P 3A
G21 FF 60302 104600  780 635  774    -1405182    -18         779    -29    6  10   90   +3  102  -12  102  -12   4  0  0 L3P E9
G22 FF 60302 104600  780 210 3020     -604044    +55         492    -12   20  25  226  -60  222   -5  222   -5  16  0  0 L3P F3
G30 FF 60302 104600  780 519 2719    +4538625    -37         698     +8    4  10  103   -1  155   -8  155   -8   4  0  0 L3P F4
G02 FF 60302 110200  780 704  870    +5111419    -70         777    -16    5   8   86   +1  107   -2  107   -2   4  0  0 L3P B3
G07 FF 60302 110200  780 456 2095     +199398    +43         672    -52    4  51  113  +14  174  +10  174   10   3  0  0 L3P 04
G08 FF 60302 110200  780 397  591    +1586328    -44         517    -63    8  65  126  +16  123   +2  123    2   8  0  0 L3P EF
G14 FF 60302 110200  780 457 3096    -2795244    -67         614    +37    5  35  113  -13  157  -14  157  -14   4  0  0 L3P 34
G17 FF 60302 110200  780 289 2615    -7213502    +45         558    +38    8  19  167  -29  206  -36  206  -36   6  0  0 L3P 40
G21 FF 60302 110200  780 592  644    -1405190    -20         760    -31    4  10   94   +5   92   -6   92   -6   3  0  0 L3P A0
G22 FF 60302 110200  780 267 3052     -603937   +111         534    +44   10  25  180  -38  182  -43  182  -43   8  0  0 L3P 32
G30 FF 60302 110200  780 513 2595    +4538583    -47         698     -2    5  10  103   +2  149   -8  149   -8   4  0  0 L3P EF
G02 FF 60302 111800  780 668  686    +5111354    -82         764    -27    6   8   88   +3   97   +2   97    2   5  0  0 L3P AE
G07 FF 60302 111800  780 385 2045     +199453    +41         636    -55    4  51  130  +21  174  +15  174   15   4  0  0 L3P 08
G08 FF 60302 111800  780 340  641    +1586282    -16         453    -35    9  65  144  +21  137  -12  137  -12   7  0  0 L3P 19
G14 FF 60302 111800  780 525 3117    -2795312    -77         647    +28    4  35  102  -10  146   -1  146   -1   4  0  0 L3P 02
G17 FF 60302 111800  780 342 2677    -7213467    +36         586    +29    7  19  144  -20  177  -29  177  -29   6  0  0 L3P 53
G21 FF 60302 111800  780 536  561    -1405214    -16         725    -27    4  10  100   +8   90   -7   90   -7   4  0  0 L3P B1
G22 FF 60302 111800  780 327 3080     -603845    +95         562    +28    7  25  150  -26  164  -15  164  -15   5  0  0 L3P 1E
G30 FF 60302 111800  780 488 2480    +4538525    -59         683    -15    6  10  107   +6  149   -3  149   -3   6  0  0 L3P 08
G02 FF 60302 113400  780 612  576    +5111275    -83         738    -29    3   8   92   +6   96   -5   96   -5   2  0  0 L3P B0
G03 FF 60302 113400  780 181 1360     -773952   -226         343    +42   12  92  260  -82  237  -59  237  -59   9  0  0 L3P 50
G07 FF 60302 113400  780 313 2006     +199490    +63         581    -32    7  51  155  +33  189  -12  189  -12   4  0  0 L3P 1B
G08 FF 60302 113400  780 286  691    +1586285     +5         437    -14    8  65  168  +29  122  -13  122  -13   6  0  0 L3P 15
G14 FF 60302 113400  780 596 3127    -2795385    -75         674    +29    4  35   94   -7  139  -10  139  -10   3  0  0 L3P 25
G17 FF 60302 113400  780 393 2744    -7213433    +43         614    +36    5  19  128  -14  158  -21  158  -21   4  0  0 L3P 2E
G19 FF 60302 113400  780 135 2620    -4168156     +7         505    +59   13  37  342 -123  208  -58  208  -58  12  0  0 L3P 58
G21 FF 60302 113400  780 474  513    -1405234    -31         694    -43    5  10  110  +12   86   +2   86    2   4  0  0 L3P AD
G22 FF 60302 113400  780 390 3103     -603736   +109         607    +42    9  25  129  -18  142  -15  142  -15   7  0  0 L3P 22
G30 FF 60302 113400  780 447 2381    +4538460    -51         661     -7    7  10  115  +10  150  -16  150  -16   6  0  0 L3P 07
G02 FF 60302 115000  780 548  517    +5111187   -101         702    -46    4   8   99   +8   99  +14   99   14   3  0  0 L3P D2
G03 FF 60302 115000  780 239 1310     -774149   -192         404    +77   12  92  200  -47  193  -58  193  -58  10  0  0 L3P 57
G07 FF 60302 115000  780 242 1973     +199543    +60         542    -36    5  51  196  +54  198  +14  198   14   4  0  0 L3P 1E
G08 FF 60302 115000  780 234  741    +1586263    -61         397    -80   11  65  202  +42  137  +47  137   47  10  0  0 L3P 30
G14 FF 60302 115000  780 669 3118    -2795461    -80         698    +25    3  35   88   -5  134   -5  134   -5   3  0  0 L3P FB
G17 FF 60302 115000  780 443 2817    -7213399    +33         641    +27    5  19  116  -11  142  -10  142  -10   4  0  0 L3P 1B
G19 FF 60302 115000  780 184 2673    -4168169    -13         542    +40   14  37  255  -67  166  -38  166  -38  11  0  0 L3P 68
G21 FF 60302 115000  780 409  489    -1405262    -36         655    -48    8  10  123  +16   86   +2   86    2   7  0  0 L3P CB
G22 FF 60302 115000  780 455 3118     -603630    +96         649    +29    8  25  113  -13  128   -3  128   -3   6  0  0 L3P F5
G30 FF 60302 115000  780 396 2301    +4538385    -84         629    -40    7  10  126  +15  153   +8  153    8   6  0  0 L3P FD
G02 FF 60302 120600  780 482  488    +5111100    -89         666    -34    5   9  108  +12   94   -9   94   -9   5  0  0 L3P D1
G03 FF 60302 120600  780 296 1253     -774359   -227         452    +42    9  95  164  -29  170  -14  170  -14   8  0  0 L3P 3E
G07 FF 60302 120600  780 174 1944     +199570    +29         480    -66    9  52  268 +101  240  +61  240   61   7  0  0 L3P 28
G08 FF 60302 120600  780 184  791    +1586244    -92         363   -111   12  68  253  +67  141  +74  141   74  10  0  0 L3P 49
G14 FF 60302 120600  780 742 3067    -2795541    -86         720    +18    4  36   84   -3  133   +7  133    7   3  0  0 L3P E0
G17 FF 60302 120600  780 492 2896    -7213367    +21         660    +14    3  20  107   -8  128   -3  128   -3   2  0  0 L3P F3
G19 FF 60302 120600  780 234 2727    -4168178    -15         589    +37    9  44  203  -42  128  -40  128  -40   8  0  0 L3P 41
G21 FF 60302 120600  780 346  480    -1405311    -22         593    -34   10  16  142  +23   96  -18   96  -18  10  0  0 L3P 0D
G22 FF 60302 120600  780 522 3123     -603528   +101         684    +34    4  26  102  -10  119   -1  119   -1   4  0  0 L3P E4
G30 FF 60302 120600  780 339 2235    +4538296   -114         584    -70    5  32  144  +23  166  +31  166   31   3  0  0 L3P 2E
G02 FF 60302 122200  780 416  480    +5111009    -94         628    -39    4   9  121  +16   95   +6   95    6   3  0  0 L3P B4
G03 FF 60302 122200  780 349 1186     -774588   -206         481    +62   12  95  141  -19  168  -32  168  -32  11  0  0 L3P 61
G07 FF 60302 122200  780 109 1915     +199620   +153         439    +58   25  52  419 +237  319  +55  319   55  18  0  0 L3P 6B
G14 FF 60302 122200  780 809 2875    -2795624    -92         737    +12    2  36   82   -1  132   -2  132   -2   2  0  0 L3P E5
G17 FF 60302 122200  780 540 2984    -7213343    +26         677    +19    5  20  100   -6  123  -11  123  -11   4  0  0 L3P 04
G19 FF 60302 122200  780 284 2785    -4168204     -4         613    +48   13  44  170  -29  113  -32  113  -32   9  0  0 L3P 2C
G21 FF 60302 122200  780 284  483    -1405339    -41         555    -52   12  16  169  +34   99  +11   99   11  11  0  0 L3P 0F
G22 FF 60302 122200  780 591 3111     -603435    +91         713    +24    3  26   94   -7  117   -3  117   -3   2  0  0 L3P BF
G30 FF 60302 122200  780 279 2181    +4538214    -74         545    -30    8  32  172  +35  171   -1  171   -1   5  0  0 L3P FD
G02 FF 60302 123800  780 352  484    +5110905   -120         575    -65    9   9  140  +23  110  +26  110   26   8  0  0 L3P FD
G03 FF 60302 123800  780 396 1106     -774810   -229         517    +39    8  95  127  -12  158  -16  158  -16   7  0  0 L3P 48
G06 FF 60302 123800  780 128 2258    -4679599   +196         389    +74   21  17  362 -175  271 -102  271 -102  14  0  0 L3P B8
G14 FF 60302 123800  780 830 2300    -2795725   -111         737     -6    2  36   82   +0  134   +1  134    1   2  0  0 L3P C4
G17 FF 60302 123800  780 586 3084    -7213318    +31         696    +24    3  20   95   -5  119   -7  119   -7   3  0  0 L3P F5
G19 FF 60302 123800  780 335 2844    -4168212    -31         655    +21    8  44  147  -21   93   -5   93   -5   7  0  0 L3P F4
G21 FF 60302 123800  780 224  495    -1405361     +9         522     -2   15  16  211  +54  100  -38  100  -38  14  0  0 L3P 00
G22 FF 60302 123800  780 659 3069     -603334    +84         750    +17    4  26   89   -5  108   +2  108    2   3  0  0 L3P CD
G30 FF 60302 123800  780 218 2135    +4538124    -89         497    -44   10  32  216  +58  184  +10  184   10   9  0  0 L3P 37
G02 FF 60302 125400  780 290  497    +5110822    -79         545    -24    9   9  166  +33  105  -17  105  -17   8  0  0 L3P 13
G03 FF 60302 125400  780 433 1012     -775042   -222         542    +47    6  95  118   -7  147  -32  147  -32   5  0  0 L3P 16
G06 FF 60302 125400  780 191 2297    -4679411   +183         461    +61   12  17  247  -80  197  -35  197  -35  11  0  0 L3P 79
G14 FF 60302 125400  780 776 1917    -2795831   -117         732    -13    4  36   83   +2  132   -1  132   -1   3  0  0 L3P F6
G17 FF 60302 125400  780 629 3200    -7213299    +25         708    +18    3  20   91   -4  116   -6  116   -6   2  0  0 L3P E1
G19 FF 60302 125400  780 386 2906    -4168239    -30         678    +22    5  44  129  -15   91   +1   91    1   5  0  0 L3P E8
G21 FF 60302 125400  780 166  513    -1405390    -30         482    -42   15  16  279  +93  101  +22  101   22  15  0  0 L3P 18
G22 FF 60302 125400  780 723 2967     -603248    +88         771    +21    2  26   85   -3  106   -1  106   -1   1  0  0 L3P CE
G30 FF 60302 125400  780 158 2093    +4538035    -82         450    -38   11  32  292 +106  205  +10  205   10   9  0  0 L3P 30
G02 FF 60302 131000  780 230  518    +5110729    -97         505    -42   17   9  206  +51  104  +16  104   16  15  0  0 L3P 07
G03 FF 60302 131000  780 454  905     -775289   -266         552     +3    6  95  114   -3  148   +6  148    6   6  0  0 L3P D8
G06 FF 60302 131000  780 253 2343    -4679256   +168         499    +47   10  17  189  -45  182  -10  182  -10  10  0  0 L3P 6B
G14 FF 60302 131000  780 700 1806    -2795950   -128         713    -24    2  36   86   +4  136   +5  136    5   2  0  0 L3P E7
G17 FF 60302 131000  780 669 3341    -7213281    +12         720     +5    5  20   88   -2  114   +3  114    3   4  0  0 L3P AC
G19 FF 60302 131000  780 440 2972    -4168256    -29         712    +23    7  44  116  -12   78   -1   78   -1   5  0  0 L3P EC
G21 FF 60302 131000  780 111  537    -1405470   -184         391   -195   20  16  408 +192  143 +142  143  142  16  0  0 L3P 77
G22 FF 60302 131000  780 770 2741     -603173    +72         781     +5    4  26   83   -1  103   +2  103    2   3  0  0 L3P 95
G30 FF 60302 131000  780 101 2053    +4537919    -79         377    -34    7  32  448 +239  268  +52  268   52   5  0  0 L3P 46
G02 FF 60302 132600  780 172  544    +5110630    -77         458    -22   10   9  270  +86  116   -5  116   -5   9  0  0 L3P F2
G03 FF 60302 132600  780 457  794     -775540   -258         559    +11    7  95  113   +1  146  -18  146  -18   6  0  0 L3P 22
G06 FF 60302 132600  780 315 2395    -4679091   +181         548    +60    5  17  155  -28  164  -32  164  -32   4  0  0 L3P 4F
G14 FF 60302 132600  780 619 1767    -2796078   -142         685    -37    2  36   92   +7  141  +13  141   13   2  0  0 L3P 1D
G17 FF 60302 132600  780 700 3516    -7213275     +3         719     -4    4  20   86   -2  114   +9  114    9   3  0  0 L3P AD
G19 FF 60302 132600  780 494 3042    -4168281    -25         737    +28    8  44  106   -9   75   -4   75   -4   6  0  0 L3P EE
G22 FF 60302 132600  780 775 2386     -603113    +54         777    -13    5  26   83   +1  110   +7  110    7   4  0  0 L3P BC
G02 FF 60302 134200  780 118  574    +5110511   -127         391    -73   16   9  388 +173  130  +17  130   17  15  0  0 L3P 38
G03 FF 60302 134200  780 441  688     -775812   -276         544     -8    7  95  116   +5  146  -13  146  -13   6  0  0 L3P 0C
G06 FF 60302 134200  780 375 2455    -4678935   +150         586    +29    4  17  133  -19  152   +3  152    3   3  0  0 L3P 1A
G14 FF 60302 134200  780 538 1751    -2796207   -151         657    -47    2  36  100  +11  143  +15  143   15   2  0  0 L3P 27
G17 FF 60302 134200  780 719  130    -7213272     +3         715     -4    5  20   85   -1  118   +4  118    4   3  0  0 L3P 90
G19 FF 60302 134200  780 550 3119    -4168310    -29         758    +24    4  44   99   -7   73   -3   73   -3   4  0  0 L3P D3
G22 FF 60302 134200  780 732 2120     -603063    +47         763    -20    2  26   84   +3  115  +11  115   11   2  0  0 L3P C2
G03 FF 60302 135800  780 408  597     -776079   -322         535    -53    6  95  123  +10  138  +27  138   27   6  0  0 L3P 29
G06 FF 60302 135800  780 434 2524    -4678785   +144         620    +23    4  17  118  -13  144   +0  144    0   4  0  0 L3P 09
G11 FF 60302 135800  780 128 2425    +5134490   +212         392    +64   12 121  361 -154  204  -35  204  -35   9  0  0 L3P 66
G14 FF 60302 135800  780 457 1744    -2796348   -129         616    -25    6  36  113  +16  152   -7  152   -7   4  0  0 L3P 32
G17 FF 60302 135800  780 720  367    -7213264     -1         717     -8    2  20   85   +0  117   +9  117    9   2  0  0 L3P A3
G19 FF 60302 135800  780 607 3208    -4168343    -41         775    +11    4  44   93   -5   70   +6   70    6   4  0  0 L3P C0
G22 FF 60302 135800  780 666 1988     -603017    +39         745    -28    3  26   88   +5  121   +7  121    7   2  0  0 L3P D7
G03 FF 60302 141400  780 363  526     -776374   -312         512    -44    6  15  136  +17  143  +15  143   15   5  0  0 L3P 06
G06 FF 60302 141400  780 491 2605    -4678635   +157         654    +36    3  19  107   -9  136   -9  136   -9   3  0  0 L3P 24
G11 FF 60302 141400  780 184 2472    +5134677   +217         435    +70    8 122  256  -76  186  -26  186  -26   5  0  0 L3P 64
G14 FF 60302 141400  780 378 1741    -2796490   -147         571    -43    5  37  131  +24  148   +2  148    2   4  0  0 L3P 18
G17 FF 60302 141400  780 702  590    -7213265     +0         707     -7    4  21   86   +2  122   +2  122    2   3  0  0 L3P 87
G19 FF 60302 141400  780 663 3319    -4168369    -30         799    +22    5  79   88   -4   67   -2   67   -2   5  0  0 L3P EC
G22 FF 60302 141400  780 591 1923     -602987    +32         714    -35    3  27   94   +8  129   +6  129    6   2  0  0 L3P D3
G03 FF 60302 143000  780 310  473     -776671   -316         473    -48    9  15  156  +27  155  +29  155   29   9  0  0 L3P 25
G06 FF 60302 143000  780 544 2700    -4678492   +148         679    +26    5  19   99   -7  129  -12  129  -12   4  0  0 L3P 37
G11 FF 60302 143000  780 238 2524    +5134857   +185         473    +38    6 122  200  -44  179   -4  179   -4   6  0  0 L3P 35
G12 FF 60302 143000  780 101 3218    +4608005   +122         346    +82   22  89  458 -265  158  -26  158  -26  15  0  0 L3P 77
G14 FF 60302 143000  780 302 1738    -2796650   -174         512    -69    6  37  160  +37  163  +23  163   23   5  0  0 L3P 38
G17 FF 60302 143000  780 668  773    -7213268    -21         697    -28    6  21   88   +3  122  +11  122   11   6  0  0 L3P EE
G19 FF 60302 143000  780 717 3472    -4168415    -58         804     -6    2  79   85   -3   74   +9   74    9   2  0  0 L3P C4
G22 FF 60302 143000  780 514 1887     -602964    +24         672    -43    3  27  103  +12  137   +9  137    9   2  0  0 L3P E9
G03 FF 60302 144600  780 251  437     -776951   -299         450    -30   15  15  190  +44  147   -9  147   -9  14  0  0 L3P 30
G06 FF 60302 144600  780 593 2813    -4678366   +125         689     +4    2  19   94   -5  127   +4  127    4   2  0  0 L3P F2
G11 FF 60302 144600  780 292 2581    +5135044   +187         518    +39   11 122  166  -29  165   -9  165   -9   8  0  0 L3P 53
G12 FF 60302 144600  780 159 3194    +4608116    +96         418    +56    8  89  295 -105  140  -15  140  -15   8  0  0 L3P 54
G14 FF 60302 144600  780 228 1734    -2796790   -169         472    -64    8  37  207  +63  167  +25  167   25   7  0  0 L3P 5C
G17 FF 60302 144600  780 622  916    -7213288     -1         671     -8    4  21   91   +4  135   -6  135   -6   3  0  0 L3P B5
G19 FF 60302 144600  780 760  107    -4168458    -53         811     +0    4  79   83   -1   72   +6   72    6   4  0  0 L3P 9F
G20 FF 60302 144600  780 103 2118    -3949858   +140         438   +121   18  15  447 -277  193 -120  193 -120  11  0  0 L3P AD
G22 FF 60302 144600  780 436 1864     -602941    +22         631    -45    5  27  117  +17  142   +7  142    7   4  0  0 L3P E6
G03 FF 60302 150200  780 190  415     -777271   -356         388    -88    8  15  247  +79  167  +28  167   28   8  0  0 L3P 3B
G04 FF 60302 150200  780 171  831    -2479722   -103         362     -3   16 205  272  -41  176  +23  176   23  14  0  0 L3P 38
G06 FF 60302 150200  780 635 2951    -4678241   +121         697     +0    3  19   90   -3  124   +2  124    2   3  0  0 L3P CC
G11 FF 60302 150200  780 346 2643    +5135223   +183         555    +35    7 122  142  -20  154  -12  154  -12   6  0  0 L3P 37
G12 FF 60302 150200  780 213 3158    +4608202    +63         467    +24    8  89  222  -54  139  +18  139   18   6  0  0 L3P 27
G14 FF 60302 150200  780 158 1728    -2796938   -169         425    -65   10  37  294 +126  175  +20  175   20   9  0  0 L3P 72
G17 FF 60302 150200  780 569 1027    -7213304    -18         649    -25    4  21   96   +6  139   +2  139    2   4  0  0 L3P DC
G19 FF 60302 150200  780 776  452    -4168511    -42         808    +11    3  79   83   +0   77   -8   77   -8   2  0  0 L3P C5
G20 FF 60302 150200  780 169 2139    -3949762    +74         515    +54   18  15  278 -109  139   +2  139    2  14  0  0 L3P 44
G22 FF 60302 150200  780 359 1849     -602924     +1         584    -66    6  27  137  +26  150  +20  150   20   4  0  0 L3P F5
G03 FF 60302 151800  780 127  404     -777559   -327         357    -59   16  15  360 +172  160  +17  160   17  13  0  0 L3P 50
G04 FF 60302 151800  780 193  760    -2479787   -105         393     -4   18 205  243  -21  166  +24  166   24  16  0  0 L3P 56
G06 FF 60302 151800  780 667 3118    -4678120   +131         701     +9    3  19   88   -2  125   -6  125   -6   3  0  0 L3P EB
G09 FF 60302 151800  780 219 1148     -367844    -60         421    +58   12  15  216  -45  162  -33  162  -33  11  0  0 L3P 3F
G11 FF 60302 151800  780 398 2710    +5135388   +189         578    +41    4 122  126  -14  151  -13  151  -13   4  0  0 L3P 50
G12 FF 60302 151800  780 263 3110    +4608287    +88         513    +49   14  89  182  -31  135   -1  135   -1  11  0  0 L3P 2A
G17 FF 60302 151800  780 511 1117    -7213320    -49         626    -55    6  21  104   +9  137  +27  137   27   5  0  0 L3P 0C
G19 FF 60302 151800  780 754  791    -4168569    -71         801    -19    3  79   84   +2   82  +14   82   14   2  0  0 L3P E6
G20 FF 60302 151800  780 236 2165    -3949669    +87         590    +68   10  15  202  -56  116  -28  116  -28   8  0  0 L3P 5B
G22 FF 60302 151800  780 285 1835     -602910     +7         533    -60    7  27  169  +41  161  +10  161   10   6  0  0 L3P F1
G04 FF 60302 153400  780 205  688    -2479881    -72         395    +28    9 205  229   -8  177  -16  177  -16   9  0  0 L3P 4B
G06 FF 60302 153400  780 686 3313    -4678001   +126         703     +5    4  19   87   -1  123   -5  123   -5   3  0  0 L3P E0
G09 FF 60302 153400  780 264 1083     -367918    -59         461    +59    6  15  182  -28  151  -33  151  -33   5  0  0 L3P 2F
G11 FF 60302 153400  780 450 2784    +5135561   +173         610    +25    3 122  114  -11  142   -6  142   -6   3  0  0 L3P 11
G12 FF 60302 153400  780 305 3048    +4608354   +114         542    +75    9  89  159  -18  140  -29  140  -29   6  0  0 L3P 4E
G17 FF 60302 153400  780 450 1190    -7213352    -25         588    -32    4  21  114  +13  146   +2  146    2   3  0  0 L3P E8
G19 FF 60302 153400  780 704 1014    -4168630    -70         789    -17    4  79   86   +3   85   +5   85    5   3  0  0 L3P D0
G20 FF 60302 153400  780 303 2198    -3949613    +75         628    +56    7  15  160  -34  115   -7  115   -7   6  0  0 L3P 16
G22 FF 60302 153400  780 213 1823     -602884    +18         495    -50    8  27  221  +72  157   -2  157   -2   6  0  0 L3P FA
G06 FF 60302 155000  780 690 3522    -4677887   +109         700    -13    5  19   87   +0  124   +9  124    9   4  0  0 L3P F9
G09 FF 60302 155000  780 302 1010     -367996    -96         496    +23    9  15  160  -17  141   +0  141    0   9  0  0 L3P E6
G11 FF 60302 155000  780 501 2866    +5135727   +157         633    +10    5 122  105   -8  138  +10  138   10   4  0  0 L3P 1C
G12 FF 60302 155000  780 336 2974    +4608414    +85         563    +46    7  89  146  -10  144  -16  144  -16   6  0  0 L3P 3E
G17 FF 60302 155000  780 387 1251    -7213381    -27         552    -34    6  21  129  +18  146  -12  146  -12   6  0  0 L3P 2B
G19 FF 60302 155000  780 640 1154    -4168697    -63         773    -11    3  79   90   +5   91   +3   91    3   3  0  0 L3P C6
G20 FF 60302 155000  780 371 2237    -3949545    +54         677    +34    7  15  134  -22  105   +1  105    1   7  0  0 L3P F6
G22 FF 60302 155000  780 143 1809     -602872    +14         442    -53   14  27  322 +149  160  +15  160   15  11  0  0 L3P 2F
G04 FF 60302 160600  780 196  544    -2480073    -86         392    +14   14 206  239  +19  174  -29  174  -29  13  0  0 L3P 64
G06 FF 60302 160600  780 678  123    -4677784   +114         687     -7    4  21   87   +1  126   -9  126   -9   3  0  0 L3P EF
G09 FF 60302 160600  780 331  929     -368090   -161         517    -43    9  21  148  -10  138  +54  138   54   8  0  0 L3P 1E
G11 FF 60302 160600  780 550 2958    +5135886   +169         649    +22    4 123   99   -6  135  -12  135  -12   3  0  0 L3P 3D
G12 FF 60302 160600  780 353 2888    +4608461    +58         574    +18   10  90  140   -4  151   +0  151    0   8  0  0 L3P F6
G17 FF 60302 160600  780 323 1302    -7213413    -52         511    -59    5  23  151  +28  147  +13  147   13   5  0  0 L3P 0D
G19 FF 60302 160600  780 571 1249    -4168777    -96         745    -44    4  38   96   +8   95  +11   95   11   4  0  0 L3P 06
G20 FF 60302 160600  780 440 2285    -3949487    +53         716    +33    5  16  117  -15  104  +10  104   10   4  0  0 L3P 12
G25 FF 60302 160600  780 131 3182    -4826824    +38         424    +53   17  22  351  -98  129   -8  129   -8  13  0  0 L3P 3E
G04 FF 60302 162200  780 175  479    -2480167   -115         394    -15   14 206  266  +39  159   -2  159   -2  11  0  0 L3P 4C
G05 FF 60302 162200  780 132 2257    +1553876    +22         395     +7   12  27  353 -166  189  +35  189   35   8  0  0 L3P 4A
G06 FF 60302 162200  780 653  301    -4677684   +106         670    -16    2  21   89   +2  129   +1  129    1   2  0  0 L3P D3
G09 FF 60302 162200  780 349  842     -368190    -90         530    +28    9  21  141   -4  136  -13  136  -13   8  0  0 L3P FA
G11 FF 60302 162200  780 596 3065    +5136040   +170         660    +22    3 123   94   -5  134   -6  134   -6   3  0  0 L3P F8
G12 FF 60302 162200  780 356 2797    +4608500    +39         576     +0    8  90  139   +2  160  +10  160   10   7  0  0 L3P F4
G17 FF 60302 162200  780 258 1346    -7213456    -42         462    -49    9  23  185  +45  158  +21  158   21   9  0  0 L3P 34
G19 FF 60302 162200  780 500 1318    -4168869   -116         703    -64    7  38  105  +12  101  +26  101   26   6  0  0 L3P 2B
G20 FF 60302 162200  780 508 2343    -3949426    +45         758    +26    3  16  104  -10   94   -2   94   -2   3  0  0 L3P E7
G25 FF 60302 162200  780 164 3124    -4826783    +45         479    +60    9  22  284  -48  114  -23  114  -23   9  0  0 L3P 3C
G04 FF 60302 163800  780 144  421    -2480302   -204         355   -104   29 206  319  +76  176  +60  176   60  26  0  0 L3P 67
G05 FF 60302 163800  780 194 2294    +1553940    +96         444    +81   10  27  244  -78  181  -28  181  -28   9  0  0 L3P 5D
G06 FF 60302 163800  780 619  451    -4677578   +124         660     +2    3  21   92   +3  130   -8  130   -8   2  0  0 L3P D5
G09 FF 60302 163800  780 353  752     -368299   -132         535    -13   11  21  140   +1  135   +7  135    7   9  0  0 L3P ED
G11 FF 60302 163800  780 639 3192    +5136198   +166         677    +18    3 123   90   -3  130  -10  130  -10   2  0  0 L3P 25
G12 FF 60302 163800  780 344 2706    +4608544    +11         581    -29    7  90  143   +7  153  +17  153   17   7  0  0 L3P 16
G17 FF 60302 163800  780 193 1383    -7213492    -38         419    -45    6  23  243  +80  155  -19  155  -19   5  0  0 L3P 47
G19 FF 60302 163800  780 427 1372    -4168955    -85         667    -32    4  38  119  +17  100   -6  100   -6   3  0  0 L3P 1C
G20 FF 60302 163800  780 574 2416    -3949389    +54         777    +35    4  16   96   -7   94   -9   94   -9   3  0  0 L3P FA
G25 FF 60302 163800  780 187 3059    -4826776    +78         500    +93   14  22  250  -24  119  -60  119  -60  11  0  0 L3P 62
G05 FF 60302 165400  780 256 2337    +1554011    +30         501    +15   14  27  187  -44  162  +21  162   21  11  0  0 L3P 26
G06 FF 60302 165400  780 579  578    -4677474    +91         647    -30    4  21   95   +5  129  +17  129   17   4  0  0 L3P 11
G09 FF 60302 165400  780 342  665     -368429   -129         518    -10    7  21  143   +7  141   -3  141   -3   7  0  0 L3P E8
G11 FF 60302 165400  780 676 3349    +5136349   +161         686    +13    4 123   87   -2  128   -2  128   -2   3  0  0 L3P 13
G12 FF 60302 165400  780 319 2621    +4608561     +2         560    -38    7  90  153  +14  159  +13  159   13   6  0  0 L3P 10
G19 FF 60302 165400  780 354 1415    -4169047   -120         625    -68   10  38  139  +25  103  +19  103   19   8  0  0 L3P 4B
G20 FF 60302 165400  780 637 2513    -3949344    +32         803    +13    4  16   90   -5   86   -7   86   -7   3  0  0 L3P D1
G25 FF 60302 165400  780 199 2989    -4826768     -8         523     +7   10  22  236   -8  120   +3  120    3   8  0  0 L3P ED
G05 FF 60302 171000  780 318 2387    +1554061    +58         537    +43    6  27  153  -28  159  -10  159  -10   4  0  0 L3P 31
G06 FF 60302 171000  780 535  687    -4677391    +70         613    -51    9  21  100   +6  145  +28  145   28   7  0  0 L3P 06
G09 FF 60302 171000  780 318  587     -368557   -130         504    -11   12  21  153  +14  137  -15  137  -15  11  0  0 L3P 33
G11 FF 60302 171000  780 703 3543    +5136495   +153         690     +5    3 123   86   -1  131   +0  131    0   3  0  0 L3P CC
G12 FF 60302 171000  780 283 2544    +4608572    +29         533    -11    8  90  170  +22  163  -12  163  -12   6  0  0 L3P 21
G19 FF 60302 171000  780 283 1450    -4169137   -100         586    -47    8  38  170  +40  102   +1  102    1   7  0  0 L3P FF
G20 FF 60302 171000  780 695 2648    -3949309    +48         819    +29    3  16   86   -3   79  -19   79  -19   2  0  0 L3P 18
G25 FF 60302 171000  780 200 2916    -4826778     +8         527    +23    9  22  235   +5  123  -15  123  -15   8  0  0 L3P 09
G05 FF 60302 172600  780 380 2445    +1554119    +29         581    +14    7  27  131  -19  149  +16  149   16   6  0  0 L3P 2B
G06 FF 60302 172600  780 488  782    -4677297    +96         590    -26    7  21  107   +8  145   +2  145    2   7  0  0 L3P FA
G09 FF 60302 172600  780 282  520     -368689   -159         485    -41    8  21  171  +23  133   +5  133    5   7  0  0 L3P FA
G11 FF 60302 172600  780 715  169    +5136640   +139         693     -9    4 123   85   +0  130   +4  130    4   3  0  0 L3P CF
G12 FF 60302 172600  780 240 2476    +4608576    +12         499    -28   10  90  197  +36  170   +3  170    3   7  0  0 L3P 19
G19 FF 60302 172600  780 212 1479    -4169240    -98         533    -46   14  38  222  +71  110   +2  110    2  11  0  0 L3P 15
G20 FF 60302 172600  780 741 2850    -3949276    +17         835     -3    5  16   84   -2   71   +3   71    3   4  0  0 L3P AD
G25 FF 60302 172600  780 190 2843    -4826796    -12         522     +3   12  22  246  +19  127  -13  127  -13  11  0  0 L3P 3C
G29 FF 60302 172600  780 120 3183    +6095192    -35         383    -32   29  70  386 -197  160  +77  160   77  20  0  0 L3P 71
G05 FF 60302 174200  780 440 2511    +1554168    +55         616    +40    5  27  116  -13  148   -7  148   -7   4  0  0 L3P 07
G06 FF 60302 174200  780 439  866    -4677216    +82         554    -40    4  21  116  +11  154   +7  154    7   5  0  0 L3P F4
G09 FF 60302 174200  780 237  467     -368849   -120         439     -1   10  21  200  +40  146  -34  146  -34  10  0  0 L3P 25
G11 FF 60302 174200  780 707  402    +5136778   +149         689     +1    3 123   86   +1  131   -5  131   -5   2  0  0 L3P DF
G12 FF 60302 174200  780 193 2415    +4608583     +6         468    -34    6  90  242  +60  172   -7  172   -7   5  0  0 L3P 03
G20 FF 60302 174200  780 765 3140    -3949258    +18         834     -2    2  16   83   +0   71   +6   71    6   2  0  0 L3P A5
G25 FF 60302 174200  780 170 2772    -4826833     -4         500    +11   14  22  274  +38  137  -18  137  -18  12  0  0 L3P 3E
G29 FF 60302 174200  780 182 3177    +6095259    +26         453    +29   19  70  258  -87  139  +23  139   23  16  0  0 L3P 68
G05 FF 60302 175800  780 499 2590    +1554216    +53         649    +38    5  27  106   -9  143   -9  143   -9   4  0  0 L3P 16
G06 FF 60302 175800  780 387  942    -4677139    +81         515    -41    4  21  129  +15  161   -2  161   -2   4  0  0 L3P 01
G09 FF 60302 175800  780 185  426     -369008   -188         393    -70   13  21  252  +72  156  +29  156   29  12  0  0 L3P 4C
G11 FF 60302 175800  780 681  607    +5136908   +133         677    -15    4 123   87   +2  133   +0  133    0   4  0  0 L3P E6
G12 FF 60302 175800  780 143 2361    +4608574     +1         420    -39    9  90  321 +109  180   +5  180    5   6  0  0 L3P FA
G13 FF 60302 175800  780 213 1769    -6089279    +14         459    +53    8  13  222  -73  144   +4  144    4   7  0  0 L3P 12
G20 FF 60302 175800  780 758 3459    -3949239    +15         834     -4    3  16   83   +1   69   -1   69   -1   2  0  0 L3P CE
G25 FF 60302 175800  780 142 2706    -4826878    -37         469    -22   20  22  324  +70  145   +2  145    2  15  0  0 L3P 2B
G29 FF 60302 175800  780 244 3160    +6095304    +10         501    +13   12  70  196  -48  136  +31  136   31  11  0  0 L3P 33
G05 FF 60302 181400  780 555 2683    +1554250    +29         668    +15    3  28   98   -7  138   +0  138    0   2  0  0 L3P E4
G06 FF 60302 181400  780 335 1010    -4677050   +105         488    -16    8  23  146  +21  164  -20  164  -20   7  0  0 L3P 31
G09 FF 60302 181400  780 130  397     -369150   -211         370    -93   26  22  354 +152  152  +47  152   47  22  0  0 L3P 43
G11 FF 60302 181400  780 641  771    +5137033   +121         663    -27    3 124   90   +4  140  +13  140   13   3  0  0 L3P ED
G13 FF 60302 181400  780 286 1755    -6089266    +14         511    +53    7  50  169  -42  147   -6  147   -6   5  0  0 L3P 1E
G20 FF 60302 181400  780 726  107    -3949249     +1         806    -19    4  17   85   +2   73   +2   73    2   3  0  0 L3P 95
G25 FF 60302 181400  780 108 2643    -4826904    -63         454    -49   16  23  419 +135  139  +12  139   12  12  0  0 L3P 60
G29 FF 60302 181400  780 304 3130    +6095339    +35         538    +38    6  72  160  -29  144   +3  144    3   5  0  0 L3P 00
G05 FF 60302 183000  780 606 2797    +1554280    +39         684    +24    3  28   93   -5  135   -8  135   -8   2  0  0 L3P F9
G06 FF 60302 183000  780 281 1072    -4676968    +52         453    -69   10  23  171  +31  160  +29  160   29   8  0  0 L3P 3D
G07 FF 60302 183000  780 114  722     +201657   +138         372    +43   14  77  401  -69  160   -4  160   -4  14  0  0 L3P 0E
G11 FF 60302 183000  780 592  900    +5137153   +126         641    -22    2 124   94   +5  149   +8  149    8   2  0  0 L3P E6
G13 FF 60302 183000  780 362 1740    -6089247    +26         567    +65    5  50  137  -26  138  -16  138  -16   4  0  0 L3P 3D
G15 FF 60302 183000  780 130 2070    -1101902   +119         400   +157   18  32  358 -181  181  -59  181  -59  13  0  0 L3P 7B
G20 FF 60302 183000  780 680  278    -3949242     +9         794    -10    4  17   87   +3   74   +0   74    0   2  0  0 L3P 99
G29 FF 60302 183000  780 360 3085    +6095380    +54         583    +57    7  72  138  -18  139  -14  139  -14   6  0  0 L3P 47
G05 FF 60302 184600  780 651 2939    +1554315    +32         705    +17    4  28   89   -3  129   +0  129    0   3  0  0 L3P DE
G06 FF 60302 184600  780 226 1129    -4676901   +122         403     +0    8  23  209  +50  167  -40  167  -40   7  0  0 L3P 29
G07 FF 60302 184600  780 130  658     +201799   +110         422    +15   18  77  354  -32  130   -8  130   -8  16  0  0 L3P 18
G11 FF 60302 184600  780 538 1003    +5137271   +115         617    -33    6 124  100   +8  151   +8  151    8   4  0  0 L3P FB
G13 FF 60302 184600  780 440 1722    -6089241     -2         610    +37    7  50  116  -17  136   +8  136    8   6  0  0 L3P EB
G15 FF 60302 184600  780 197 2086    -1101853    +29         486    +67   10  32  240  -82  156  -11  156  -11   9  0  0 L3P 48
G20 FF 60302 184600  780 628  403    -3949243     -3         774    -22    2  17   91   +4   78   +7   78    7   2  0  0 L3P A6
G29 FF 60302 184600  780 409 3021    +6095418    +16         625    +19    5  72  124  -12  132   +6  132    6   4  0  0 L3P F9
G05 FF 60302 190200  780 685 3118    +1554339    +32         715    +17    3  28   87   -2  129  -10  129  -10   3  0  0 L3P 08
G11 FF 60302 190200  780 479 1087    +5137391   +100         595    -48    5 124  109  +11  148  +15  148   15   4  0  0 L3P 46
G13 FF 60302 190200  780 520 1695    -6089237     -4         651    +34    3  50  103  -12  134   +3  134    3   2  0  0 L3P D6
G15 FF 60302 190200  780 266 2106    -1101841    +32         535    +70    6  32  181  -46  162  -13  162  -13   5  0  0 L3P 16
G20 FF 60302 190200  780 575  502    -3949250    -21         749    -40    3  17   96   +6   80  +16   80   16   2  0  0 L3P CA
G29 FF 60302 190200  780 447 2936    +6095445    +16         655    +19    3  72  115   -7  126   +1  126    1   3  0  0 L3P F2
G30 FF 60302 190200  780 183  907    +4537042    -55         434    -11   12  35  255  -40  131  +33  131   33  10  0  0 L3P 16
G05 FF 60302 191800  780 704 3331    +1554357    +27         719    +12    4  28   86   -1  128   -8  128   -8   3  0  0 L3P F2
G07 FF 60302 191800  780 135  529     +201968   +180         408    +85   21  77  340  +16  150  -81  150  -81  15  0  0 L3P 44
G11 FF 60302 191800  780 418 1158    +5137504   +107         566    -41    6 124  121  +15  146   +6  146    6   6  0  0 L3P 1C
G13 FF 60302 191800  780 600 1649    -6089234     -5         691    +34    3  50   94   -8  126   -2  126   -2   2  0  0 L3P DA
G15 FF 60302 191800  780 338 2131    -1101833    +23         580    +61    6  32  146  -29  164  -14  164  -14   5  0  0 L3P 24
G20 FF 60302 191800  780 522  587    -3949260     -9         720    -29    4  17  102   +8   86   -5   86   -5   3  0  0 L3P C8
G29 FF 60302 191800  780 470 2833    +6095454     +2         667     +6    6  72  111   -3  131  +10  131   10   6  0  0 L3P E1
G30 FF 60302 191800  780 208  838    +4537028    -80         462    -36   16  35  226  -23  123  +48  123   48  15  0  0 L3P 3E
G05 FF 60302 193400  780 704 3560    +1554365    +11         712     -4    2  28   86   +0  130   -4  130   -4   2  0  0 L3P BC
G07 FF 60302 193400  780 123  468     +202067   +158         416    +62   25  77  369  +47  138  -59  138  -59  23  0  0 L3P 5F
G11 FF 60302 193400  780 356 1218    +5137601    +84         522    -64    6 124  138  +22  154  +23  154   23   6  0  0 L3P 29
G13 FF 60302 193400  780 675 1565    -6089238    -10         725    +29    2  50   88   -5  121   -4  121   -4   2  0  0 L3P EC
G15 FF 60302 193400  780 411 2162    -1101820     -5         630    +33    4  32  123  -19  155   +4  155    4   3  0  0 L3P CC
G18 FF 60302 193400  780 154 3097    +5148619   +114         427    +17   10  92  303 -117  127  +37  127   37   7  0  0 L3P 63
G20 FF 60302 193400  780 468  662    -3949283    -25         679    -45    4  17  111  +10   93   +1   93    1   3  0  0 L3P D5
G29 FF 60302 193400  780 474 2720    +6095450     -8         667     -5    4  72  110   +1  140   +8  140    8   3  0  0 L3P C7
G30 FF 60302 193400  780 225  766    +4537004     +1         480    +46   11  35  210  -11  118  -43  118  -43  12  0  0 L3P 16
G05 FF 60302 195000  780 687  173    +1554365     +7         698     -8    4  28   87   +2  131   -3  131   -3   4  0  0 L3P BE
G07 FF 60302 195000  780 103  411     +202150    +95         406     -1   18  77  439 +103  136  -24  136  -24  15  0  0 L3P 18
G11 FF 60302 195000  780 293 1269    +5137706    +90         484    -58   12 124  165  +33  154  +21  154   21  10  0  0 L3P 50
G13 FF 60302 195000  780 739 1394    -6089258    -33         741     +6    2  50   84   -2  118   +0  118    0   1  0  0 L3P C8
G15 FF 60302 195000  780 485 2201    -1101814    -11         673    +27    4  32  108  -13  148  +12  148   12   4  0  0 L3P 09
G18 FF 60302 195000  780 215 3116    +5148742    +85         456    -12   10  92  220  -63  143  +52  143   52   8  0  0 L3P 2F
G20 FF 60302 195000  780 415  731    -3949297    +21         646     +2    6  17  122  +13   87  -33   87  -33   5  0  0 L3P F0
G29 FF 60302 195000  780 460 2608    +6095447     +3         667     +6    4  72  112   +5  142   -8  142   -8   3  0  0 L3P DC
G30 FF 60302 195000  780 231  693    +4536967    -43         486     +1   22  35  205   -1  117   +0  117    0  20  0  0 L3P DB
G05 FF 60302 200600  780 656  351    +1554362     -2         685    -17    3  29   89   +3  136   +3  136    3   1  0  0 L3P B2
G11 FF 60302 200600  780 229 1313    +5137803    +72         437    -76   11 125  206  +55  164  +31  164   31   9  0  0 L3P 36
G13 FF 60302 200600  780 768 1081    -6089285    -27         747    +12    3  51   83   +0  112  -10  112  -10   3  0  0 L3P F6
G15 FF 60302 200600  780 560 2251    -1101819     -4         702    +34    4  34   98   -9  146   -4  146   -4   4  0  0 L3P CB
G18 FF 60302 200600  780 279 3128    +5148887   +160         504    +62   15  93  173  -38  132  -22  132  -22  14  0  0 L3P 67
G20 FF 60302 200600  780 362  795    -3949318     -6         610    -26    5  18  136  +18   95   -4   95   -4   4  0  0 L3P D5
G29 FF 60302 200600  780 428 2506    +6095423    -25         645    -21    6  73  119   +9  150   +2  150    2   5  0  0 L3P E4
G30 FF 60302 200600  780 227  621    +4536907    +16         471    +60   14  36  208   +9  130  -61  130  -61  14  0  0 L3P 18
G05 FF 60302 202200  780 616  496    +1554368    +12         676     -3    4  29   92   +4  132  -12  132  -12   3  0  0 L3P DB
G13 FF 60302 202200  780 744  761    -6089333    -59         737    -21    2  51   84   +2  112   +4  112    4   2  0  0 L3P BA
G15 FF 60302 202200  780 635 2318    -1101829    -21         730    +18    2  34   90   -6  142   +2  142    2   1  0  0 L3P B8
G18 FF 60302 202200  780 345 3130    +5149025   +133         548    +36    6  93  143  -25  126   +5  126    5   6  0  0 L3P 05
G20 FF 60302 202200  780 310  856    -3949332    -15         578    -34   10  18  156  +25   88  -11   88  -11   8  0  0 L3P 12
G23 FF 60302 202200  780 128 2799    -1221377    -31         412    +39   16 139  362 -136  169  -12  169  -12  11  0  0 L3P 78
G29 FF 60302 202200  780 384 2419    +6095393    -45         618    -42    4  73  130  +14  156  +17  156   17   3  0  0 L3P 2A
G30 FF 60302 202200  780 211  553    +4536865   -132         472    -87   13  36  223  +22  121  +69  121   69  13  0  0 L3P 3A
G05 FF 60302 203800  780 571  616    +1554354    -13         649    -28    4  29   96   +5  135   +1  135    1   4  0  0 L3P CA
G13 FF 60302 203800  780 686  587    -6089387    -64         720    -26    5  51   87   +4  110   -1  110   -1   4  0  0 L3P DD
G15 FF 60302 203800  780 708 2417    -1101844    -23         752    +16    3  34   86   -4  134   -6  134   -6   2  0  0 L3P DF
G18 FF 60302 203800  780 412 3121    +5149163   +139         592    +41    5  93  123  -17  126   +4  126    4   4  0  0 L3P 05
G20 FF 60302 203800  780 257  914    -3949344    +19         547     +0   11  18  185  +36   80  -44   80  -44  10  0  0 L3P 10
G23 FF 60302 203800  780 177 2849    -1221414    -42         443    +29   11 139  265  -74  167   +0  167    0   9  0  0 L3P 28
G24 FF 60302 203800  780 180 1734    +4002762   +159         431    +80    8  17  262  -96  178  -29  178  -29   6  0  0 L3P 58
G29 FF 60302 203800  780 332 2347    +6095363    -44         591    -41    9  73  147  +22  159  +14  159   14   7  0  0 L3P 35
G30 FF 60302 203800  780 185  491    +4536806    +22         455    +66   15  36  252  +41  121  -86  121  -86  14  0  0 L3P 42
G05 FF 60302 205400  780 523  718    +1554345    +13         625     -2    5  29  102   +7  133  -29  133  -29   4  0  0 L3P EE
G13 FF 60302 205400  780 616  510    -6089460    -67         684    -29    6  51   92   +6  112  -10  112  -10   5  0  0 L3P F1
G15 FF 60302 205400  780 774 2597    -1101870    -30         763     +8    2  34   83   -2  130   -6  130   -6   2  0  0 L3P CB
G18 FF 60302 205400  780 479 3095    +5149295   +148         630    +50    6  93  109  -12  130   -4  130   -4   4  0  0 L3P 1E
G20 FF 60302 205400  780 205  969    -3949390    -44         483    -63   16  18  228  +57  107  +32  107   32  16  0  0 L3P 43
G23 FF 60302 205400  780 227 2899    -1221436    -31         489    +40    8 139  209  -46  150   -6  150   -6   8  0  0 L3P 29
G24 FF 60302 205400  780 248 1712    +4002886   +128         479    +50   16  17  193  -53  177   -6  177   -6  14  0  0 L3P 51
G29 FF 60302 205400  780 275 2287    +6095315    -26         546    -22    9  73  174  +35  171   -9  171   -9   8  0  0 L3P 28
G30 FF 60302 205400  780 150  438    +4536735   -103         427    -58   17  36  307  +78  129  +40  129   40  16  0  0 L3P 4A
G05 FF 60302 211000  780 473  806    +1554330    -15         596    -29    6  29  110   +9  133   +1  133    1   6  0  0 L3P C8
G13 FF 60302 211000  780 543  479    -6089538    -60         643    -22    3  51   99   +9  117  -10  117  -10   3  0  0 L3P F9
G15 FF 60302 211000  780 818 2993    -1101903    -42         766     -3    4  34   82   +0  123   -2  123   -2   2  0  0 L3P BC
G18 FF 60302 211000  780 544 3043    +5149436   +129         677    +31    4  93  100   -8  122   +2  122    2   4  0  0 L3P E8
G23 FF 60302 211000  780 280 2949    -1221468    -28         524    +42   10 139  172  -31  143   -2  143   -2   9  0  0 L3P 1F
G24 FF 60302 211000  780 319 1689    +4003017   +143         536    +65    6  17  153  -32  165  -13  165  -13   5  0  0 L3P 34
G29 FF 60302 211000  780 216 2235    +6095267    -18         501    -15    8  73  218  +58  179  -19  179  -19   6  0  0 L3P 48
G30 FF 60302 211000  780 108  394    +4536657    -69         391    -25   25  36  419 +168  132  -21  132  -21  22  0  0 L3P 50
G05 FF 60302 212600  780 421  884    +1554310     -5         562    -20    6  29  120  +13  138   -6  138   -6   5  0  0 L3P D9
G13 FF 60302 212600  780 470  473    -6089617    -92         602    -53    6  51  110  +13  120  +10  120   10   5  0  0 L3P F0
G15 FF 60302 212600  780 804 3521    -1101954    -54         752    -15    3  34   82   +1  129   -1  129   -1   2  0  0 L3P D3
G18 FF 60302 212600  780 602 2954    +5149560   +130         707    +32    2  93   93   -5  120   -8  120   -8   2  0  0 L3P F0
G23 FF 60302 212600  780 335 2998    -1221505    -35         555    +35    5 139  147  -22  142   -7  142   -7   4  0  0 L3P 20
G24 FF 60302 212600  780 393 1661    +4003143   +139         586    +60    5  17  128  -21  161  -15  161  -15   5  0  0 L3P 33
G29 FF 60302 212600  780 158 2190    +6095222    -91         460    -88   14  73  293 +106  175  +25  175   25  12  0  0 L3P 64
G05 FF 60302 214200  780 368  955    +1554291    +11         529     -4    8  29  135  +17  142  -32  142  -32   8  0  0 L3P 0B
G13 FF 60302 214200  780 400  481    -6089695    -89         561    -50    5  51  125  +18  123   +6  123    6   3  0  0 L3P EB
G15 FF 60302 214200  780 749  196    -1102006    -67         737    -29    3  34   84   +2  128   +9  128    9   3  0  0 L3P D2
G18 FF 60302 214200  780 644 2813    +5149669   +105         722     +7    3  93   90   -2  120   +2  120    2   3  0  0 L3P CA
G23 FF 60302 214200  780 392 3047    -1221536    -20         591    +50    5 139  128  -17  135  -16  135  -16   5  0  0 L3P 36
G24 FF 60302 214200  780 467 1623    +4003265   +124         633    +46    6  17  111  -14  151   -8  151   -8   6  0  0 L3P 0B
G29 FF 60302 214200  780 101 2147    +6095150    -28         391    -25   15  73  449 +239  184  -33  184  -33  12  0  0 L3P 6A
G05 FF 60302 215800  780 314 1019    +1554267    -26         491    -41   13  29  155  +25  151   +8  151    8  12  0  0 L3P 1A
G10 FF 60302 215800  780 116 2968     +666655    +99         392    +84   14  18  397 -175  159  -45  159  -45  11  0  0 L3P 84
G13 FF 60302 215800  780 333  499    -6089773    -68         520    -29    7  51  147  +26  118  -16  118  -16   7  0  0 L3P 3D
G15 FF 60302 215800  780 686  338    -1102066    -71         714    -32    3  34   87   +4  130   +9  130    9   3  0  0 L3P C4
G18 FF 60302 215800  780 660 2626    +5149761    +92         720     -6    3  93   89   +0  127   +6  127    6   2  0  0 L3P D7
G23 FF 60302 215800  780 452 3095    -1221571    -35         624    +36    5 139  114  -13  130   -6  130   -6   4  0  0 L3P 0D
G24 FF 60302 215800  780 541 1569    +4003374   +122         667    +43    4  17  100  -10  149  -13  149  -13   3  0  0 L3P 32
G05 FF 60302 221400  780 259 1078    +1554231    -38         440    -53    8  30  184  +37  161  +14  161   14   6  0  0 L3P 17
G10 FF 60302 221400  780 169 3008     +666701    +64         423    +49   11  19  277  -88  154  -26  154  -26   8  0  0 L3P 3B
G13 FF 60302 221400  780 269  523    -6089894   -165         437   -126   14  52  178  +39  148  +68  148   68  15  0  0 L3P 84
G15 FF 60302 221400  780 621  432    -1102133    -61         681    -22    2  36   91   +6  134  -13  134  -13   2  0  0 L3P D3
G18 FF 60302 221400  780 644 2435    +5149855    +89         721     -9    2  94   90   +2  131   +4  131    4   2  0  0 L3P CA
G23 FF 60302 221400  780 515 3144    -1221607    -51         660    +20    5 140  103  -10  123  +11  123   11   4  0  0 L3P F8
G24 FF 60302 221400  780 611 1484    +4003483    +99         707    +20    2  18   92   -6  140   -1  140   -1   2  0  0 L3P CE
G05 FF 60302 223000  780 204 1131    +1554205    +10         400     -5   15  30  230  +61  186   -3  186   -3  11  0  0 L3P E7
G10 FF 60302 223000  780 224 3044     +666770    +65         478    +50   21  19  212  -53  126   -6  126   -6  16  0  0 L3P 11
G13 FF 60302 223000  780 208  553    -6089968    -84         400    -46   10  52  226  +63  154  +15  154   15  10  0  0 L3P 2F
G15 FF 60302 223000  780 557  507    -1102196    -68         656    -29    6  36   98   +8  130   -2  130   -2   5  0  0 L3P D9
G18 FF 60302 223000  780 601 2283    +5149935    +62         707    -35    4  94   93   +5  136  +14  136   14   3  0  0 L3P 00
G23 FF 60302 223000  780 581 3193    -1221647    -51         688    +20    2 140   95   -7  124   +5  124    5   2  0  0 L3P DE
G24 FF 60302 223000  780 668 1345    +4003579   +103         727    +24    3  18   88   -3  136  -15  136  -15   2  0  0 L3P 19
G10 FF 60302 224600  780 283 3076     +666815    +73         509    +58   12  19  171  -34  129  -20  129  -20   9  0  0 L3P 37
G13 FF 60302 224600  780 150  586    -6090049    -83         356    -44   11  52  307 +113  180  +33  180   33  12  0  0 L3P 3A
G15 FF 60302 224600  780 495  572    -1102262    -65         627    -27    5  36  106  +10  129   -2  129   -2   5  0  0 L3P F4
G18 FF 60302 224600  780 540 2179    +5150001    +70         680    -28    5  94  100   +9  142   +4  142    4   4  0  0 L3P D9
G23 FF 60302 224600  780 650 3245    -1221689    -52         714    +19    3 140   89   -5  122   +4  122    4   2  0  0 L3P E1
G24 FF 60302 224600  780 700 1136    +4003661    +82         733     +4    2  18   86   -1  136   -3  136   -3   2  0  0 L3P BF
G32 FF 60302 224600  780 115 2568    +5994340    +63         411    +29   10  25  400 -172  184  +13  184   13   7  0  0 L3P 3F
G10 FF 60302 230200  780 344 3104     +666875    +63         555    +48    7  19  143  -24  124   -6  124   -6   8  0  0 L3P FA
G15 FF 60302 230200  780 435  632    -1102340    -64         586    -25    3  36  117  +13  142   +6  142    6   2  0  0 L3P D1
G18 FF 60302 230200  780 472 2108    +5150055    +37         640    -61    2  94  110  +13  156  +32  156   32   1  0  0 L3P 05
G23 FF 60302 230200  780 722 3307    -1221741    -47         730    +23    2 140   85   -4  130   +4  130    4   1  0  0 L3P C2
G24 FF 60302 230200  780 695  898    +4003734    +69         732     -9    4  18   86   +1  135   +3  135    3   4  0  0 L3P C0
G32 FF 60302 230200  780 165 2618    +5994415    +59         453    +25   13  25  283  -85  176   +1  176    1  12  0  0 L3P 2A
G10 FF 60302 231800  780 409 3127     +666942    +63         607    +48    6  19  124  -17  124  +10  124   10   4  0  0 L3P 04
G15 FF 60302 231800  780 378  689    -1102406    -81         557    -42    5  36  132  +17  159  +33  159   33   4  0  0 L3P 1E
G18 FF 60302 231800  780 399 2057    +5150111    +56         602    -42    5  94  126  +20  172  +22  172   22   5  0  0 L3P 14
G23 FF 60302 231800  780 796 3405    -1221794    -70         744     +0    3 140   82   -2  138  +21  138   21   3  0  0 L3P F3
G24 FF 60302 231800  780 656  715    +4003796    +50         719    -28    5  18   89   +4  141  +16  141   16   5  0  0 L3P F6
G32 FF 60302 231800  780 215 2671    +5994498    +84         504    +50    8  25  220  -50  158  -13  158  -13   8  0  0 L3P 3D
G10 FF 60302 233400  780 476 3141     +666995    +19         646     +4    5  19  110  -13  130  +28  130   28   4  0  0 L3P F8
G15 FF 60302 233400  780 322  744    -1102490    -51         510    -13   11  36  151  +24  201  +12  201   12  11  0  0 L3P F8
G18 FF 60302 233400  780 327 2019    +5150146    +41         543    -57    6  94  149  +30  217  +53  217   53   4  0  0 L3P 21
G23 FF 60302 233400  780 865  190    -1221856    -66         750     +5    2 140   81   +0  151  +10  151   10   2  0  0 L3P CD
G24 FF 60302 233400  780 596  605    +4003838    +53         685    -25    4  18   94   +6  160   +7  160    7   4  0  0 L3P D2
G32 FF 60302 233400  780 265 2727    +5994564   +103         537    +69    6  25  181  -33  161  -19  161  -19   5  0  0 L3P 56
