CGGTTS     GENERIC DATA FORMAT VERSION = 2E
REV DATE = 2023-12-15                    
RCVR = TRIMBLE NETR9 5049K72188      R2CGGTTS v8.6    
CH = 12 
IMS = TRIMBLE NETR9 5049K72188      
LAB = CEPNT                         
X = -2154293.56 m 
Y = +4373452.74 m 
Z = +4098891.74 m 
FRAME = ITRF
COMMENTS = C1P1bias: NO                            
TOT DLY =    0.0 ns (GPS C1),    0.0 ns (GPS P2)     CAL_ID = Unknown             
REF = ITRF10                        
CKSUM = 4A

SAT CL  MJD  STTIME TRKL ELV AZTH   REFSV      SRSV     REFSYS    SRSYS  DSG IOE MDTR SMDT MDIO SMDI MSIO SMSI ISG FR HC FRC CK
             hhmmss  s  .1dg .1dg    .1ns     .1ps/s     .1ns    .1ps/s .1ns     .1ns.1ps/s.1ns.1ps/s.1ns.1ps/s.1ns
G10 FF 60303 000600  780 618 3127     +667080    +48         702    +33    3  20   92   -6  159  +17  159   17   2  0  0 L3P E5
G12 FF 60303 000600  780 274 1205    +4609509    +69         491    +29   10  15  176  -31  280  -18  280  -18   8  0  0 L3P 43
G15 FF 60303 000600  780 216  850    -1102645    -62         427    -23   16  33  218  +51  304  +49  304   49  14  0  0 L3P 24
G18 FF 60303 000600  780 187 1960    +5150231    +30         441    -68   10  95  250  +88  317  +70  317   70   7  0  0 L3P 31
G23 FF 60303 000600  780 759 1435    -1222017    -88         724    -17    4 141   83   +3  194  +18  194   18   3  0  0 L3P 14
G24 FF 60303 000600  780 459  519    +4003932    +28         630    -51    6  19  112  +14  190  +32  190   32   5  0  0 L3P FD
G25 FF 60303 000600  780 171 1572    -4827204    +12         458    +27   13  49  274  -99  322   -4  322   -4  12  0  0 L3P 2D
G32 FF 60303 000600  780 366 2845    +5994702    +62         608    +28   10  26  136  -17  177  +20  177   20   8  0  0 L3P 3C
G10 FF 60303 002200  780 690 3071     +667127    +61         734    +47    1  20   87   -4  169   -7  169   -7   1  0  0 L3P D6
G12 FF 60303 002200  780 322 1137    +4609584    +86         528    +46   15  15  152  -20  278  -21  278  -21  13  0  0 L3P 4C
G18 FF 60303 002200  780 121 1933    +5150297    +33         413    -65   11  95  378 +195  363  +87  363   87   8  0  0 L3P 5C
G21 FF 60303 002200  780 100 3211    -1404975    +61         425    +49   15  85  451 -125  173  +32  173   32  12  0  0 L3P 3C
G23 FF 60303 002200  780 678 1501    -1222106    -96         703    -26    4 141   87   +5  212  +17  212   17   4  0  0 L3P FA
G24 FF 60303 002200  780 389  510    +4003958     -1         580    -79    6  19  128  +20  226  +83  226   83   7  0  0 L3P 05
G25 FF 60303 002200  780 235 1536    -4827179    +20         497    +35   12  49  203  -55  294  -11  294  -11  11  0  0 L3P 52
G28 FF 60303 002200  780 142 2254     +791850   +169         463    +65   28 156  328 -143  306  -31  306  -31  18  0  0 L3P 7B
G32 FF 60303 002200  780 417 2909    +5994763    +65         637    +31    6  26  122  -13  188   +6  188    6   6  0  0 L3P 14
G10 FF 60303 003800  780 754 2926     +667153    +36         747    +22    2  20   84   -2  186   +8  186    8   2  0  0 L3P D2
G12 FF 60303 003800  780 364 1058    +4609644    +72         550    +32    9  15  136  -12  280  -13  280  -13   8  0  0 L3P 27
G23 FF 60303 003800  780 596 1542    -1222207   -106         669    -36    4 141   94   +8  235  +26  235   26   3  0  0 L3P 25
G24 FF 60303 003800  780 322  514    +4003979    +25         525    -53    7  19  151  +29  273  +74  273   74   5  0  0 L3P 19
G25 FF 60303 003800  780 300 1496    -4827126    +41         564    +56   10  49  162  -34  265  -22  265  -22   8  0  0 L3P 45
G28 FF 60303 003800  780 205 2290     +791985   +138         497    +33   11 156  231  -70  301  -12  301  -12   8  0  0 L3P 4C
G32 FF 60303 003800  780 469 2976    +5994827    +58         668    +24    4  26  111  -10  196  +13  196   13   4  0  0 L3P 40
G10 FF 60303 005400  780 791 2595     +667178     +6         757     -9    2  20   82   +0  197  +17  197   17   2  0  0 L3P DD
G12 FF 60303 005400  780 394  968    +4609703    +50         570    +10    4  15  127   -7  289   +9  289    9   7  0  0 L3P F2
G23 FF 60303 005400  780 515 1572    -1222313   -117         631    -46    3 141  103  +12  262  +34  262   34   3  0  0 L3P 22
G24 FF 60303 005400  780 256  527    +4003984     +8         456    -70   21  19  186  +44  346  +88  346   88  19  0  0 L3P 42
G25 FF 60303 005400  780 366 1448    -4827092    +33         612    +48    5  49  136  -22  262   +8  262    8   4  0  0 L3P 0B
G28 FF 60303 005400  780 267 2333     +792144   +138         557    +34    8 156  180  -40  279   -2  279   -2   6  0  0 L3P 30
G32 FF 60303 005400  780 522 3049    +5994886    +60         694    +26    6  26  102   -8  207   +5  207    5   5  0  0 L3P F9
G10 FF 60303 011000  780 768 2207     +667180     -4         745    -18    2  20   83   +2  213  +19  213   19   2  0  0 L3P C7
G12 FF 60303 011000  780 411  868    +4609751    +26         581    -14    7  15  123   -2  299  +34  299   34   6  0  0 L3P 05
G21 FF 60303 011000  780 145 3033    -1404847     -1         520    -13   12  85  318   -1  254  +42  254   42  11  0  0 L3P FD
G23 FF 60303 011000  780 435 1596    -1222420   -127         592    -57    6 141  117  +18  289  +43  289   43   5  0  0 L3P 4C
G24 FF 60303 011000  780 194  547    +4004023    +22         420    -56   11  19  241  +74  415  +83  415   83   8  0  0 L3P 0E
G25 FF 60303 011000  780 431 1388    -4827070    +18         649    +32    9  49  119  -14  266   -2  266   -2   9  0  0 L3P 18
G28 FF 60303 011000  780 329 2382     +792293   +123         605    +18   11 156  149  -26  274  +29  274   29  10  0  0 L3P 5E
G32 FF 60303 011000  780 575 3130    +5994940    +57         715    +23    3  26   96   -6  214   +6  214    6   3  0  0 L3P D8
G02 FF 60303 012600  780 110 3088    +5108287    -33         452    +22   14  43  413   -9  295   +9  295    9  11  0  0 L3P 0D
G10 FF 60303 012600  780 705 2009     +667181     +5         732    -10    3  20   86   +4  230  +16  230   16   2  0  0 L3P B7
G12 FF 60303 012600  780 411  767    +4609791    +63         583    +24    7  15  123   +2  303  -17  303  -17   7  0  0 L3P 04
G21 FF 60303 012600  780 141 2969    -1404850    -22         506    -33   15  85  327  +20  286  +38  286   38  11  0  0 L3P 4A
G23 FF 60303 012600  780 356 1615    -1222540   -111         540    -40    7 141  138  +27  343  +57  343   57   6  0  0 L3P 37
G24 FF 60303 012600  780 135  573    +4004041     -2         362    -81   16  19  341 +143  510 +110  510  110  16  0  0 L3P 2A
G25 FF 60303 012600  780 490 1309    -4827046    +26         687    +41    9  49  107   -9  264   -5  264   -5   8  0  0 L3P 13
G28 FF 60303 012600  780 391 2439     +792428   +169         640    +64    4 156  128  -18  275  -17  275  -17   3  0  0 L3P 5E
G31 FF 60303 012600  780 142 2372    +2268974    +39         413    +35   13  16  328 -136  412  +14  412   14  10  0  0 L3P 45
G32 FF 60303 012600  780 629 3224    +5994992    +72         734    +38    3  26   91   -5  219   -2  219   -2   2  0  0 L3P F8
G02 FF 60303 014200  780 107 3025    +5108233    -46         451     +9   15  43  422  +27  324  +27  324   27  12  0  0 L3P 19
G10 FF 60303 014200  780 628 1922     +667171    -20         708    -35    2  20   91   +7  255  +33  255   33   2  0  0 L3P DE
G12 FF 60303 014200  780 395  671    +4609814    +20         567    -20    7  15  127   +7  313  +17  313   17   6  0  0 L3P F7
G23 FF 60303 014200  780 280 1629    -1222657   -117         490    -46    8 141  171  +43  404  +61  404   61   7  0  0 L3P 3E
G25 FF 60303 014200  780 540 1205    -4827036     -9         711     +6    5  49  100   -6  258   +9  258    9   5  0  0 L3P CD
G28 FF 60303 014200  780 452 2506     +792567   +143         678    +38    7 156  114  -12  272   -8  272   -8   5  0  0 L3P 31
G31 FF 60303 014200  780 201 2416    +2269034    +44         469    +40    7  16  235  -68  411  +13  411   13   5  0  0 L3P 09
G32 FF 60303 014200  780 682 3344    +5995040    +48         750    +14    3  26   87   -3  228   +4  228    4   3  0  0 L3P DD
G10 FF 60303 015800  780 547 1879     +667151    -33         674    -48    4  20   99  +10  294  +47  294   47   3  0  0 L3P 1D
G12 FF 60303 015800  780 363  588    +4609825    -18         540    -58    9  15  136  +13  347  +55  347   55   7  0  0 L3P 2F
G21 FF 60303 015800  780 106 2843    -1404867    -41         468    -53   28  85  425  +95  357  +61  357   61  20  0  0 L3P 5E
G23 FF 60303 015800  780 206 1639    -1222776   -121         439    -51   11 141  228  +78  469  +71  469   71   9  0  0 L3P 6F
G25 FF 60303 015800  780 572 1072    -4827036    -13         726     +2    5  49   96   -2  261   +7  261    7   3  0  0 L3P D0
G28 FF 60303 015800  780 510 2583     +792696   +123         706    +18    5 156  104   -9  270  +11  270   11   5  0  0 L3P 23
G31 FF 60303 015800  780 260 2466    +2269067    +45         500    +42    5  16  184  -40  414  -16  414  -16   5  0  0 L3P 27
G32 FF 60303 015800  780 730 3511    +5995079    +40         756     +6    3  26   85   -2  244   +9  244    9   2  0  0 L3P D7
G10 FF 60303 021400  780 465 1855     +667120    -28         628    -42    6  26  111  +15  328  +27  328   27   6  0  0 L3P 11
G12 FF 60303 021400  780 320  521    +4609844     +4         528    -35   14  16  152  +21  366  +26  366   26  11  0  0 L3P 12
G25 FF 60303 021400  780 581  921    -4827036    -23         741     -8    4  24   95   +0  264  +11  264   11   4  0  0 L3P D1
G28 FF 60303 021400  780 566 2677     +792820   +125         733    +21    4 157   97   -6  265   -1  265   -1   3  0  0 L3P 07
G31 FF 60303 021400  780 319 2522    +2269119    +61         549    +58    7  28  153  -26  392  -27  392  -27   6  0  0 L3P 42
G32 FF 60303 021400  780 766  165    +5995125    +21         767    -14    2  27   83   -1  250  +30  250   30   2  0  0 L3P E0
G10 FF 60303 023000  780 384 1839     +667086    -54         579    -68    4  26  130  +23  362  +58  362   58   4  0  0 L3P 28
G12 FF 60303 023000  780 268  470    +4609830    -27         475    -67   12  16  178  +35  410  +89  410   89  12  0  0 L3P 40
G25 FF 60303 023000  780 565  777    -4827061    -48         730    -34    4  24   97   +3  269  +19  269   19   4  0  0 L3P 0B
G28 FF 60303 023000  780 617 2792     +792939   +123         752    +18    4 157   92   -4  266   -2  266   -2   3  0  0 L3P 0D
G31 FF 60303 023000  780 377 2584    +2269160    +23         587    +19    8  28  132  -18  375   +6  375    6  10  0  0 L3P 1C
G32 FF 60303 023000  780 774  507    +5995151    +35         761     +1    3  27   83   +0  263   +7  263    7   3  0  0 L3P B4
G03 FF 60303 024600  780 147 3215     -788626   -238         361    +30   15  74  316 -118  479  +15  479   15  14  0  0 L3P 6D
G10 FF 60303 024600  780 306 1827     +667033    -65         512    -80    7  26  158  +37  430  +88  430   88   5  0  0 L3P 1E
G12 FF 60303 024600  780 211  434    +4609832    -26         439    -66   12  16  223  +60  446  +73  446   73  14  0  0 L3P 36
G25 FF 60303 024600  780 527  660    -4827110    -53         695    -38    6  24  102   +6  287   +2  287    2   5  0  0 L3P E5
G26 FF 60303 024600  780 184 2054    -2063503   +130         491    +97   15  45  257  -96  510  -84  510  -84  13  0  0 L3P 6C
G28 FF 60303 024600  780 661 2936     +793051   +112         764     +8    3 157   88   -3  265   -1  265   -1   3  0  0 L3P F4
G31 FF 60303 024600  780 434 2654    +2269196    +48         620    +45    5  28  118  -13  363  -22  363  -22   6  0  0 L3P 34
G32 FF 60303 024600  780 747  815    +5995171    +14         749    -20    3  27   84   +2  275   +8  275    8   3  0  0 L3P E0
G03 FF 60303 030200  780 200 3177     -788831   -223         413    +45    9  74  236  -58  466  -33  466  -33   9  0  0 L3P 41
G10 FF 60303 030200  780 230 1816     +667000    -54         465    -69   11  26  205  +64  499  +91  499   91   8  0  0 L3P 30
G12 FF 60303 030200  780 151  411    +4609801    +13         371    -27   12  16  306 +120  516  +30  516   30  12  0  0 L3P 16
G25 FF 60303 030200  780 474  577    -4827149    -38         670    -23    5  24  110  +10  293   +6  293    6   4  0  0 L3P F2
G26 FF 60303 030200  780 254 2069    -2063413    +52         550    +19    5  45  189  -51  469  -21  469  -21   5  0  0 L3P 35
G28 FF 60303 030200  780 694 3119     +793161   +110         773     +5    3 157   86   -2  260  -12  260  -12   2  0  0 L3P 00
G31 FF 60303 030200  780 490 2733    +2269224    +40         645    +37    3  28  107   -9  341  -29  341  -29   3  0  0 L3P 19
G32 FF 60303 030200  780 697 1018    +5995194    +10         738    -24    2  27   86   +3  278   +8  278    8   2  0  0 L3P F3
G03 FF 60303 031800  780 247 3127     -789047   -221         455    +47    8  74  193  -33  434  -40  434  -40   7  0  0 L3P 3E
G10 FF 60303 031800  780 158 1804     +666945    -62         396    -77   11  26  294 +129  619 +163  619  163  10  0  0 L3P 86
G25 FF 60303 031800  780 413  523    -4827203    -48         631    -33    6  24  122  +16  300   -5  300   -5   5  0  0 L3P E1
G26 FF 60303 031800  780 327 2089    -2063330    +62         601    +29    7  45  150  -31  437  -31  437  -31   8  0  0 L3P 2B
G28 FF 60303 031800  780 712 3339     +793260   +109         772     +5    3 157   85   +0  254  -16  254  -16   2  0  0 L3P 12
G31 FF 60303 031800  780 543 2825    +2269249    +26         666    +23    4  28  100   -7  319  -11  319  -11   4  0  0 L3P 1B
G32 FF 60303 031800  780 635 1149    +5995202     +9         714    -25    3  27   90   +5  290   +5  290    5   3  0  0 L3P CD
G03 FF 60303 033400  780 286 3065     -789278   -245         482    +23    8  74  169  -19  412  -13  412  -13   8  0  0 L3P 46
G16 FF 60303 033400  780 125 2089    +3976839    -43         472    +31   14  71  372 -200  629  +31  629   31  10  0  0 L3P 5F
G25 FF 60303 033400  780 349  491    -4827259    -41         588    -27    5  24  141  +24  321  +14  321   14   5  0  0 L3P 13
G26 FF 60303 033400  780 401 2115    -2063256   +107         643    +74    4  45  126  -20  385  -70  385  -70   4  0  0 L3P 39
G28 FF 60303 033400  780 711 3572     +793353    +98         764     -7    3 157   85   +1  252   -6  252   -6   2  0  0 L3P E8
G29 FF 60303 033400  780 227 1005    +6095144    +49         449    +52   22  21  209  -35  495  -51  495  -51  21  0  0 L3P 5A
G31 FF 60303 033400  780 594 2933    +2269269    +17         683    +13    3  28   94   -5  300  -11  300  -11   2  0  0 L3P 02
G32 FF 60303 033400  780 568 1240    +5995208     -6         687    -40    6  27   96   +8  298  +16  298   16   5  0  0 L3P 15
G03 FF 60303 035000  780 313 2990     -789507   -216         510    +53   12  74  155  -10  386  -28  386  -28  11  0  0 L3P 5C
G16 FF 60303 035000  780 193 2109    +3976837    -17         541    +57   11  71  244  -87  547 -116  547 -116   9  0  0 L3P 84
G25 FF 60303 035000  780 283  474    -4827322    -61         540    -46   11  24  170  +37  352  +27  352   27  12  0  0 L3P 2E
G26 FF 60303 035000  780 477 2147    -2063178    +72         690    +39    4  45  109  -14  333  -39  333  -39   3  0  0 L3P 3F
G28 FF 60303 035000  780 692  185     +793439   +104         750     -1    3 157   86   +2  251   -9  251   -9   2  0  0 L3P DF
G29 FF 60303 035000  780 262  933    +6095161    +55         469    +58    9  21  183  -21  454  -72  454  -72   8  0  0 L3P 36
G32 FF 60303 035000  780 499 1308    +5995203    -22         649    -57    4  27  106  +11  319  +40  319   40   4  0  0 L3P 27
G03 FF 60303 040600  780 328 2907     -789761   -253         515    +15    6  75  149   -3  387  -30  387  -30   6  0  0 L3P 39
G04 FF 60303 040600  780 103 3121    -2484414     -6         359    +94   22 212  447 -256  539  -84  539  -84  18  0  0 L3P 79
G16 FF 60303 040600  780 264 2134    +3976803    -29         581    +45    9  80  182  -47  455 -120  455 -120   7  0  0 L3P 64
G25 FF 60303 040600  780 218  470    -4827383    -18         494     -3   18  46  216  +62  383  -19  383  -19  18  0  0 L3P 4D
G26 FF 60303 040600  780 554 2188    -2063106    +78         730    +45    3  47   98  -10  304  -34  304  -34   2  0  0 L3P 1C
G28 FF 60303 040600  780 660  362     +793522    +81         731    -24    4 158   88   +3  254  +11  254   11   3  0  0 L3P E9
G29 FF 60303 040600  780 287  855    +6095187    -24         497    -21   10  84  168  -11  399  -11  399  -11   9  0  0 L3P 57
G31 FF 60303 040600  780 677 3227    +2269292    +17         706    +14    4  29   87   -2  279  -14  279  -14   5  0  0 L3P 22
G32 FF 60303 040600  780 428 1362    +5995194    -12         607    -46    4  28  119  +17  335  +21  335   21   4  0  0 L3P 26
G03 FF 60303 042200  780 327 2819     -790015   -237         518    +32    9  75  149   +3  389  -18  389  -18   7  0  0 L3P 3E
G04 FF 60303 042200  780 164 3133    -2484455    -52         413    +48   12 212  286 -107  483  -51  483  -51   9  0  0 L3P 68
G16 FF 60303 042200  780 335 2166    +3976792    -22         642    +52    6  80  147  -29  388  -69  388  -69   3  0  0 L3P 5E
G25 FF 60303 042200  780 154  476    -4827439    -91         452    -76   15  46  300 +120  427  +89  427   89  11  0  0 L3P 5F
G26 FF 60303 042200  780 631 2242    -2063036    +52         769    +20    5  47   91   -6  279  -14  279  -14   4  0  0 L3P 10
G28 FF 60303 042200  780 619  504     +793606    +99         715     -6    3 158   92   +4  257  -11  257  -11   3  0  0 L3P F7
G29 FF 60303 042200  780 302  773    +6095183    -12         496     -9   11  84  160   -4  385  +13  385   13  10  0  0 L3P 14
G31 FF 60303 042200  780 702 3427    +2269298    -10         708    -14    3  29   86   -1  275   +3  275    3   3  0  0 L3P DC
G32 FF 60303 042200  780 356 1405    +5995181    -26         561    -61    7  28  138  +25  370  +63  370   63   6  0  0 L3P 2E
G03 FF 60303 043800  780 313 2733     -790276   -243         515    +25    9  75  155   +9  400   -2  400   -2   8  0  0 L3P F6
G04 FF 60303 043800  780 227 3139    -2484487    -59         478    +41   11 212  210  -58  419  -51  419  -51  10  0  0 L3P 72
G16 FF 60303 043800  780 409 2205    +3976762    -13         683    +60    5  80  124  -19  339  -56  339  -56   3  0  0 L3P 4B
G26 FF 60303 043800  780 707 2321    -2062990    +56         783    +23    2  47   86   -4  266  -21  266  -21   2  0  0 L3P 15
G28 FF 60303 043800  780 574  621     +793677    +75         686    -29    4 158   96   +5  267   +5  267    5   4  0  0 L3P FC
G29 FF 60303 043800  780 303  689    +6095188     -7         505     -3    6  84  160   +3  372  -11  372  -11   7  0  0 L3P F6
G31 FF 60303 043800  780 711   55    +2269297     +7         703     +3    4  29   85   +0  276   -2  276   -2   3  0  0 L3P A3
G32 FF 60303 043800  780 285 1440    +5995161    -44         508    -79    7  28  169  +39  432  +97  432   97   6  0  0 L3P 52
G03 FF 60303 045400  780 287 2651     -790540   -285         508    -16    9  75  168  +17  418  +27  418   27   7  0  0 L3P 44
G04 FF 60303 045400  780 291 3134    -2484538    -74         522    +26    6 212  167  -35  383  -11  383  -11   5  0  0 L3P 45
G16 FF 60303 045400  780 482 2254    +3976744    -40         736    +34    5  80  109  -13  294  -29  294  -29   4  0  0 L3P 4C
G26 FF 60303 045400  780 778 2467    -2062953    +33         788     +0    2  47   83   -2  254  -11  254  -11   2  0  0 L3P 03
G28 FF 60303 045400  780 525  721     +793758    +98         666     -7    5 158  102   +7  271  -13  271  -13   4  0  0 L3P 10
G29 FF 60303 045400  780 291  609    +6095180    -48         500    -44   13  84  165  +10  354  +22  354   22  12  0  0 L3P 31
G31 FF 60303 045400  780 702  282    +2269295     +9         699     +5    4  29   86   +1  272   -9  272   -9   3  0  0 L3P CB
G32 FF 60303 045400  780 215 1469    +5995136    -52         451    -86    8  28  219  +69  523 +140  523  140   7  0  0 L3P 5D
G03 FF 60303 051000  780 251 2577     -790836   -313         470    -45    7  75  189  +29  462  +47  462   47   7  0  0 L3P 41
G04 FF 60303 051000  780 355 3118    -2484592    -92         565     +8    8 212  139  -23  352   -2  352   -2   8  0  0 L3P 11
G16 FF 60303 051000  780 556 2316    +3976700    -46         762    +28    4  80   98   -9  276  -19  276  -19   3  0  0 L3P 2E
G26 FF 60303 051000  780 833 2847    -2062925    +38         785     +5    4  47   81   -1  249  -11  249  -11   4  0  0 L3P 05
G28 FF 60303 051000  780 475  807     +793829    +73         637    -32    7 158  110   +9  281  +13  281   13   6  0  0 L3P 0E
G29 FF 60303 051000  780 267  536    +6095144   -144         467   -141   17  84  179  +19  382 +126  382  126  14  0  0 L3P 93
G31 FF 60303 051000  780 675  479    +2269287    -30         687    -34    6  29   87   +2  277  +10  277   10   6  0  0 L3P 05
G03 FF 60303 052600  780 208 2511     -791122   -309         441    -40   11  75  225  +48  491  +59  491   59   8  0  0 L3P 3F
G04 FF 60303 052600  780 418 3085    -2484645    -75         608    +25    5 212  121  -15  322  -17  322  -17   4  0  0 L3P 3F
G16 FF 60303 052600  780 628 2400    +3976654    -44         787    +30    2  80   91   -6  254  -28  254  -28   2  0  0 L3P 20
G26 FF 60303 052600  780 824 3515    -2062900    +11         779    -22    3  47   82   +1  240   +7  240    7   3  0  0 L3P CF
G27 FF 60303 052600  780 195 1796     +871850    +89         481    +45   12  48  243  -87  585 -191  585 -191   8  0  0 L3P 8E
G28 FF 60303 052600  780 422  884     +793898    +84         606    -20    5 158  120  +13  301  +14  301   14   5  0  0 L3P 10
G29 FF 60303 052600  780 231  474    +6095108    -35         435    -32   19  84  205  +34  402  +19  402   19  19  0  0 L3P 39
G31 FF 60303 052600  780 637  638    +2269270     -1         667     -4    3  29   90   +3  281   +1  281    1   3  0  0 L3P A3
G03 FF 60303 054200  780 162 2452     -791417   -296         404    -27   10  75  287  +84  541  +41  541   41   7  0  0 L3P 3C
G04 FF 60303 054200  780 477 3031    -2484702    -61         646    +39    6 212  109  -10  297  -19  297  -19   5  0  0 L3P 52
G09 FF 60303 054200  780 137 3189     -374033    -42         401    +77   16  59  340 -147  516  -75  516  -75  13  0  0 L3P 66
G16 FF 60303 054200  780 696 2523    +3976599    -53         803    +21    4  80   86   -4  238  -29  238  -29   4  0  0 L3P 32
G26 FF 60303 054200  780 766  207    -2062883     +8         764    -25    4  47   83   +2  240   +8  240    8   3  0  0 L3P BF
G27 FF 60303 054200  780 267 1784     +871941   +117         531    +74    8  48  180  -48  459  -94  459  -94  10  0  0 L3P 6F
G28 FF 60303 054200  780 369  954     +793966   +104         572     -1    7 158  134  +17  320  -14  320  -14   6  0  0 L3P 29
G29 FF 60303 054200  780 187  423    +6095058    -92         387    -88   12  84  250  +62  435  +77  435   77  12  0  0 L3P 5A
G31 FF 60303 054200  780 592  766    +2269257    -25         650    -28    5  29   94   +5  281  +10  281   10   4  0  0 L3P F5
G03 FF 60303 055800  780 113 2398     -791721   -322         357    -54   13  75  403 +171  610  +83  610   83   9  0  0 L3P 51
G04 FF 60303 055800  780 528 2949    -2484770    -89         675    +11    5 212  102   -6  284   +5  284    5   4  0  0 L3P 19
G09 FF 60303 055800  780 196 3169     -374070    -41         479    +78   19  59  241  -70  428  -88  428  -88  20  0  0 L3P 78
G16 FF 60303 055800  780 753 2726    +3976542    -65         817     +9    4  80   84   -2  224  -16  224  -16   3  0  0 L3P 13
G26 FF 60303 055800  780 700  337    -2062864    +30         752     -3    3  47   86   +4  240  -14  240  -14   2  0  0 L3P DD
G27 FF 60303 055800  780 343 1772     +872035    +92         584    +49    4  48  144  -30  391  -93  391  -93   6  0  0 L3P 41
G28 FF 60303 055800  780 315 1017     +794028    +54         535    -50   11 158  154  +25  346  +37  346   37  11  0  0 L3P 4E
G29 FF 60303 055800  780 137  384    +6095030    -60         362    -56   27  84  336 +127  443  +37  443   37  25  0  0 L3P 5E
G31 FF 60303 055800  780 541  871    +2269234    -11         625    -14    5  29  100   +7  292   -2  292   -2   4  0  0 L3P E1
G04 FF 60303 061400  780 565 2835    -2484846    -86         691    +14    3 213   97   -3  284   -3  284   -3   3  0  0 L3P 12
G09 FF 60303 061400  780 252 3136     -374148   -110         511     +9   10  60  190  -40  390  -18  390  -18   9  0  0 L3P 28
G16 FF 60303 061400  780 785 3065    +3976477    -88         822    -14    3  81   83   +0  219  +11  219   11   2  0  0 L3P 0D
G26 FF 60303 061400  780 634  421    -2062873     +3         715    -30    4  52   90   +5  250   +3  250    3   3  0  0 L3P 9E
G27 FF 60303 061400  780 422 1757     +872140   +106         665    +63    4  97  121  -19  324  -44  324  -44   4  0  0 L3P 34
G28 FF 60303 061400  780 260 1075     +794083    +55         488    -50   12 159  183  +37  376  +33  376   33   8  0  0 L3P 4E
G31 FF 60303 061400  780 488  959    +2269232    -32         621    -36    6  38  107   +9  287  +15  287   15   5  0  0 L3P 18
G04 FF 60303 063000  780 581 2693    -2484941   -102         692     -2    4 213   95   +0  279  +10  279   10   4  0  0 L3P 11
G08 FF 60303 063000  780 161 1997    +1587566   +158         447   +139   25  41  291 -127  650 -306  650 -306  13  0  0 L3P C6
G09 FF 60303 063000  780 304 3090     -374214    -93         559    +26    7  60  160  -24  346  -21  346  -21   5  0  0 L3P 19
G16 FF 60303 063000  780 774 3454    +3976396    -92         812    -19    3  81   83   +1  209   -2  209   -2   3  0  0 L3P F9
G18 FF 60303 063000  780 121  763    +5152353   +145         308    +47   19  98  378  -77  470  -61  470  -61  15  0  0 L3P 68
G26 FF 60303 063000  780 570  488    -2062866     -4         690    -37    3  52   96   +7  240  +11  240   11   2  0  0 L3P D8
G27 FF 60303 063000  780 502 1736     +872223    +94         706    +50    5  97  105  -13  296  -47  296  -47   4  0  0 L3P 31
G28 FF 60303 063000  780 205 1128     +794148   +115         452    +10   14 159  229  +61  405   -1  405   -1  10  0  0 L3P 2A
G31 FF 60303 063000  780 432 1034    +2269195    -60         580    -64    6  38  118  +13  299  +37  299   37   5  0  0 L3P 35
G04 FF 60303 064600  780 572 2545    -2485040   -108         690     -8    7 213   96   +2  288   +0  288    0   5  0  0 L3P FA
G08 FF 60303 064600  780 232 2007    +1587621    +66         483    +47    9  41  205  -63  493 -111  493 -111   8  0  0 L3P 5D
G09 FF 60303 064600  780 349 3029     -374302    -92         586    +27    7  60  141  -15  326  -22  326  -22   6  0  0 L3P 27
G16 FF 60303 064600  780 730  116    +3976306   -106         793    -32    3  81   85   +2  208   -4  208   -4   3  0  0 L3P EB
G18 FF 60303 064600  780 142  696    +5152490    +86         352    -12   14  98  325  -38  412  -19  412  -19  13  0  0 L3P 52
G26 FF 60303 064600  780 509  548    -2062860    +25         665     -8    8  52  104   +9  246  -12  246  -12   6  0  0 L3P 07
G27 FF 60303 064600  780 583 1701     +872294    +70         735    +27    5  97   95   -9  265  -23  265  -23   3  0  0 L3P 19
G31 FF 60303 064600  780 376 1100    +2269159    -43         541    -47    7  38  132  +18  318  +25  318   25   7  0  0 L3P 2A
G04 FF 60303 070200  780 540 2414    -2485152   -108         674     -8    4 213  100   +5  293   +0  293    0   3  0  0 L3P E7
G08 FF 60303 070200  780 306 2021    +1587669    +49         513    +29   11  41  159  -37  406  -79  406  -79   8  0  0 L3P 5B
G09 FF 60303 070200  780 383 2952     -374390   -116         613     +4    9  60  130   -8  305   -6  305   -6   8  0  0 L3P EA
G16 FF 60303 070200  780 675  276    +3976210    -96         767    -22    5  81   88   +4  204   -3  204   -3   3  0  0 L3P E2
G18 FF 60303 070200  780 153  627    +5152585    +79         352    -19   17  98  301  -14  383  -24  383  -24  14  0  0 L3P 53
G26 FF 60303 070200  780 449  604    -2062856     -4         637    -37    5  52  114  +12  245   +1  245    1   6  0  0 L3P D4
G27 FF 60303 070200  780 663 1635     +872349    +62         749    +19    4  97   88   -5  249  -23  249  -23   3  0  0 L3P 20
G31 FF 60303 070200  780 318 1158    +2269119    -30         497    -33   11  38  153  +26  338   +4  338    4  10  0  0 L3P 1E
G04 FF 60303 073000  780 448 2249    -2485355   -130         639    -30    6 213  115  +13  298   -3  298   -3   6  0  0 L3P 3A
G07 FF 60303 073000  780 189 3086     +206268   +196         476   +100    8   4  249  -75  396 -115  396 -115   6  0  0 L3P 72
G08 FF 60303 073000  780 441 2058    +1587790    +85         601    +65    4  41  116  -17  294  -65  294  -65   4  0  0 L3P 44
G09 FF 60303 073000  780 408 2788     -374571   -131         632    -12    3  60  124   +0  293  +16  293   16   3  0  0 L3P 0D
G16 FF 60303 073000  780 571  455    +3976038   -117         720    -43    6  81   96   +7  198   +3  198    3   6  0  0 L3P F6
G18 FF 60303 073000  780 149  507    +5152744    +48         347    -50   17  98  308  +23  348  +26  348   26  15  0  0 L3P 4B
G26 FF 60303 073000  780 351  698    -2062877    -28         561    -61    9  52  140  +20  259   +4  259    4   7  0  0 L3P FF
G27 FF 60303 073000  780 771 1294     +872437    +48         765     +5    2  97   83   -1  216  -13  216  -13   3  0  0 L3P F4
G31 FF 60303 073000  780 216 1244    +2269046    -28         419    -31   12  38  218  +58  394  +33  394   33  10  0  0 L3P 46
G04 FF 60303 074600  780 384 2184    -2485497   -134         603    -34    9 214  130  +19  315  +12  315   12   6  0  0 L3P 48
G07 FF 60303 074600  780 248 3102     +206394   +151         511    +56   11   4  193  -45  342  -83  342  -83  11  0  0 L3P 38
G08 FF 60303 074600  780 521 2087    +1587864    +70         657    +51    5  41  103  -12  250  -40  250  -40   4  0  0 L3P 28
G09 FF 60303 074600  780 400 2689     -374686   -109         632    +11    5  60  126   +4  294  -12  294  -12   4  0  0 L3P 27
G16 FF 60303 074600  780 513  533    +3975934    -93         687    -19    8  81  103   +9  198  -21  198  -21   8  0  0 L3P 36
G18 FF 60303 074600  780 133  443    +5152814     +9         323    -88   13  98  345  +55  344  +50  344   50  11  0  0 L3P 2A
G26 FF 60303 074600  780 297  749    -2062870    -21         536    -54    6  52  162  +27  249  +25  249   25   5  0  0 L3P 2C
G27 FF 60303 074600  780 775  908     +872476    +46         762     +3    3  97   83   +1  204  -16  204  -16   3  0  0 L3P EB
G04 FF 60303 080200  780 318 2133    -2485635   -158         561    -58    6 215  153  +29  339  +33  339   33   5  0  0 L3P 56
G07 FF 60303 080200  780 309 3109     +206535   +121         558    +26    7  14  157  -30  283  -38  283  -38   6  0  0 L3P 34
G08 FF 60303 080200  780 601 2125    +1587923    +47         701    +28    8  47   93   -8  217  -25  217  -25   5  0  0 L3P 16
G09 FF 60303 080200  780 377 2595     -374809   -134         621    -15    7  61  132   +9  288   -8  288   -8   5  0  0 L3P 1E
G16 FF 60303 080200  780 457  603    +3975825   -128         647    -54    7  82  113  +11  195   +8  195    8   6  0  0 L3P 1A
G18 FF 60303 080200  780 106  385    +5152885    +63         302    -35   34  99  425 +119  332  -25  332  -25  27  0  0 L3P 5D
G26 FF 60303 080200  780 245  800    -2062908    +39         471     +6    7  82  194  +39  277  -38  277  -38   5  0  0 L3P 29
G27 FF 60303 080200  780 727  647     +872505    +17         753    -26    3  98   85   +3  190  -14  190  -14   3  0  0 L3P F8
G04 FF 60303 081800  780 252 2091    -2485783   -174         509    -74    7 215  189  +47  366  +57  366   57   5  0  0 L3P 75
G07 FF 60303 081800  780 372 3108     +206658   +149         590    +53    7  14  134  -20  250  -52  250  -52   6  0  0 L3P 2C
G08 FF 60303 081800  780 681 2177    +1587973    +43         732    +23    3  47   87   -5  188  -25  188  -25   3  0  0 L3P 33
G09 FF 60303 081800  780 342 2511     -374941   -173         603    -54    5  61  143  +15  287  +29  287   29   3  0  0 L3P 34
G16 FF 60303 081800  780 402  668    +3975718   -132         612    -58    5  82  125  +14  186   +7  186    7   5  0  0 L3P 1B
G21 FF 60303 081800  780 186 1653    -1404561   +104         507    +92   12  94  254  -95  408 -239  408 -239  11  0  0 L3P 99
G26 FF 60303 081800  780 194  850    -2062912     -4         435    -37   16  82  240  +61  281   +1  281    1  14  0  0 L3P F9
G27 FF 60303 081800  780 658  534     +872511    -10         718    -54    3  98   89   +5  183  +11  183   11   3  0  0 L3P EC
G02 FF 60303 083400  780 180 1708    +5106947    -18         517    +36   19  23  262 -101  404 -162  404 -162  18  0  0 L3P 86
G04 FF 60303 083400  780 188 2054    -2485930   -156         459    -56    9 215  249  +83  410  +63  410   63   8  0  0 L3P 60
G07 FF 60303 083400  780 436 3093     +206795   +134         635    +39    3  14  117  -14  214  -29  214  -29   2  0  0 L3P 32
G08 FF 60303 083400  780 761 2264    +1587997    +25         738     +6    3  47   83   -3  173  -19  173  -19   2  0  0 L3P 1D
G09 FF 60303 083400  780 298 2437     -375089   -179         570    -59    8  61  162  +24  299  +31  299   31   6  0  0 L3P 54
G16 FF 60303 083400  780 349  729    +3975604   -139         569    -65    5  82  141  +19  191  +30  191   30   5  0  0 L3P 3E
G21 FF 60303 083400  780 257 1623    -1404492    +34         565    +23   13  94  187  -51  282  -84  282  -84  11  0  0 L3P 60
G27 FF 60303 083400  780 585  489     +872519    -14         684    -57    3  98   95   +8  177  +12  177   12   3  0  0 L3P 0B
G30 FF 60303 083400  780 135 3133    +4534871    -35         438     +9   23  13  345 -152  338  -47  338  -47  15  0  0 L3P 61
G02 FF 60303 085000  780 250 1685    +5106932    -23         554    +32   10  23  191  -54  280  -90  280  -90   8  0  0 L3P 3B
G04 FF 60303 085000  780 125 2019    -2486079   -211         406   -111    8 215  366 +173  494 +176  494  176   7  0  0 L3P A3
G07 FF 60303 085000  780 498 3059     +206928   +152         676    +56    6  14  106  -10  190  -33  190  -33   5  0  0 L3P 38
G08 FF 60303 085000  780 834 2493    +1588009    +15         731     -4    4  47   81   -1  160   -4  160   -4   3  0  0 L3P D3
G09 FF 60303 085000  780 248 2373     -375243   -151         530    -32    9  61  191  +38  311   +8  311    8   7  0  0 L3P 00
G16 FF 60303 085000  780 297  788    +3975491   -101         527    -27    8  82  162  +26  195  -13  195  -13   7  0  0 L3P 53
G21 FF 60303 085000  780 330 1588    -1404437    +76         609    +64   11  94  149  -31  208  -66  208  -66  10  0  0 L3P 5E
G27 FF 60303 085000  780 511  477     +872544    +14         668    -29    6  98  104  +11  155  -18  155  -18   5  0  0 L3P 21
G30 FF 60303 085000  780 195 3133    +4534867    +11         476    +55   15  13  242  -75  289  -51  289  -51  13  0  0 L3P 64
G02 FF 60303 090600  780 324 1661    +5106931    +13         606    +68    8  23  151  -32  212  -58  212  -58   7  0  0 L3P 28
G07 FF 60303 090600  780 558 2999     +207052   +123         708    +27    5  14   98   -7  175  -10  175  -10   4  0  0 L3P 1A
G08 FF 60303 090600  780 853 3388    +1588025     +6         729    -13    4  47   81   +0  147  -15  147  -15   3  0  0 L3P 0A
G09 FF 60303 090600  780 196 2318     -375389   -174         499    -54   10  61  239  +63  314  +13  314   13   9  0  0 L3P 4E
G16 FF 60303 090600  780 246  845    +3975385    -93         491    -19   18  82  193  +38  186  -25  186  -25  18  0  0 L3P 76
G21 FF 60303 090600  780 404 1546    -1404389    +62         645    +51    6  94  125  -20  173  -38  173  -38   6  0  0 L3P 3A
G27 FF 60303 090600  780 440  482     +872534     -5         617    -48    3  98  116  +15  154  -14  154  -14   2  0  0 L3P 03
G30 FF 60303 090600  780 256 3124    +4534878     -6         531    +38   19  13  187  -43  239  -36  239  -36  18  0  0 L3P 5D
G02 FF 60303 092200  780 399 1633    +5106927     -1         654    +54    4  23  126  -21  177  -28  177  -28   4  0  0 L3P 2A
G07 FF 60303 092200  780 609 2901     +207167   +121         732    +25    4  14   93   -4  165  -12  165  -12   3  0  0 L3P FC
G08 FF 60303 092200  780 790  183    +1588028     +2         714    -17    3  47   82   +2  140   -6  140   -6   2  0  0 L3P BE
G09 FF 60303 092200  780 143 2267     -375560   -192         443    -72   10  61  323 +118  342  +48  342   48   9  0  0 L3P 50
G14 FF 60303 092200  780 110 2881    -2803884    -53         375    +51   21  47  418 -189  361  -67  361  -67  19  0  0 L3P 83
G21 FF 60303 092200  780 477 1491    -1404333    +67         691    +56    5  94  109  -13  144  -36  144  -36   5  0  0 L3P 3B
G27 FF 60303 092200  780 371  497     +872532    -25         573    -68    4  98  134  +21  141   +4  141    4   3  0  0 L3P E3
G30 FF 60303 092200  780 316 3103    +4534881     -6         576    +38    7  13  154  -27  208  -29  208  -29   7  0  0 L3P 2B
G02 FF 60303 093800  780 475 1595    +5106919    -18         698    +37    4  23  110  -14  156  -13  156  -13   3  0  0 L3P 3D
G08 FF 60303 093800  780 719  304    +1588033     +6         700    -13    2  47   85   +4  131   -9  131   -9   2  0  0 L3P C2
G14 FF 60303 093800  780 161 2923    -2803922    -91         437    +14   18  47  289  -94  287  -24  287  -24  12  0  0 L3P 76
G21 FF 60303 093800  780 546 1413    -1404290    +42         723    +30    5  94   99   -8  131  -12  131  -12   4  0  0 L3P FF
G27 FF 60303 093800  780 306  520     +872509    -21         509    -64    7  98  158  +31  143   +5  143    5   5  0  0 L3P E8
G30 FF 60303 093800  780 374 3067    +4534877    +19         614    +63    5  13  133  -18  186  -38  186  -38   4  0  0 L3P 4F
G02 FF 60303 095400  780 550 1541    +5106904    -14         736    +41    3  23   99   -9  143  -12  143  -12   2  0  0 L3P FE
G07 FF 60303 095400  780 651 2574     +207365    +93         747     -3    3  14   89   +0  156   +2  156    2   3  0  0 L3P BD
G08 FF 60303 095400  780 649  377    +1588026     -8         675    -27    4  47   89   +5  127   -5  127   -5   3  0  0 L3P EC
G14 FF 60303 095400  780 215 2964    -2803974    -83         485    +22   10  47  220  -55  231  -25  231  -25   7  0  0 L3P 49
G21 FF 60303 095400  780 605 1301    -1404243    +39         759    +27    4  94   93   -5  114   -7  114   -7   3  0  0 L3P E7
G27 FF 60303 095400  780 244  549     +872479    -85         437   -128   12  98  195  +46  156  +68  156   68   9  0  0 L3P 64
G30 FF 60303 095400  780 428 3012    +4534873    -17         652    +27    4  13  119  -12  168   -8  168   -8   3  0  0 L3P 17
G02 FF 60303 101000  780 619 1456    +5106881    -26         762    +29    4  24   92   -6  125  -15  125  -15   3  0  0 L3P 04
G07 FF 60303 101000  780 630 2398     +207446    +72         739    -24    5  15   91   +3  160  +11  160   11   3  0  0 L3P D4
G08 FF 60303 101000  780 582  436    +1588012    -29         646    -48    4  66   95   +7  120  -11  120  -11   3  0  0 L3P EF
G14 FF 60303 101000  780 271 3002    -2804051     -8         505    +96    8  48  177  -36  211  -68  211  -68   6  0  0 L3P 1A
G17 FF 60303 101000  780 128 2454    -7213049    +81         431    +74   13   5  362 -155  309  -41  309  -41   8  0  0 L3P 3A
G21 FF 60303 101000  780 644 1142    -1404226    +11         786     -1    4  17   90   -2  105   -6  105   -6   3  0  0 L3P B1
G22 FF 60303 101000  780 101 2945     -598511    +53         382    -14   16  35  452 -228  315   -6  315   -6  11  0  0 L3P 22
G27 FF 60303 101000  780 185  581     +872484    +17         400    -27   17 120  252  +76  143  -25  143  -25  16  0  0 L3P 38
G30 FF 60303 101000  780 473 2936    +4534859    -30         683    +14    5  14  110   -7  151   +2  151    2   5  0  0 L3P D8
G02 FF 60303 102600  780 676 1319    +5106849    -33         783    +22    3  24   88   -3  113  -14  113  -14   3  0  0 L3P 03
G07 FF 60303 102600  780 584 2260     +207525    +63         726    -32    3  15   95   +6  158   +7  158    7   2  0  0 L3P CC
G08 FF 60303 102600  780 517  490    +1587999    +15         614     -4    5  66  103   +9  117  -10  117  -10   3  0  0 L3P FA
G14 FF 60303 102600  780 330 3037    -2804099   -101         558     +3    9  48  148  -25  174  +12  174   12   8  0  0 L3P 21
G17 FF 60303 102600  780 183 2504    -7212992    +61         481    +54    9   5  257  -76  274  -54  274  -54   6  0  0 L3P 37
G21 FF 60303 102600  780 655  951    -1404211    +12         791     +0    4  17   89   +0   96   -5   96   -5   4  0  0 L3P 9A
G27 FF 60303 102600  780 129  617     +872479    +46         353     +3   17 120  355 +146  142  -56  142  -56  14  0  0 L3P 48
G30 FF 60303 102600  780 505 2836    +4534835    -27         702    +18    5  14  105   -4  146  -11  146  -11   4  0  0 L3P 0D
G02 FF 60303 104200  780 709 1110    +5106800    -52         786     +2    3  24   86   -1  109   -7  109   -7   2  0  0 L3P C1
G07 FF 60303 104200  780 524 2163     +207591    +48         701    -48    6  15  102   +9  157  +12  157   12   5  0  0 L3P F0
G08 FF 60303 104200  780 455  541    +1587991     +0         588    -20    5  66  113  +12  113  -10  113  -10   5  0  0 L3P F5
G14 FF 60303 104200  780 392 3069    -2804163    -60         594    +45    6  48  128  -18  159  -19  159  -19   5  0  0 L3P 4B
G17 FF 60303 104200  780 237 2557    -7212944    +13         523     +6    7   5  201  -44  232  -17  232  -17   6  0  0 L3P 01
G21 FF 60303 104200  780 635  774    -1404208     -2         782    -13    4  17   90   +3   89   -6   89   -6   3  0  0 L3P A6
G22 FF 60303 104200  780 210 3020     -598273    +54         490    -13   21  35  225  -60  199   +2  199    2  16  0  0 L3P 04
G30 FF 60303 104200  780 519 2718    +4534800    -34         708    +10    4  14  103   -1  144   -6  144   -6   4  0  0 L3P E1
G02 FF 60303 105800  780 705  871    +5106747    -75         786    -20    4  24   86   +1   99   +2   99    2   3  0  0 L3P B9
G07 FF 60303 105800  780 456 2095     +207638    +47         656    -48    2  15  113  +14  166   +9  166    9   2  0  0 L3P FC
G08 FF 60303 105800  780 396  592    +1587974    -20         552    -39    9  66  126  +16  111   +5  111    5   9  0  0 L3P 01
G14 FF 60303 105800  780 457 3096    -2804231    -67         626    +38    5  48  113  -13  149   -7  149   -7   4  0  0 L3P 20
G17 FF 60303 105800  780 290 2615    -7212912    +28         548    +21    6   5  167  -29  202  -30  202  -30   5  0  0 L3P 13
G21 FF 60303 105800  780 592  644    -1404216    -26         763    -38    5  17   94   +5   83   -1   83   -1   3  0  0 L3P B7
G22 FF 60303 105800  780 267 3052     -598171   +104         529    +37   12  35  180  -38  169  -28  169  -28  10  0  0 L3P 64
G30 FF 60303 105800  780 513 2595    +4534759    -46         711     -1    5  14  104   +2  141   -3  141   -3   4  0  0 L3P D6
G02 FF 60303 111400  780 668  687    +5106683    -80         774    -26    5  24   88   +3   92   +2   92    2   5  0  0 L3P B6
G07 FF 60303 111400  780 385 2045     +207696    +37         622    -59    2  15  130  +21  165  +15  165   15   4  0  0 L3P 06
G08 FF 60303 111400  780 340  642    +1587937    -21         497    -40    9  66  144  +21  123   -9  123   -9   7  0  0 L3P 02
G14 FF 60303 111400  780 525 3117    -2804298    -80         660    +25    5  48  102  -10  143   +3  143    3   5  0  0 L3P EA
G17 FF 60303 111400  780 342 2677    -7212881    +29         573    +22    7   5  144  -20  175  -19  175  -19   6  0  0 L3P 2B
G21 FF 60303 111400  780 536  561    -1404239    -29         729    -40    4  17  100   +8   85   -8   85   -8   3  0  0 L3P C7
G22 FF 60303 111400  780 327 3080     -598075   +102         560    +35    9  35  150  -26  157  -13  157  -13   7  0  0 L3P 29
G30 FF 60303 111400  780 488 2479    +4534701    -61         695    -17    5  14  107   +6  147   +1  147    1   5  0  0 L3P EE
G02 FF 60303 113000  780 613  576    +5106603    -82         747    -27    3  24   92   +6   92   -5   92   -5   2  0  0 L3P B0
G03 FF 60303 113000  780 181 1359     -797077   -190         339    +78   11  85  259  -82  223  -78  223  -78   9  0  0 L3P 68
G07 FF 60303 113000  780 313 2006     +207731    +73         565    -22    6  15  155  +33  182  -20  182  -20   4  0  0 L3P FD
G08 FF 60303 113000  780 286  692    +1587946    +21         487     +2   10  66  168  +29  105  -29  105  -29   8  0  0 L3P 32
G14 FF 60303 113000  780 596 3127    -2804371    -71         687    +33    4  48   94   -7  141   -8  141   -8   3  0  0 L3P F3
G17 FF 60303 113000  780 393 2745    -7212847    +41         600    +34    5   5  128  -14  159  -22  159  -22   4  0  0 L3P 1A
G19 FF 60303 113000  780 136 2620    -4172671     +1         518    +53   13  98  342 -122  212  -31  212  -31  11  0  0 L3P 34
G21 FF 60303 113000  780 473  513    -1404268    -17         690    -29    6  17  110  +12   81   -3   81   -3   5  0  0 L3P C3
G22 FF 60303 113000  780 390 3103     -597964   +117         606    +49    6  35  129  -18  139  -16  139  -16   6  0  0 L3P 3E
G30 FF 60303 113000  780 447 2381    +4534634    -44         670     +0    6  14  115  +10  153  -13  153  -13   5  0  0 L3P FE
G02 FF 60303 114600  780 549  517    +5106513   -107         709    -53    4  24   99   +8   95  +13   95   13   3  0  0 L3P E5
G03 FF 60303 114600  780 239 1309     -797270   -151         404   +117   15  85  199  -47  181  -82  181  -82  12  0  0 L3P 77
G07 FF 60303 114600  780 242 1973     +207781    +47         524    -49    6  15  196  +54  187  +16  187   16   5  0  0 L3P 29
G08 FF 60303 114600  780 234  742    +1587910    -76         433    -95   11  66  202  +43  121  +39  121   39  10  0  0 L3P 30
G14 FF 60303 114600  780 669 3118    -2804446    -85         713    +20    2  48   88   -5  137   +0  137    0   2  0  0 L3P DE
G17 FF 60303 114600  780 443 2817    -7212811    +30         630    +23    5   5  116  -11  145   -8  145   -8   5  0  0 L3P EC
G19 FF 60303 114600  780 185 2673    -4172689    -30         549    +23   16  98  254  -67  183  -15  183  -15  13  0  0 L3P 76
G21 FF 60303 114600  780 409  489    -1404296    -26         650    -38    6  17  123  +16   77   +3   77    3   5  0  0 L3P D5
G22 FF 60303 114600  780 455 3118     -597856   +103         650    +36    7  35  113  -13  127   -2  127   -2   6  0  0 L3P 08
G30 FF 60303 114600  780 396 2300    +4534560    -94         639    -50    8  14  127  +15  161  +19  161   19   7  0  0 L3P 25
G02 FF 60303 120200  780 483  489    +5106428    -84         674    -30    6  25  108  +12   89  -13   89  -13   5  0  0 L3P 04
G03 FF 60303 120200  780 296 1252     -797478   -240         449    +28   10  86  164  -29  157   -1  157   -1   8  0  0 L3P 30
G08 FF 60303 120200  780 184  792    +1587883    -67         386    -87    9  70  254  +67  126  +51  126   51  10  0  0 L3P 40
G14 FF 60303 120200  780 742 3066    -2804526    -89         734    +15    3  49   84   -3  135   +9  135    9   2  0  0 L3P E5
G17 FF 60303 120200  780 493 2897    -7212776    +16         656     +9    3  42  107   -8  133   -4  133   -4   2  0  0 L3P F0
G19 FF 60303 120200  780 234 2728    -4172697    -11         592    +41   10 100  203  -42  145  -48  145  -48   8  0  0 L3P 50
G21 FF 60303 120200  780 346  480    -1404337    -24         597    -35   12  18  142  +23   86  -17   86  -17  12  0  0 L3P 1A
G22 FF 60303 120200  780 522 3123     -597756    +96         684    +29    5  36  102  -10  123   +2  123    2   4  0  0 L3P DC
G30 FF 60303 120200  780 339 2235    +4534472   -108         591    -64    5  15  145  +23  174  +30  174   30   3  0  0 L3P 25
G02 FF 60303 121800  780 417  480    +5106338    -95         637    -41    3  25  121  +16   84   +2   84    2   2  0  0 L3P BE
G03 FF 60303 121800  780 350 1185     -797706   -218         479    +50   11  86  141  -19  152  -29  152  -29  11  0  0 L3P 5F
G07 FF 60303 121800  780 108 1914     +207836    +91         394     -4   15  17  420 +239  304  +58  304   58  10  0  0 L3P 34
G14 FF 60303 121800  780 809 2874    -2804611    -91         750    +14    2  49   82   -1  135   -4  135   -4   2  0  0 L3P E7
G17 FF 60303 121800  780 540 2985    -7212752    +24         673    +18    4  42  100   -6  125  -11  125  -11   3  0  0 L3P 0D
G19 FF 60303 121800  780 284 2785    -4172723     +0         617    +53   11 100  170  -29  126  -40  126  -40   8  0  0 L3P 39
G21 FF 60303 121800  780 284  483    -1404370    -37         553    -48   12  18  169  +34   83   -3   83   -3  11  0  0 L3P FC
G22 FF 60303 121800  780 591 3111     -597662    +90         714    +23    4  36   94   -7  119   +0  119    0   2  0  0 L3P C3
G30 FF 60303 121800  780 278 2181    +4534388    -85         550    -41    6  15  172  +36  183   +9  183    9   5  0  0 L3P 11
G02 FF 60303 123400  780 353  484    +5106234   -129         586    -74    8  25  140  +23   92  +23   92   23   7  0  0 L3P FE
G03 FF 60303 123400  780 397 1105     -797934   -250         509    +19    7  86  127  -12  143   -3  143   -3   7  0  0 L3P 15
G06 FF 60303 123400  780 129 2258    -4669118   +135         409    +13   11  76  359 -172  287  -49  287  -49   8  0  0 L3P 8F
G14 FF 60303 123400  780 830 2297    -2804709   -109         752     -5    3  49   82   +0  136   -1  136   -1   2  0  0 L3P E4
G17 FF 60303 123400  780 586 3084    -7212731    +26         688    +20    3  42   95   -5  121   -7  121   -7   3  0  0 L3P E7
G19 FF 60303 123400  780 335 2844    -4172730    -41         659    +11    8 100  146  -21   97   -4   97   -4   6  0  0 L3P 02
G21 FF 60303 123400  780 224  495    -1404398    -12         515    -23   18  18  211  +54   78  -39   78  -39  17  0  0 L3P 2D
G22 FF 60303 123400  780 659 3069     -597561    +89         751    +22    4  36   89   -5  109   +1  109    1   3  0  0 L3P DB
G30 FF 60303 123400  780 218 2135    +4534302    -78         506    -33    8  15  216  +58  193   +2  193    2   7  0  0 L3P F9
G02 FF 60303 125000  780 290  498    +5106147    -87         551    -32   10  25  166  +33   83  -16   83  -16   8  0  0 L3P 0F
G03 FF 60303 125000  780 433 1010     -798169   -232         531    +36    5  86  118   -7  131  -28  131  -28   5  0  0 L3P 18
G06 FF 60303 125000  780 192 2297    -4668936   +171         474    +50   13  76  246  -79  217  -35  217  -35  12  0  0 L3P 80
G14 FF 60303 125000  780 776 1916    -2804816   -114         746    -10    4  49   83   +2  134   -4  134   -4   3  0  0 L3P F9
G17 FF 60303 125000  780 630 3201    -7212706    +20         706    +13    4  42   91   -4  117   -7  117   -7   3  0  0 L3P CD
G19 FF 60303 125000  780 387 2907    -4172760    -28         680    +25    4 100  129  -15   93   -3   93   -3   5  0  0 L3P 03
G21 FF 60303 125000  780 166  513    -1404418     -3         483    -14   11  18  279  +93   67  -11   67  -11  10  0  0 L3P FF
G22 FF 60303 125000  780 723 2967     -597478    +76         770     +9    2  36   85   -3  108   +4  108    4   2  0  0 L3P CB
G30 FF 60303 125000  780 158 2093    +4534208   -100         455    -56   10  15  293 +107  221  +30  221   30   9  0  0 L3P 39
G02 FF 60303 130600  780 230  518    +5106056   -109         512    -54   15  25  205  +50   81  +19   81   19  14  0  0 L3P 0D
G03 FF 60303 130600  780 454  904     -798421   -266         537     +2    6  86  114   -3  132   +1  132    1   5  0  0 L3P BF
G06 FF 60303 130600  780 254 2343    -4668788   +174         505    +52   11  76  189  -45  201  -22  201  -22  10  0  0 L3P 63
G14 FF 60303 130600  780 700 1806    -2804935   -130         727    -25    3  49   86   +4  137   +5  137    5   2  0  0 L3P ED
G17 FF 60303 130600  780 669 3342    -7212689    +10         717     +3    4  42   88   -2  114   +2  114    2   3  0  0 L3P C0
G19 FF 60303 130600  780 440 2972    -4172776    -26         714    +26    6 100  116  -12   80   -4   80   -4   5  0  0 L3P F6
G21 FF 60303 130600  780 111  537    -1404502   -233         389   -244   18  18  409 +192  109 +178  109  178  15  0  0 L3P 94
G22 FF 60303 130600  780 770 2740     -597400    +66         783     -1    4  36   83   -1  105   +3  105    3   3  0  0 L3P A9
G30 FF 60303 130600  780 101 2053    +4534100    -65         389    -21   15  15  449 +240  298  +78  298   78  11  0  0 L3P 5D
G02 FF 60303 132200  780 173  544    +5105955    -59         464     -4   10  25  269  +85   86  -26   86  -26   9  0  0 L3P 12
G03 FF 60303 132200  780 456  792     -798678   -246         537    +22    8  86  113   +1  130  -28  130  -28   7  0  0 L3P 1E
G06 FF 60303 132200  780 316 2395    -4668627   +187         549    +65    4  76  155  -28  180  -39  180  -39   4  0  0 L3P 6A
G14 FF 60303 132200  780 619 1767    -2805065   -145         697    -41    2  49   92   +7  142  +12  142   12   2  0  0 L3P 12
G17 FF 60303 132200  780 700 3518    -7212681     -3         718     -9    3  42   86   -1  116  +11  116   11   2  0  0 L3P C9
G19 FF 60303 132200  780 494 3042    -4172800    -29         740    +24    6 100  106   -9   74   -2   74   -2   5  0  0 L3P DD
G22 FF 60303 132200  780 775 2386     -597341    +58         777     -9    5  36   83   +1  113   +2  113    2   4  0  0 L3P BE
G02 FF 60303 133800  780 118  574    +5105840   -138         401    -83   12  25  386 +171  105  +27  105   27  11  0  0 L3P 4A
G03 FF 60303 133800  780 440  687     -798951   -267         522     +1    7  86  116   +5  132  -16  132  -16   6  0  0 L3P 08
G06 FF 60303 133800  780 376 2455    -4668468   +147         591    +25    4  76  133  -19  162   +1  162    1   3  0  0 L3P 22
G14 FF 60303 133800  780 537 1751    -2805194   -149         669    -45    3  49  100  +11  140  +11  140   11   2  0  0 L3P 27
G17 FF 60303 133800  780 719  132    -7212679     -1         714     -7    4  42   85   -1  118   +2  118    2   3  0  0 L3P A3
G19 FF 60303 133800  780 550 3120    -4172829    -35         761    +17    5 100   99   -7   73   +1   73    1   4  0  0 L3P CB
G22 FF 60303 133800  780 732 2120     -597291    +38         763    -29    3  36   84   +3  118  +12  118   12   2  0  0 L3P EA
G03 FF 60303 135400  780 408  596     -799222   -317         508    -49    6  86  124  +10  127  +25  127   25   6  0  0 L3P 22
G06 FF 60303 135400  780 435 2525    -4668316   +141         626    +19    5  76  117  -13  148   -2  148   -2   4  0  0 L3P 25
G11 FF 60303 135400  780 129 2425    +5147234   +200         403    +52   13 134  359 -153  231  -48  231  -48   9  0  0 L3P 6A
G14 FF 60303 135400  780 457 1744    -2805338   -134         626    -30    5  49  113  +16  149   -8  149   -8   4  0  0 L3P 2F
G17 FF 60303 135400  780 720  369    -7212672     -6         714    -13    3  42   85   +0  113   +4  113    4   2  0  0 L3P A5
G19 FF 60303 135400  780 607 3209    -4172864    -52         777     +1    5 100   93   -5   73   +8   73    8   4  0  0 L3P C8
G22 FF 60303 135400  780 665 1988     -597247    +35         743    -32    3  36   88   +5  123   +8  123    8   2  0  0 L3P E0
G03 FF 60303 141000  780 363  525     -799513   -320         499    -52    7  40  136  +17  131  +13  131   13   6  0  0 L3P 04
G06 FF 60303 141000  780 492 2605    -4668167   +152         659    +31    5  81  107   -9  136  -10  136  -10   4  0  0 L3P 2E
G11 FF 60303 141000  780 184 2473    +5147427   +218         456    +70   10 135  255  -75  200  -42  200  -42   7  0  0 L3P 52
G14 FF 60303 141000  780 378 1741    -2805479   -147         581    -43    5  50  132  +24  144   -4  144   -4   4  0  0 L3P 1B
G17 FF 60303 141000  780 702  591    -7212666     +2         712     -5    5  44   86   +2  115   -2  115   -2   3  0  0 L3P 9E
G19 FF 60303 141000  780 663 3320    -4172892    -28         800    +24    6 101   88   -4   68   -3   68   -3   5  0  0 L3P DC
G22 FF 60303 141000  780 591 1923     -597217    +36         712    -31    3  87   94   +8  131   +2  131    2   2  0  0 L3P BD
G03 FF 60303 142600  780 309  473     -799806   -309         463    -41   10  40  157  +27  135  +18  135   18   9  0  0 L3P 31
G06 FF 60303 142600  780 545 2701    -4668023   +139         686    +18    3  81   99   -7  127   -7  127   -7   3  0  0 L3P 13
G11 FF 60303 142600  780 239 2525    +5147609   +189         497    +41    8 135  200  -44  187   -7  187   -7   7  0  0 L3P 4B
G14 FF 60303 142600  780 301 1738    -2805642   -188         519    -83    6  50  160  +37  155  +26  155   26   5  0  0 L3P 40
G17 FF 60303 142600  780 667  774    -7212674    -14         697    -21    6  44   88   +3  114   +7  114    7   6  0  0 L3P E0
G19 FF 60303 142600  780 717 3473    -4172934    -50         807     +2    2 101   85   -3   73   +6   73    6   2  0  0 L3P BB
G22 FF 60303 142600  780 513 1887     -597195    +15         669    -52    3  87  103  +12  138   +9  138    9   2  0  0 L3P 05
G03 FF 60303 144200  780 250  437     -800087   -308         439    -40   13  40  190  +44  123   -6  123   -6  14  0  0 L3P 09
G06 FF 60303 144200  780 594 2815    -4667894   +126         698     +4    2  81   94   -5  126   +6  126    6   2  0  0 L3P F8
G11 FF 60303 144200  780 293 2582    +5147792   +194         538    +46    9 135  165  -29  173  -17  173  -17   7  0  0 L3P 72
G12 FF 60303 144200  780 159 3194    +4611506   +114         428    +74    8  66  295 -105  137  -23  137  -23   7  0  0 L3P 5A
G14 FF 60303 144200  780 228 1734    -2805786   -180         476    -75    9  50  207  +64  155  +29  155   29   8  0  0 L3P 54
G17 FF 60303 144200  780 622  917    -7212692     -8         673    -15    4  44   91   +4  125   -8  125   -8   3  0  0 L3P CF
G19 FF 60303 144200  780 760  109    -4172975    -55         817     -3    4 101   83   -1   70   +5   70    5   4  0  0 L3P A6
G20 FF 60303 144200  780 104 2118    -3948218   +144         439   +124   17   0  446 -275  202 -121  202 -121  13  0  0 L3P 80
G22 FF 60303 144200  780 436 1864     -597172    +25         627    -43    5  87  117  +17  140   -1  140   -1   4  0  0 L3P F7
G03 FF 60303 145800  780 189  415     -800406   -341         378    -72    9  40  248  +80  142  +23  142   23   7  0  0 L3P 12
G04 FF 60303 145800  780 171  830    -2488326    -94         359     +6   16 218  272  -41  164  +21  164   21  14  0  0 L3P 3C
G06 FF 60303 145800  780 636 2953    -4667769   +124         706     +3    4  81   90   -3  125   +0  125    0   3  0  0 L3P E2
G11 FF 60303 145800  780 346 2643    +5147972   +178         576    +30    6 135  142  -20  159  -12  159  -12   5  0  0 L3P 5E
G12 FF 60303 145800  780 213 3158    +4611589    +50         473    +11    7  66  222  -54  134  +25  134   25   5  0  0 L3P 1E
G14 FF 60303 145800  780 157 1728    -2805930   -156         432    -51    9  50  295 +127  158  +16  158   16   9  0  0 L3P 61
G17 FF 60303 145800  780 569 1028    -7212711    -26         647    -32    4  44   96   +6  127   +2  127    2   4  0  0 L3P E3
G19 FF 60303 145800  780 776  454    -4173029    -46         813     +7    3 101   83   +0   73   -8   73   -8   2  0  0 L3P C1
G20 FF 60303 145800  780 169 2139    -3948120    +56         519    +36   20   0  278 -108  144   +9  144    9  15  0  0 L3P 2F
G22 FF 60303 145800  780 359 1849     -597157     +7         578    -60    6  87  137  +26  147  +11  147   11   5  0  0 L3P 21
G06 FF 60303 151400  780 668 3121    -4667648   +127         711     +6    2  81   88   -2  123   -6  123   -6   2  0  0 L3P EC
G09 FF 60303 151400  780 219 1148     -378079    -71         432    +48   16  65  216  -45  142  -24  142  -24  14  0  0 L3P 49
G11 FF 60303 151400  780 399 2711    +5148138   +185         600    +37    4 135  126  -14  153  -15  153  -15   4  0  0 L3P 4B
G12 FF 60303 151400  780 263 3110    +4611674    +74         519    +34   14  66  182  -31  131   +4  131    4  11  0  0 L3P 06
G17 FF 60303 151400  780 511 1117    -7212730    -57         622    -64    5  44  104   +9  127  +30  127   30   5  0  0 L3P FE
G19 FF 60303 151400  780 754  792    -4173088    -73         805    -21    3 101   84   +2   78  +11   78   11   3  0  0 L3P E2
G20 FF 60303 151400  780 236 2166    -3948030   +108         590    +89    8   0  202  -56  119  -40  119  -40   7  0  0 L3P 2D
G22 FF 60303 151400  780 285 1835     -597138    +22         533    -45   10  87  169  +41  147   -1  147   -1   7  0  0 L3P 15
G04 FF 60303 153000  780 205  687    -2488475    -67         401    +33    9 218  229   -7  151  -25  151  -25   8  0  0 L3P 2C
G06 FF 60303 153000  780 687 3316    -4667532   +125         710     +3    3  81   87   -1  123   -5  123   -5   3  0  0 L3P E1
G09 FF 60303 153000  780 264 1083     -378152    -43         474    +77    7  65  182  -28  132  -44  132  -44   6  0  0 L3P 2A
G11 FF 60303 153000  780 450 2784    +5148311   +165         631    +17    3 135  114  -11  141   -3  141   -3   3  0  0 L3P 0C
G12 FF 60303 153000  780 305 3048    +4611736   +118         543    +78    8  66  159  -18  135  -32  135  -32   5  0  0 L3P 46
G17 FF 60303 153000  780 450 1190    -7212757    -18         588    -25    4  44  114  +13  134   +5  134    5   3  0  0 L3P F6
G19 FF 60303 153000  780 703 1015    -4173149    -71         794    -19    4 101   86   +3   80   +7   80    7   3  0  0 L3P C9
G20 FF 60303 153000  780 304 2198    -3947965    +68         636    +48    7   0  160  -34  116   -4  116   -4   6  0  0 L3P 04
G22 FF 60303 153000  780 212 1823     -597122    +10         485    -57    9  87  222  +72  149   +1  149    1   7  0  0 L3P EC
G06 FF 60303 154600  780 690 3525    -4667417   +109         708    -13    5  81   87   +0  122   +8  122    8   4  0  0 L3P F7
G09 FF 60303 154600  780 302 1010     -378232    -91         508    +28   10  65  160  -17  123   -1  123   -1  10  0  0 L3P FD
G11 FF 60303 154600  780 501 2866    +5148475   +155         653     +7    4 135  105   -8  135  +11  135   11   4  0  0 L3P 1B
G12 FF 60303 154600  780 336 2973    +4611796    +77         565    +37    6  66  146  -10  140  -11  140  -11   6  0  0 L3P 35
G17 FF 60303 154600  780 387 1251    -7212777    -20         561    -27    6  44  129  +19  132  -10  132  -10   5  0  0 L3P 2B
G19 FF 60303 154600  780 640 1155    -4173216    -69         777    -17    4 101   90   +5   83   +0   83    0   3  0  0 L3P CB
G20 FF 60303 154600  780 372 2237    -3947903    +53         680    +33    6   0  134  -22  109   -2  109   -2   6  0  0 L3P F2
G22 FF 60303 154600  780 143 1809     -597105    +44         437    -23   13  87  323 +150  155   +6  155    6  10  0  0 L3P 20
G04 FF 60303 160200  780 196  543    -2488665    -96         400     +4   11 219  239  +19  140  -21  140  -21  11  0  0 L3P 36
G06 FF 60303 160200  780 678  126    -4667311   +115         698     -7    4  85   87   +1  124  -13  124  -13   4  0  0 L3P 00
G09 FF 60303 160200  780 332  929     -378326   -148         526    -29    7  66  148  -10  122  +46  122   46   7  0  0 L3P 22
G11 FF 60303 160200  780 550 2959    +5148634   +174         673    +26    3 136   99   -6  133  -12  133  -12   3  0  0 L3P 32
G12 FF 60303 160200  780 353 2888    +4611840    +61         566    +23    8  92  140   -4  148   -2  148   -2   7  0  0 L3P FC
G17 FF 60303 160200  780 322 1303    -7212817    -49         513    -55    6  45  151  +28  136   +6  136    6   6  0  0 L3P FB
G19 FF 60303 160200  780 571 1249    -4173296    -88         753    -36    4 105   96   +8   84   +3   84    3   4  0  0 L3P E5
G20 FF 60303 160200  780 440 2285    -3947846    +57         718    +37    6  23  116  -15  105  +11  105   11   5  0  0 L3P 19
G25 FF 60303 160200  780 132 3181    -4828052     +4         440    +19   15  81  350  -97  122   +8  122    8  12  0  0 L3P 02
G04 FF 60303 161800  780 175  478    -2488764   -117         397    -17    9 219  266  +39  132   -2  132   -2   8  0  0 L3P 3F
G05 FF 60303 161800  780 131 2257    +1555123    +32         411    +17    9  41  354 -166  205  +27  205   27   6  0  0 L3P 26
G06 FF 60303 161800  780 653  304    -4667211   +108         681    -14    3  85   89   +2  125   -3  125   -3   3  0  0 L3P E6
G09 FF 60303 161800  780 349  842     -378427    -81         540    +39    9  66  141   -4  121  -22  121  -22   8  0  0 L3P 04
G11 FF 60303 161800  780 597 3066    +5148790   +158         687    +10    3 136   94   -5  132   +0  132    0   3  0  0 L3P 00
G12 FF 60303 161800  780 356 2797    +4611883    +46         572     +7    7  92  139   +2  159  +10  159   10   7  0  0 L3P 14
G17 FF 60303 161800  780 257 1346    -7212865    -57         458    -64   10  45  185  +45  150  +28  150   28   8  0  0 L3P 4D
G19 FF 60303 161800  780 499 1318    -4173385   -114         714    -62    8 105  106  +12   91  +25   91   25   6  0  0 L3P 30
G20 FF 60303 161800  780 508 2343    -3947781    +46         765    +26    3  23  104  -10   95   +0   95    0   2  0  0 L3P DA
G25 FF 60303 161800  780 164 3124    -4828013    +21         493    +36    9  81  283  -48  105   -9  105   -9   9  0  0 L3P 1B
G04 FF 60303 163400  780 144  421    -2488899   -189         358    -89   26 219  320  +77  149  +50  149   50  23  0  0 L3P 81
G05 FF 60303 163400  780 193 2294    +1555193    +98         467    +83   11  41  244  -78  192  -26  192  -26   9  0  0 L3P 61
G06 FF 60303 163400  780 619  453    -4667108   +120         668     -2    2  85   92   +3  126   -8  126   -8   2  0  0 L3P E1
G09 FF 60303 163400  780 353  752     -378538   -127         543     -7   11  66  140   +1  119   +2  119    2  10  0  0 L3P E8
G11 FF 60303 163400  780 640 3193    +5148944   +157         699    +10    3 136   90   -3  129   -5  129   -5   2  0  0 L3P 15
G12 FF 60303 163400  780 344 2706    +4611925    +14         577    -25    7  92  143   +7  157  +23  157   23   7  0  0 L3P 18
G17 FF 60303 163400  780 192 1383    -7212891     -3         426    -10   11  45  244  +81  143  -36  143  -36   7  0  0 L3P 2F
G19 FF 60303 163400  780 427 1372    -4173471    -80         677    -28    3 105  119  +17   92   -7   92   -7   2  0  0 L3P 0E
G20 FF 60303 163400  780 574 2416    -3947738    +55         789    +36    3  23   96   -7   95  -11   95  -11   2  0  0 L3P 08
G25 FF 60303 163400  780 187 3059    -4828012    +69         509    +84   15  81  250  -23  112  -51  112  -51  12  0  0 L3P 51
G05 FF 60303 165000  780 256 2337    +1555263    +44         522    +29   12  41  187  -44  177  +16  177   16  11  0  0 L3P 48
G06 FF 60303 165000  780 579  580    -4667004    +91         654    -30    4  85   95   +5  125  +17  125   17   3  0  0 L3P FA
G09 FF 60303 165000  780 342  665     -378668   -128         528     -8    8  66  143   +7  124   -4  124   -4   8  0  0 L3P F1
G11 FF 60303 165000  780 677 3350    +5149092   +158         705    +10    4 136   87   -2  129   -1  129   -1   3  0  0 L3P 07
G12 FF 60303 165000  780 319 2621    +4611944     +3         558    -36    6  92  153  +14  171  +21  171   21   6  0  0 L3P 05
G19 FF 60303 165000  780 354 1416    -4173562   -105         637    -53   10 105  139  +25   95  +17   95   17   8  0  0 L3P 41
G20 FF 60303 165000  780 637 2513    -3947700    +29         808    +10    4  23   90   -5   86   -3   86   -3   3  0  0 L3P C6
G25 FF 60303 165000  780 199 2988    -4828008     +0         527    +15   12  81  236   -8  119   +0  119    0   8  0  0 L3P F8
G05 FF 60303 170600  780 318 2387    +1555314    +54         559    +39    6  41  154  -28  174   -8  174   -8   4  0  0 L3P 23
G06 FF 60303 170600  780 534  688    -4666915    +63         626    -58    5  85  101   +6  137  +33  137   33   4  0  0 L3P 17
G09 FF 60303 170600  780 318  587     -378796   -121         515     -1   10  66  153  +14  123  -22  123  -22  10  0  0 L3P 28
G11 FF 60303 170600  780 704 3544    +5149233   +144         704     -4    4 136   86   -1  134   +4  134    4   3  0  0 L3P DE
G12 FF 60303 170600  780 283 2544    +4611955    +26         532    -12    9  92  170  +22  180   -8  180   -8   7  0  0 L3P 0F
G19 FF 60303 170600  780 282 1451    -4173651    -99         598    -47    7 105  170  +40   94   -1   94   -1   7  0  0 L3P 12
G20 FF 60303 170600  780 695 2649    -3947665    +41         825    +22    3  23   86   -3   82  -13   82  -13   2  0  0 L3P F7
G25 FF 60303 170600  780 200 2915    -4828015     +9         534    +24   16  81  235   +6  124   -9  124   -9  12  0  0 L3P 07
G05 FF 60303 172200  780 379 2445    +1555371    +24         603     +9    5  41  132  -19  164  +17  164   17   5  0  0 L3P 11
G06 FF 60303 172200  780 487  783    -4666827    +98         598    -24    7  85  107   +8  141   +1  141    1   6  0  0 L3P FB
G09 FF 60303 172200  780 282  520     -378931   -154         494    -35    9  66  170  +23  119   -1  119   -1   8  0  0 L3P 05
G11 FF 60303 172200  780 715  171    +5149378   +143         707     -5    4 136   85   +0  131   +2  131    2   3  0  0 L3P C6
G12 FF 60303 172200  780 240 2476    +4611959     -4         500    -42    8  92  197  +36  190  +16  190   16   5  0  0 L3P 16
G19 FF 60303 172200  780 212 1479    -4173756   -102         543    -49   13 105  222  +71  105   +3  105    3  11  0  0 L3P 33
G20 FF 60303 172200  780 741 2851    -3947635    +20         836     +1    4  23   84   -2   75   +2   75    2   3  0  0 L3P A1
G25 FF 60303 172200  780 189 2842    -4828038    -14         525     +1   16  81  246  +19  141   -4  141   -4  13  0  0 L3P 1D
G05 FF 60303 173800  780 440 2511    +1555422    +52         639    +37    4  41  116  -13  156  -10  156  -10   4  0  0 L3P 1C
G06 FF 60303 173800  780 438  867    -4666742    +85         567    -37    6  85  117  +11  148   +5  148    5   6  0  0 L3P 19
G09 FF 60303 173800  780 237  467     -379084   -121         456     -1    8  66  200  +40  127  -33  127  -33   8  0  0 L3P 17
G11 FF 60303 173800  780 707  404    +5149518   +146         706     -2    3 136   86   +1  131   -4  131   -4   2  0  0 L3P DB
G12 FF 60303 173800  780 193 2415    +4611961     +3         464    -36    9  92  242  +60  195   -2  195   -2   7  0  0 L3P 05
G13 FF 60303 173800  780 144 1783    -6092624    -45         435     -7   22  18  324 -151  158  +43  158   43  19  0  0 L3P 59
G20 FF 60303 173800  780 765 3142    -3947616    +11         837     -8    3  23   83   +0   75   +7   75    7   2  0  0 L3P B4
G25 FF 60303 173800  780 169 2772    -4828074    -18         503     -3   14  81  274  +38  157   -3  157   -3  12  0  0 L3P 33
G29 FF 60303 173800  780 182 3177    +6094970    +21         448    +24   19 106  258  -87  144  +27  144   27  16  0  0 L3P 77
G05 FF 60303 175400  780 499 2590    +1555468    +53         671    +38    6  41  106   -9  148  -11  148  -11   5  0  0 L3P 32
G06 FF 60303 175400  780 386  942    -4666663    +79         529    -43    4  85  129  +15  155   +4  155    4   4  0  0 L3P 10
G09 FF 60303 175400  780 185  426     -379247   -157         408    -38   15  66  252  +72  142   +8  142    8  13  0  0 L3P 28
G11 FF 60303 175400  780 680  608    +5149650   +134         695    -14    5 136   87   +2  133   +2  133    2   4  0  0 L3P EA
G12 FF 60303 175400  780 143 2361    +4611954     +6         420    -33    7  92  321 +110  208  +10  208   10   5  0  0 L3P 03
G13 FF 60303 175400  780 214 1769    -6092609    +18         487    +57    9  18  222  -73  154   -9  154   -9   8  0  0 L3P 32
G20 FF 60303 175400  780 758 3460    -3947599    +18         835     -1    3  23   83   +1   72   -4   72   -4   2  0  0 L3P C3
G25 FF 60303 175400  780 142 2705    -4828122    -44         470    -29   23  81  324  +70  175  +14  175   14  16  0  0 L3P 49
G29 FF 60303 175400  780 244 3160    +6095015    +25         496    +28   16 106  196  -48  142  +24  142   24  12  0  0 L3P 5B
G05 FF 60303 181000  780 554 2683    +1555503    +30         696    +15    3  42   98   -7  143   -3  143   -3   2  0  0 L3P E4
G06 FF 60303 181000  780 334 1011    -4666576   +105         494    -17    7  86  146  +21  160  -12  160  -12   7  0  0 L3P 39
G09 FF 60303 181000  780 130  397     -379388   -223         379   -103   25  72  354 +152  135  +53  135   53  23  0  0 L3P 63
G11 FF 60303 181000  780 641  772    +5149769   +115         675    -32    4 137   90   +4  138  +13  138   13   4  0  0 L3P 14
G13 FF 60303 181000  780 287 1755    -6092597    +29         537    +68    5  22  169  -42  152  -15  152  -15   4  0  0 L3P 45
G20 FF 60303 181000  780 725  108    -3947603     +2         817    -17    4  25   85   +2   74   +0   74    0   3  0  0 L3P 88
G25 FF 60303 181000  780 108 2643    -4828158    -54         449    -39   22  83  420 +135  181  +15  181   15  15  0  0 L3P 61
G29 FF 60303 181000  780 304 3130    +6095052    +30         539    +34    6 110  160  -29  146   +9  146    9   5  0  0 L3P 06
G05 FF 60303 182600  780 606 2797    +1555531    +38         710    +23    2  42   93   -5  141   -7  141   -7   2  0  0 L3P E6
G06 FF 60303 182600  780 280 1073    -4666488    +48         465    -73   10  86  171  +31  157  +39  157   39   9  0  0 L3P 5A
G07 FF 60303 182600  780 114  722     +209899   +133         353    +37   12  72  400  -69  151   +4  151    4  10  0  0 L3P 06
G11 FF 60303 182600  780 592  901    +5149889   +123         653    -25    2 137   94   +5  145   +6  145    6   2  0  0 L3P FB
G13 FF 60303 182600  780 363 1740    -6092577    +29         595    +68    4  22  137  -26  141  -16  141  -16   4  0  0 L3P 3D
G15 FF 60303 182600  780 131 2070    -1105191    +41         413    +80   16  93  356 -179  201  -21  201  -21  12  0  0 L3P 44
G20 FF 60303 182600  780 679  279    -3947601     +8         800    -12    3  25   87   +3   75   +1   75    1   2  0  0 L3P 9C
G29 FF 60303 182600  780 360 3085    +6095089    +57         580    +61    9 110  138  -18  144  -15  144  -15   7  0  0 L3P 54
G05 FF 60303 184200  780 650 2939    +1555564    +22         728     +7    5  42   89   -3  136   +3  136    3   4  0  0 L3P D4
G06 FF 60303 184200  780 225 1130    -4666418   +128         419     +6   11  86  210  +50  169  -40  169  -40   8  0  0 L3P 42
G07 FF 60303 184200  780 130  658     +210045   +121         407    +25   18  72  354  -32  120  -13  120  -13  16  0  0 L3P 1C
G11 FF 60303 184200  780 537 1004    +5150009   +114         631    -33    4 137  100   +8  146   +9  146    9   4  0  0 L3P F9
G13 FF 60303 184200  780 441 1722    -6092569     -9         639    +30    5  22  116  -17  138  +10  138   10   5  0  0 L3P 0D
G15 FF 60303 184200  780 198 2085    -1105144     +6         496    +45   16  93  239  -81  176   +4  176    4  13  0  0 L3P 22
G20 FF 60303 184200  780 628  404    -3947601     -1         782    -20    3  25   91   +4   78   +5   78    5   2  0  0 L3P 97
G29 FF 60303 184200  780 409 3020    +6095126    +21         621    +24    4 110  123  -12  137   +5  137    5   3  0  0 L3P F3
G05 FF 60303 185800  780 685 3117    +1555590    +35         740    +20    3  42   87   -2  134   -8  134   -8   3  0  0 L3P EF
G07 FF 60303 185800  780 137  593     +210099    +81         370    -14   11  72  335   -7  159  +14  159   14   9  0  0 L3P 0C
G11 FF 60303 185800  780 479 1088    +5150130    +96         611    -52    5 137  109  +11  143  +19  143   19   4  0  0 L3P 34
G13 FF 60303 185800  780 521 1694    -6092565     -7         680    +32    3  22  103  -12  135   +2  135    2   3  0  0 L3P E2
G15 FF 60303 185800  780 267 2106    -1105132     +1         546    +40    6  93  180  -46  175   -4  175   -4   4  0  0 L3P F7
G20 FF 60303 185800  780 575  503    -3947600    -20         764    -39    3  25   96   +6   78  +15   78   15   2  0  0 L3P E2
G29 FF 60303 185800  780 447 2936    +6095151     +8         649    +11    3 110  115   -7  132   +6  132    6   3  0  0 L3P F0
G05 FF 60303 191400  780 704 3331    +1555607    +27         743    +12    3  42   86   -1  132  -13  132  -13   3  0  0 L3P F4
G07 FF 60303 191400  780 135  529     +210204   +157         382    +61   13  72  340  +17  144  -72  144  -72  12  0  0 L3P 2F
G11 FF 60303 191400  780 418 1158    +5150242   +113         580    -34    5 137  121  +15  142   +4  142    4   5  0  0 L3P 04
G13 FF 60303 191400  780 600 1649    -6092566     -6         716    +33    3  22   93   -8  127   -5  127   -5   3  0  0 L3P DE
G15 FF 60303 191400  780 338 2131    -1105128    +33         587    +72    6  93  145  -28  174  -23  174  -23   4  0  0 L3P 32
G20 FF 60303 191400  780 521  587    -3947612     -1         734    -21    4  25  102   +8   81   -8   81   -8   3  0  0 L3P B3
G29 FF 60303 191400  780 470 2833    +6095158     +3         659     +6    6 110  110   -3  138   +7  138    7   6  0  0 L3P E3
G30 FF 60303 191400  780 209  838    +4533193    -96         467    -52   16  65  226  -23  125  +61  125   61  13  0  0 L3P 40
G05 FF 60303 193000  780 704 3560    +1555614     +9         735     -5    4  42   86   +0  132   -4  132   -4   2  0  0 L3P B6
G07 FF 60303 193000  780 123  468     +210305   +157         392    +61   24  72  370  +47  126  -64  126  -64  23  0  0 L3P 3B
G11 FF 60303 193000  780 356 1218    +5150339    +72         536    -76    7 137  139  +22  150  +27  150   27   6  0  0 L3P 34
G13 FF 60303 193000  780 676 1564    -6092576    -10         743    +29    3  22   88   -5  120   -9  120   -9   2  0  0 L3P F0
G15 FF 60303 193000  780 412 2163    -1105115     -8         637    +30    4  93  123  -19  164   +4  164    4   4  0  0 L3P DB
G18 FF 60303 193000  780 155 3097    +5157035    +99         433     +2   11 105  302 -117  140  +44  140   44   9  0  0 L3P 3B
G20 FF 60303 193000  780 468  662    -3947632    -29         695    -48    3  25  111  +10   84   -2   84   -2   2  0  0 L3P E1
G29 FF 60303 193000  780 474 2719    +6095151     -4         655     -1    3 110  110   +1  146   +4  146    4   2  0  0 L3P CA
G30 FF 60303 193000  780 225  766    +4533170    -14         487    +30   11  65  210  -11  114  -36  114  -36  13  0  0 L3P 29
G05 FF 60303 194600  780 687  172    +1555617     +8         724     -7    4  42   87   +2  131   -5  131   -5   3  0  0 L3P B9
G07 FF 60303 194600  780 103  411     +210380    +60         375    -36   24  72  440 +104  127   -1  127   -1  19  0  0 L3P 02
G11 FF 60303 194600  780 292 1269    +5150438    +73         493    -75    8 137  165  +34  151  +30  151   30   8  0  0 L3P 3D
G13 FF 60303 194600  780 739 1392    -6092592    -29         765    +10    2  22   84   -2  116   +2  116    2   1  0  0 L3P DC
G15 FF 60303 194600  780 486 2202    -1105106    -10         683    +29    4  93  108  -13  153   +5  153    5   4  0  0 L3P F4
G18 FF 60303 194600  780 216 3116    +5157159    +90         463     -8   10 105  220  -63  153  +42  153   42   8  0  0 L3P 32
G20 FF 60303 194600  780 415  731    -3947642    +13         666     -6    7  25  122  +13   78  -31   78  -31   6  0  0 L3P F4
G29 FF 60303 194600  780 460 2607    +6095146     -4         653     -1    3 110  112   +5  148   -6  148   -6   3  0  0 L3P E8
G30 FF 60303 194600  780 231  692    +4533133    -45         493     +0   21  65  205   -1  110   +0  110    0  19  0  0 L3P C9
G05 FF 60303 200200  780 656  351    +1555611     -1         708    -16    3  43   89   +3  133   +0  133    0   1  0  0 L3P 97
G11 FF 60303 200200  780 229 1314    +5150542    +79         457    -69   12 138  207  +56  154  +26  154   26  10  0  0 L3P 4F
G13 FF 60303 200200  780 768 1079    -6092620    -31         775     +8    2  55   83   +0  111   -8  111   -8   2  0  0 L3P CC
G15 FF 60303 200200  780 561 2251    -1105113     -4         710    +34    4 100   98   -9  149   -6  149   -6   3  0  0 L3P D2
G18 FF 60303 200200  780 280 3128    +5157310   +170         522    +72   16 106  173  -38  137  -29  137  -29  14  0  0 L3P 6F
G20 FF 60303 200200  780 362  796    -3947668     +4         621    -15    3  59  136  +18   88   -7   88   -7   3  0  0 L3P E1
G29 FF 60303 200200  780 428 2505    +6095123    -26         632    -22    7 111  119   +9  157   +0  157    0   6  0  0 L3P F0
G30 FF 60303 200200  780 227  620    +4533078    +19         482    +63   12  66  208   +9  117  -71  117  -71  11  0  0 L3P 22
G05 FF 60303 201800  780 617  496    +1555614    +16         697     +1    5  43   92   +4  126  -17  126  -17   3  0  0 L3P ED
G13 FF 60303 201800  780 744  759    -6092667    -50         765    -12    3  55   84   +2  110   -4  110   -4   3  0  0 L3P D4
G15 FF 60303 201800  780 636 2318    -1105124    -23         736    +15    3 100   90   -6  146   +5  146    5   3  0  0 L3P D7
G18 FF 60303 201800  780 345 3130    +5157447   +136         565    +39    5 106  143  -25  130   +2  130    2   4  0  0 L3P 0F
G20 FF 60303 201800  780 309  857    -3947677     -3         594    -23    9  59  157  +25   85  -10   85  -10   8  0  0 L3P 0A
G23 FF 60303 201800  780 128 2799    -1227490    -24         423    +48   18 151  361 -135  197  -29  197  -29  13  0  0 L3P 92
G29 FF 60303 201800  780 384 2419    +6095091    -43         603    -40    4 111  130  +14  163  +18  163   18   3  0  0 L3P 28
G30 FF 60303 201800  780 211  552    +4533032   -159         479   -115   13  66  223  +22  107  +93  107   93  12  0  0 L3P 4A
G05 FF 60303 203400  780 572  616    +1555599    -14         668    -28    5  43   96   +5  128   +3  128    3   3  0  0 L3P DA
G13 FF 60303 203400  780 686  586    -6092725    -70         745    -31    4  55   87   +4  104   -3  104   -3   3  0  0 L3P DB
G15 FF 60303 203400  780 709 2418    -1105136    -23         761    +16    3 100   86   -4  136   -6  136   -6   2  0  0 L3P EA
G18 FF 60303 203400  780 413 3121    +5157586   +133         609    +35    6 106  123  -17  128   +6  128    6   5  0  0 L3P 1C
G20 FF 60303 203400  780 257  914    -3947686    +11         566     -8   12  59  185  +36   76  -39   76  -39  12  0  0 L3P 31
G23 FF 60303 203400  780 177 2849    -1227533    -54         448    +18   11 151  265  -74  186   -4  186   -4   8  0  0 L3P 45
G24 FF 60303 203400  780 180 1734    +4009485   +141         438    +64    9   1  261  -95  167  -16  167  -16   7  0  0 L3P 3B
G29 FF 60303 203400  780 332 2347    +6095058    -49         574    -46   10 111  147  +22  170  +19  170   19   7  0  0 L3P 4B
G30 FF 60303 203400  780 185  491    +4532970    +25         459    +69   17  66  252  +41  109  -90  109  -90  16  0  0 L3P 50
G05 FF 60303 205000  780 523  718    +1555592    +22         647     +8    5  43  102   +7  126  -34  126  -34   5  0  0 L3P F1
G13 FF 60303 205000  780 615  509    -6092805    -78         701    -40    4  55   92   +7  106   -8  106   -8   4  0  0 L3P D9
G15 FF 60303 205000  780 775 2600    -1105163    -27         771    +12    3 100   83   -2  133   -8  133   -8   2  0  0 L3P DE
G18 FF 60303 205000  780 480 3094    +5157714   +148         644    +50    6 106  109  -12  132   -6  132   -6   4  0  0 L3P 25
G20 FF 60303 205000  780 205  969    -3947731    -28         503    -48   10  59  229  +57  103  +21  103   21  12  0  0 L3P 2B
G23 FF 60303 205000  780 227 2899    -1227558    -38         491    +34    9 151  209  -46  161  -13  161  -13   7  0  0 L3P 4E
G24 FF 60303 205000  780 248 1712    +4009605   +115         483    +38   11   1  193  -52  172   +6  172    6  11  0  0 L3P 0E
G29 FF 60303 205000  780 275 2287    +6095010    -32         529    -29   10 111  174  +35  183   +1  183    1   8  0  0 L3P 1A
G30 FF 60303 205000  780 150  438    +4532908    -99         439    -54   22  66  308  +78  109  +28  109   28  20  0  0 L3P 45
G05 FF 60303 210600  780 473  806    +1555576    -15         616    -30    6  43  110   +9  127   +1  127    1   6  0  0 L3P CE
G13 FF 60303 210600  780 542  479    -6092875    -46         669     -8    4  55  100   +9  109  -12  109  -12   3  0  0 L3P 06
G15 FF 60303 210600  780 818 3000    -1105195    -39         776     -1    3 100   82   +0  124   -5  124   -5   2  0  0 L3P CB
G18 FF 60303 210600  780 545 3043    +5157854   +134         690    +36    4 106   99   -8  123   -1  123   -1   4  0  0 L3P 09
G23 FF 60303 210600  780 280 2949    -1227585    -53         534    +18   10 151  172  -31  142   +8  142    8   9  0  0 L3P 22
G24 FF 60303 210600  780 320 1688    +4009737   +133         541    +55    6   1  153  -32  160   -5  160   -5   5  0  0 L3P FB
G29 FF 60303 210600  780 216 2235    +6094963    -17         486    -14   10 111  218  +58  191  -18  191  -18   7  0  0 L3P 5F
G30 FF 60303 210600  780 108  394    +4532830    -79         405    -35   18  66  420 +169  110  -14  110  -14  19  0  0 L3P 49
G05 FF 60303 212200  780 421  885    +1555554    -12         581    -27    5  43  120  +13  131   -6  131   -6   4  0  0 L3P E4
G13 FF 60303 212200  780 470  473    -6092950    -94         631    -55    6  55  110  +13  109   +5  109    5   6  0  0 L3P E8
G15 FF 60303 212200  780 803 3526    -1105246    -58         762    -20    3 100   82   +1  126   +0  126    0   3  0  0 L3P C7
G18 FF 60303 212200  780 602 2953    +5157978   +133         720    +35    3 106   93   -5  122   -7  122   -7   2  0  0 L3P 07
G23 FF 60303 212200  780 335 2998    -1227624    -33         564    +38    7 151  147  -22  141  -10  141  -10   6  0  0 L3P 36
G24 FF 60303 212200  780 393 1660    +4009863   +133         593    +56    5   1  128  -21  155  -10  155  -10   5  0  0 L3P 20
G29 FF 60303 212200  780 157 2189    +6094919    -76         445    -73   14 111  294 +106  186  +20  186   20  12  0  0 L3P 78
G05 FF 60303 213800  780 368  955    +1555533     +1         545    -14    5  43  135  +17  136  -23  136  -23   4  0  0 L3P 0A
G13 FF 60303 213800  780 400  481    -6093033   -102         584    -64    4  55  125  +19  109  +11  109   11   3  0  0 L3P 0E
G15 FF 60303 213800  780 749  199    -1105301    -71         744    -33    4 100   84   +2  125  +10  125   10   3  0  0 L3P E5
G18 FF 60303 213800  780 644 2812    +5158086   +108         735    +11    3 106   90   -2  123   +1  123    1   3  0  0 L3P E9
G23 FF 60303 213800  780 392 3047    -1227657    -22         599    +50    6 151  128  -17  136  -12  136  -12   5  0  0 L3P 45
G24 FF 60303 213800  780 468 1623    +4009984   +120         640    +43    6   1  111  -14  148   -7  148   -7   5  0  0 L3P 09
G29 FF 60303 213800  780 101 2147    +6094849    -25         378    -21   13 111  450 +240  198  -30  198  -30  11  0  0 L3P 76
G05 FF 60303 215400  780 314 1019    +1555506    -23         504    -38   12  43  155  +25  150  +11  150   11  11  0  0 L3P 1E
G10 FF 60303 215400  780 116 2969     +667927   +117         396   +102   19  32  397 -174  172  -58  172  -58  14  0  0 L3P 98
G13 FF 60303 215400  780 333  499    -6093113    -79         542    -40    9  55  147  +26  102   -4  102   -4   9  0  0 L3P FC
G15 FF 60303 215400  780 685  339    -1105363    -67         719    -28    3 100   87   +4  125   +5  125    5   2  0  0 L3P DC
G18 FF 60303 215400  780 660 2624    +5158182    +95         736     -2    3 106   89   +0  129   +5  129    5   2  0  0 L3P E2
G23 FF 60303 215400  780 452 3095    -1227688    -27         637    +45    5 151  114  -13  131   -9  131   -9   4  0  0 L3P 20
G24 FF 60303 215400  780 542 1568    +4010092   +121         674    +44    3   1  100   -9  146  -13  146  -13   3  0  0 L3P 02
G05 FF 60303 221000  780 259 1078    +1555477    -44         460    -59   11  44  184  +37  161  +23  161   23  10  0  0 L3P 40
G10 FF 60303 221000  780 169 3008     +667972   +107         426    +92   14  35  277  -88  164  -59  164  -59  10  0  0 L3P 6A
G13 FF 60303 221000  780 269  523    -6093230   -159         463   -121   16  56  178  +39  134  +65  134   65  16  0  0 L3P 60
G15 FF 60303 221000  780 620  433    -1105430    -50         686    -11    3 181   91   +6  128  -16  128  -16   2  0  0 L3P F2
G18 FF 60303 221000  780 644 2433    +5158268    +88         729    -10    3 107   90   +2  137   +7  137    7   3  0  0 L3P F1
G23 FF 60303 221000  780 515 3144    -1227727    -46         663    +26    3 152  103  -10  124   +3  124    3   3  0  0 L3P EF
G24 FF 60303 221000  780 611 1482    +4010204    +98         710    +21    2   3   92   -6  135   -2  135   -2   2  0  0 L3P AC
G05 FF 60303 222600  780 204 1131    +1555448    +19         417     +4   15  44  230  +61  184  -20  184  -20  12  0  0 L3P 25
G10 FF 60303 222600  780 224 3044     +668051    +57         491    +43   18  35  211  -52  130   +0  130    0  15  0  0 L3P EB
G13 FF 60303 222600  780 208  553    -6093307   -110         423    -71   10  56  226  +63  133  +28  133   28  10  0  0 L3P 32
G15 FF 60303 222600  780 556  507    -1105499    -78         655    -39    5 181   98   +8  126   +6  126    6   4  0  0 L3P FA
G18 FF 60303 222600  780 600 2282    +5158351    +71         719    -27    3 107   93   +5  140  +10  140   10   2  0  0 L3P F7
G23 FF 60303 222600  780 581 3193    -1227766    -50         693    +21    3 152   95   -7  122   +7  122    7   2  0  0 L3P EC
G24 FF 60303 222600  780 668 1343    +4010299   +104         731    +26    3   3   88   -3  130  -16  130  -16   3  0  0 L3P F9
G10 FF 60303 224200  780 283 3076     +668094    +63         520    +49   12  35  171  -34  135  -18  135  -18   9  0  0 L3P 33
G13 FF 60303 224200  780 150  587    -6093401    -43         367     -4   12  56  308 +114  164   -8  164   -8   9  0  0 L3P 11
G15 FF 60303 224200  780 494  573    -1105562    -67         628    -29    4 181  106  +10  121   -5  121   -5   4  0  0 L3P 01
G18 FF 60303 224200  780 540 2178    +5158420    +76         693    -22    5 107  100   +9  145   +0  145    0   4  0  0 L3P EF
G23 FF 60303 224200  780 651 3245    -1227808    -46         719    +26    3 152   89   -5  123   +3  123    3   2  0  0 L3P E7
G24 FF 60303 224200  780 700 1133    +4010379    +81         737     +3    4   3   86   -1  128   -5  128   -5   3  0  0 L3P B2
G32 FF 60303 224200  780 115 2568    +5997282    +51         427    +17   11  55  398 -171  200  +18  200   18   7  0  0 L3P 4C
G10 FF 60303 225800  780 344 3105     +668153    +69         564    +54    7  35  143  -24  128   -9  128   -9   8  0  0 L3P 0C
G15 FF 60303 225800  780 435  633    -1105641    -67         586    -28    4 181  117  +13  130   +0  130    0   3  0  0 L3P EB
G18 FF 60303 225800  780 471 2107    +5158475    +38         655    -60    3 107  110  +13  155  +27  155   27   3  0  0 L3P 36
G23 FF 60303 225800  780 722 3307    -1227857    -52         739    +20    2 152   85   -4  129   +4  129    4   2  0  0 L3P F1
G24 FF 60303 225800  780 695  896    +4010450    +67         734    -11    4   3   86   +1  126   +0  126    0   3  0  0 L3P AE
G32 FF 60303 225800  780 165 2619    +5997352    +54         465    +20   14  55  282  -85  193   +0  193    0  11  0  0 L3P 30
G10 FF 60303 231400  780 409 3127     +668221    +58         619    +43    4  35  124  -17  125  +10  125   10   4  0  0 L3P F9
G15 FF 60303 231400  780 377  690    -1105711    -80         553    -41    4 181  132  +17  142  +31  142   31   4  0  0 L3P 0A
G18 FF 60303 231400  780 399 2057    +5158529    +57         615    -41    6 107  126  +20  169  +21  169   21   6  0  0 L3P 41
G23 FF 60303 231400  780 796 3405    -1227908    -70         757     +2    3 152   82   -2  132  +16  132   16   3  0  0 L3P F8
G24 FF 60303 231400  780 655  714    +4010510    +51         719    -26    5   3   89   +4  129   +9  129    9   5  0  0 L3P B8
G32 FF 60303 231400  780 215 2672    +5997428    +91         508    +57    8  55  220  -50  173  -29  173  -29   7  0  0 L3P 4A
G10 FF 60303 233000  780 476 3141     +668287    +48         670    +33    5  35  110  -13  126  +17  126   17   4  0  0 L3P 06
G15 FF 60303 233000  780 321  745    -1105792    -59         509    -20    7 181  151  +24  179  +15  179   15   7  0  0 L3P 28
G18 FF 60303 233000  780 326 2019    +5158562    +49         554    -48    9 107  149  +30  211  +37  211   37   6  0  0 L3P 39
G23 FF 60303 233000  780 865  192    -1227972    -75         762     -3    2 152   81   +0  142  +14  142   14   1  0  0 L3P DE
G24 FF 60303 233000  780 596  605    +4010553    +48         688    -29    5   3   94   +6  142   +7  142    7   4  0  0 L3P BD
G32 FF 60303 233000  780 265 2727    +5997497   +103         544    +69    7  55  181  -33  165  -30  165  -30   5  0  0 L3P 57
G10 FF 60303 234600  780 547 3144     +668332    +50         701    +35    5  35   99   -9  140   +7  140    7   5  0  0 L3P C8
G12 FF 60303 234600  780 221 1264    +4612833    +77         470    +39   18  11  214  -51  266  -41  266  -41  16  0  0 L3P 4E
G15 FF 60303 234600  780 267  798    -1105869    -31         469     +8    8 181  179  +34  214   -7  214   -7   7  0  0 L3P 1D
G18 FF 60303 234600  780 255 1988    +5158620    +58         518    -39   11 107  187  +49  239  +37  239   37   9  0  0 L3P 76
G23 FF 60303 234600  780 836 1268    -1228050    -73         753     -2    2 152   81   +1  159  +10  159   10   1  0  0 L3P F2
G24 FF 60303 234600  780 528  546    +4010603    +57         664    -21    3   3  101  +10  151   +9  151    9   3  0  0 L3P C2
G32 FF 60303 234600  780 315 2785    +5997560    +47         574    +13    9  55  154  -23  172  +24  172   24   7  0  0 L3P 3A
