CGGTTS     GENERIC DATA FORMAT VERSION = 2E
REV DATE = 2023-12-15                    
RCVR = TRIMBLE NETR9 5049K72188      R2CGGTTS v8.6    
CH = 12 
IMS = TRIMBLE NETR9 5049K72188      
LAB = CEPNT                         
X = -2154293.56 m 
Y = +4373452.74 m 
Z = +4098891.74 m 
FRAME = ITRF
COMMENTS = C1P1bias: NO                            
TOT DLY =    0.0 ns (GPS C1),    0.0 ns (GPS P2)     CAL_ID = Unknown             
REF = ITRF10                        
CKSUM = 4A

SAT CL  MJD  STTIME TRKL ELV AZTH   REFSV      SRSV     REFSYS    SRSYS  DSG IOE MDTR SMDT MDIO SMDI MSIO SMSI ISG FR HC FRC CK
             hhmmss  s  .1dg .1dg    .1ns     .1ps/s     .1ns    .1ps/s .1ns     .1ns.1ps/s.1ns.1ps/s.1ns.1ps/s.1ns
G10 FF 60303 000600  780 618 3127     +667005    +50         627    +35    2  20   92   -6  154  +15  154   15   2  0  0 L3P D4
G12 FF 60303 000600  780 274 1205    +4609437    +65         420    +25    9  15  176  -31  273  -15  273  -15   8  0  0 L3P 29
G15 FF 60303 000600  780 216  850    -1102718    -65         353    -27   13  33  218  +51  299  +53  299   53  12  0  0 L3P 35
G18 FF 60303 000600  780 187 1960    +5150159    +24         369    -74    9  95  250  +88  311  +74  311   74   8  0  0 L3P 38
G23 FF 60303 000600  780 759 1435    -1222090    -90         651    -19    4 141   83   +3  188  +20  188   20   3  0  0 L3P 07
G24 FF 60303 000600  780 459  519    +4003858    +23         556    -55    6  19  112  +14  185  +35  185   35   6  0  0 L3P 19
G25 FF 60303 000600  780 171 1572    -4827284    +13         379    +28   11  49  274  -99  321   -5  321   -5  11  0  0 L3P 36
G32 FF 60303 000600  780 366 2845    +5994627    +63         533    +28    9  26  136  -17  172  +20  172   20   7  0  0 L3P 2D
G10 FF 60303 002200  780 690 3071     +667052    +59         660    +44    2  20   87   -4  164   -6  164   -6   2  0  0 L3P CB
G12 FF 60303 002200  780 322 1137    +4609509    +85         453    +45   15  15  152  -20  274  -22  274  -22  13  0  0 L3P 3E
G18 FF 60303 002200  780 121 1933    +5150217    +25         334    -73   15  95  378 +195  362  +95  362   95  12  0  0 L3P 61
G21 FF 60303 002200  780 100 3211    -1405047    +42         354    +31   13  85  451 -125  165  +51  165   51  11  0  0 L3P 2B
G23 FF 60303 002200  780 678 1501    -1222179    -96         630    -26    4 141   87   +5  206  +17  206   17   4  0  0 L3P 09
G24 FF 60303 002200  780 389  510    +4003883     -7         505    -85    7  19  128  +20  221  +86  221   86   8  0  0 L3P 00
G25 FF 60303 002200  780 235 1536    -4827257    +21         420    +35   12  49  203  -55  291  -12  291  -12  11  0  0 L3P 3E
G28 FF 60303 002200  780 142 2254     +791772   +175         385    +71   16 156  328 -143  303  -34  303  -34  12  0  0 L3P 72
G32 FF 60303 002200  780 417 2909    +5994689    +65         562    +31    7  26  122  -13  183   +6  183    6   6  0  0 L3P 0F
G10 FF 60303 003800  780 754 2926     +667078    +38         672    +24    2  20   84   -2  182   +7  182    7   2  0  0 L3P CF
G12 FF 60303 003800  780 364 1058    +4609571    +71         477    +31    9  15  136  -12  273  -11  273  -11   8  0  0 L3P 2C
G23 FF 60303 003800  780 596 1542    -1222281   -104         595    -33    4 141   94   +8  230  +24  230   24   3  0  0 L3P 12
G24 FF 60303 003800  780 322  514    +4003900    +26         447    -52    6  19  151  +29  271  +76  271   76   5  0  0 L3P 0B
G25 FF 60303 003800  780 300 1496    -4827203    +44         487    +58   10  49  162  -34  262  -24  262  -24   8  0  0 L3P 48
G28 FF 60303 003800  780 205 2290     +791907   +136         419    +32    9 156  231  -70  299  -13  299  -13   6  0  0 L3P 54
G32 FF 60303 003800  780 469 2976    +5994752    +59         593    +25    6  26  111  -10  191  +13  191   13   5  0  0 L3P 35
G10 FF 60303 005400  780 791 2595     +667102     +4         681    -11    3  20   82   +0  193  +18  193   18   3  0  0 L3P CF
G12 FF 60303 005400  780 394  968    +4609628    +50         496    +10    6  15  127   -7  284   +8  284    8   8  0  0 L3P F6
G21 FF 60303 005400  780 140 3096    -1404958   +111         421   +100   26  85  330  -24  225  -16  225  -16  24  0  0 L3P 5B
G23 FF 60303 005400  780 515 1572    -1222388   -118         556    -48    3 141  103  +12  257  +35  257   35   3  0  0 L3P 41
G24 FF 60303 005400  780 256  527    +4003908     +8         380    -71   21  19  186  +44  341  +90  341   90  18  0  0 L3P 22
G25 FF 60303 005400  780 366 1448    -4827169    +33         536    +48    5  49  136  -22  259   +8  259    8   5  0  0 L3P 22
G28 FF 60303 005400  780 267 2333     +792069   +137         481    +32    8 156  180  -40  275   +0  275    0   6  0  0 L3P 14
G32 FF 60303 005400  780 522 3049    +5994812    +62         619    +27    5  26  102   -8  202   +4  202    4   5  0  0 L3P E1
G10 FF 60303 011000  780 768 2207     +667104     -1         669    -16    2  20   83   +2  209  +17  209   17   2  0  0 L3P C9
G12 FF 60303 011000  780 411  868    +4609678    +29         508    -11    7  15  123   -2  293  +32  293   32   6  0  0 L3P FC
G21 FF 60303 011000  780 145 3033    -1404923     -7         444    -18   10  85  318   -1  252  +50  252   50  10  0  0 L3P FF
G23 FF 60303 011000  780 435 1596    -1222495   -133         517    -63    6 141  117  +18  284  +47  284   47   5  0  0 L3P 4D
G24 FF 60303 011000  780 194  547    +4003950    +23         346    -55    7  19  241  +74  410  +87  410   87   6  0  0 L3P 0E
G25 FF 60303 011000  780 431 1388    -4827147    +15         572    +30    8  49  119  -14  263   +0  263    0   8  0  0 L3P F8
G28 FF 60303 011000  780 329 2382     +792219   +112         531     +8   11 156  149  -26  269  +37  269   37  10  0  0 L3P 4D
G32 FF 60303 011000  780 575 3130    +5994865    +58         640    +24    3  26   96   -6  209   +6  209    6   3  0  0 L3P E5
G02 FF 60303 012600  780 110 3088    +5108212    -14         378    +41   22  43  413   -9  290   -8  290   -8  15  0  0 L3P 0E
G10 FF 60303 012600  780 705 2009     +667105     +2         656    -13    3  20   86   +4  226  +17  226   17   2  0  0 L3P C4
G12 FF 60303 012600  780 411  767    +4609716    +74         507    +34    7  15  123   +2  298  -25  298  -25   6  0  0 L3P 17
G21 FF 60303 012600  780 141 2969    -1404927    -35         430    -47   16  85  327  +20  283  +46  283   46  12  0  0 L3P 4E
G23 FF 60303 012600  780 356 1615    -1222612   -107         467    -36    6 141  138  +27  336  +54  336   54   5  0  0 L3P 45
G24 FF 60303 012600  780 135  573    +4003967     +3         288    -76   17  19  341 +143  505 +102  505  102  16  0  0 L3P 4F
G25 FF 60303 012600  780 490 1309    -4827122    +26         611    +40    9  49  107   -9  261   -5  261   -5   8  0  0 L3P FA
G28 FF 60303 012600  780 391 2439     +792354   +166         565    +61    3 156  128  -18  271  -16  271  -16   2  0  0 L3P 50
G31 FF 60303 012600  780 142 2372    +2268900    +50         339    +46   11  16  328 -136  407   +5  407    5   8  0  0 L3P 19
G32 FF 60303 012600  780 629 3224    +5994916    +71         659    +37    3  26   91   -5  215   -2  215   -2   2  0  0 L3P F0
G02 FF 60303 014200  780 107 3025    +5108160    -75         378    -21   15  43  422  +27  316  +54  316   54  12  0  0 L3P 30
G10 FF 60303 014200  780 628 1922     +667094    -20         631    -35    2  20   91   +7  252  +33  252   33   2  0  0 L3P D7
G12 FF 60303 014200  780 395  671    +4609739    +16         492    -23    6  15  127   +7  308  +19  308   19   5  0  0 L3P 0C
G23 FF 60303 014200  780 280 1629    -1222731   -118         416    -47    9 141  171  +43  400  +60  400   60   8  0  0 L3P 2F
G25 FF 60303 014200  780 540 1205    -4827114     -7         633     +7    6  49  100   -6  256   +7  256    7   5  0  0 L3P C5
G28 FF 60303 014200  780 452 2506     +792492   +143         603    +38    7 156  114  -12  267   -9  267   -9   5  0  0 L3P 2C
G31 FF 60303 014200  780 201 2416    +2268953    +47         389    +44    6  16  235  -68  410  +11  410   11   5  0  0 L3P 13
G32 FF 60303 014200  780 682 3344    +5994965    +48         674    +14    4  26   87   -3  224   +4  224    4   3  0  0 L3P EA
G10 FF 60303 015800  780 547 1879     +667074    -35         596    -50    4  20   99  +10  291  +50  291   50   3  0  0 L3P 0D
G12 FF 60303 015800  780 363  588    +4609750    -16         465    -56    7  15  136  +13  342  +56  342   56   6  0  0 L3P 23
G21 FF 60303 015800  780 106 2843    -1404946    -30         388    -41   30  85  425  +95  357  +52  357   52  22  0  0 L3P 53
G23 FF 60303 015800  780 206 1639    -1222853   -108         362    -38   10 141  228  +78  465  +63  465   63   9  0  0 L3P 69
G25 FF 60303 015800  780 572 1072    -4827113     -9         648     +6    5  49   96   -2  259   +6  259    6   3  0  0 L3P D4
G28 FF 60303 015800  780 510 2583     +792622   +125         633    +20    5 156  104   -9  264  +11  264   11   4  0  0 L3P 17
G31 FF 60303 015800  780 260 2466    +2268990    +46         423    +42    6  16  184  -40  411  -16  411  -16   5  0  0 L3P 2B
G32 FF 60303 015800  780 730 3511    +5995003    +41         680     +6    4  26   85   -2  240  +10  240   10   3  0  0 L3P D1
G10 FF 60303 021400  780 465 1855     +667042    -26         549    -41    6  26  111  +15  327  +26  327   26   6  0  0 L3P 0F
G12 FF 60303 021400  780 320  521    +4609768     +6         452    -34   14  16  152  +21  362  +24  362   24  11  0  0 L3P 08
G25 FF 60303 021400  780 581  921    -4827117    -24         660     -9    5  24   95   +0  264  +11  264   11   5  0  0 L3P D5
G28 FF 60303 021400  780 566 2677     +792744   +125         658    +21    4 157   97   -6  261   -2  261   -2   3  0  0 L3P 0C
G31 FF 60303 021400  780 319 2522    +2269042    +66         472    +63    7  28  153  -26  389  -31  389  -31   6  0  0 L3P 3B
G32 FF 60303 021400  780 766  165    +5995047    +22         690    -12    2  27   83   -1  248  +29  248   29   2  0  0 L3P FB
G10 FF 60303 023000  780 384 1839     +667009    -47         502    -62    3  26  130  +23  359  +54  359   54   4  0  0 L3P 14
G12 FF 60303 023000  780 268  470    +4609755    -22         400    -62   11  16  178  +35  406  +86  406   86  11  0  0 L3P 32
G25 FF 60303 023000  780 565  777    -4827139    -46         652    -31    4  24   97   +3  267  +18  267   18   4  0  0 L3P 09
G28 FF 60303 023000  780 617 2792     +792864   +123         677    +18    4 157   92   -4  261   -1  261   -1   3  0  0 L3P 04
G31 FF 60303 023000  780 377 2584    +2269082    +15         509    +12    9  28  132  -18  372  +12  372   12  10  0  0 L3P 28
G32 FF 60303 023000  780 774  507    +5995075    +41         685     +7    3  27   83   +0  259   +4  259    4   3  0  0 L3P C5
G03 FF 60303 024600  780 147 3215     -788702   -236         285    +32   17  74  316 -118  475  +14  475   14  15  0  0 L3P 66
G10 FF 60303 024600  780 306 1827     +666957    -59         436    -73    6  26  158  +37  427  +83  427   83   5  0  0 L3P 37
G12 FF 60303 024600  780 211  434    +4609754    -25         361    -65   14  16  223  +60  444  +71  444   71  16  0  0 L3P 2D
G25 FF 60303 024600  780 527  660    -4827188    -54         617    -39    6  24  102   +6  285   +4  285    4   4  0  0 L3P EF
G26 FF 60303 024600  780 184 2054    -2063578   +130         416    +97   17  45  257  -96  505  -83  505  -83  13  0  0 L3P 7D
G28 FF 60303 024600  780 661 2936     +792977   +111         690     +6    3 157   88   -3  260   +0  260    0   3  0  0 L3P E4
G31 FF 60303 024600  780 434 2654    +2269121    +46         545    +42    5  28  118  -13  358  -21  358  -21   5  0  0 L3P 2E
G32 FF 60303 024600  780 747  815    +5995095    +15         672    -19    3  27   84   +2  271   +8  271    8   2  0  0 L3P E0
G03 FF 60303 030200  780 200 3177     -788906   -212         339    +56   10  74  236  -58  461  -40  461  -40   9  0  0 L3P 45
G10 FF 60303 030200  780 230 1816     +666923    -57         389    -72   11  26  205  +64  495  +93  495   93   9  0  0 L3P 3C
G12 FF 60303 030200  780 151  411    +4609725    +15         294    -24   12  16  306 +120  514  +26  514   26  12  0  0 L3P 24
G25 FF 60303 030200  780 474  577    -4827227    -38         592    -23    4  24  110  +10  291   +6  291    6   3  0  0 L3P EC
G26 FF 60303 030200  780 254 2069    -2063488    +52         475    +19    6  45  189  -51  464  -22  464  -22   5  0  0 L3P 40
G28 FF 60303 030200  780 694 3119     +793086   +105         699     +0    3 157   86   -2  255   -8  255   -8   2  0  0 L3P FE
G31 FF 60303 030200  780 490 2733    +2269148    +41         568    +37    3  28  107   -9  337  -29  337  -29   3  0  0 L3P 2D
G32 FF 60303 030200  780 697 1018    +5995117    +10         662    -24    3  27   86   +3  275   +8  275    8   2  0  0 L3P E5
G03 FF 60303 031800  780 247 3127     -789123   -223         380    +45    8  74  193  -33  430  -36  430  -36   7  0  0 L3P 38
G10 FF 60303 031800  780 158 1804     +666871    -59         322    -74   10  26  294 +129  614 +163  614  163   9  0  0 L3P 69
G25 FF 60303 031800  780 413  523    -4827280    -46         554    -32    6  24  122  +16  297   -7  297   -7   5  0  0 L3P 09
G26 FF 60303 031800  780 327 2089    -2063405    +56         526    +23    7  45  150  -31  432  -25  432  -25   8  0  0 L3P 2D
G28 FF 60303 031800  780 712 3339     +793185   +111         697     +6    2 157   85   +0  249  -16  249  -16   2  0  0 L3P 1F
G29 FF 60303 031800  780 186 1070    +6095035    +31         336    +35   14  21  253  -59  534  -70  534  -70  11  0  0 L3P 4F
G31 FF 60303 031800  780 543 2825    +2269174    +26         591    +22    4  28  100   -7  314   -9  314   -9   4  0  0 L3P F8
G32 FF 60303 031800  780 635 1149    +5995125    +12         637    -22    3  27   90   +5  287   +5  287    5   3  0  0 L3P E8
G03 FF 60303 033400  780 286 3065     -789353   -236         406    +32    8  74  169  -19  408  -19  408  -19   8  0  0 L3P 52
G16 FF 60303 033400  780 125 2089    +3976764    -43         397    +31   13  71  372 -200  624  +29  624   29  10  0  0 L3P 65
G25 FF 60303 033400  780 349  491    -4827335    -43         513    -28    6  24  141  +24  317  +15  317   15   5  0  0 L3P 12
G26 FF 60303 033400  780 401 2115    -2063331   +101         569    +68    4  45  126  -20  380  -66  380  -66   4  0  0 L3P 37
G28 FF 60303 033400  780 711 3572     +793277   +102         689     -3    3 157   85   +1  248   -8  248   -8   2  0  0 L3P FF
G29 FF 60303 033400  780 227 1005    +6095068    +42         373    +46   20  21  209  -35  492  -45  492  -45  19  0  0 L3P 5C
G31 FF 60303 033400  780 594 2933    +2269194    +16         608    +13    3  28   94   -5  295  -11  295  -11   2  0  0 L3P 15
G32 FF 60303 033400  780 568 1240    +5995131     -6         611    -40    5  27   96   +8  295  +16  295   16   5  0  0 L3P FC
G03 FF 60303 035000  780 313 2990     -789584   -225         434    +43   13  74  155  -10  383  -22  383  -22  11  0  0 L3P 54
G16 FF 60303 035000  780 193 2109    +3976759    -10         463    +64   12  71  244  -87  545 -126  545 -126  10  0  0 L3P 88
G25 FF 60303 035000  780 283  474    -4827398    -59         464    -45   10  24  170  +37  348  +25  348   25  11  0  0 L3P 4A
G26 FF 60303 035000  780 477 2147    -2063253    +72         615    +39    3  45  109  -14  329  -40  329  -40   3  0  0 L3P 2F
G28 FF 60303 035000  780 692  185     +793365   +104         676     +0    3 157   86   +2  245  -10  245  -10   2  0  0 L3P F7
G29 FF 60303 035000  780 262  933    +6095084    +39         392    +43   10  21  183  -21  451  -60  451  -60   7  0  0 L3P 2C
G32 FF 60303 035000  780 499 1308    +5995126    -25         572    -59    4  27  106  +11  316  +40  316   40   4  0  0 L3P 25
G03 FF 60303 040600  780 328 2907     -789836   -244         440    +24    6  75  149   -3  382  -36  382  -36   6  0  0 L3P 3B
G04 FF 60303 040600  780 103 3121    -2484494    -24         278    +76   20 212  447 -256  540  -68  540  -68  15  0  0 L3P 80
G16 FF 60303 040600  780 264 2134    +3976724    -37         502    +37    9  80  182  -47  453 -114  453 -114   9  0  0 L3P 63
G25 FF 60303 040600  780 218  470    -4827460    -22         417     -7   17  46  216  +62  380  -13  380  -13  16  0  0 L3P 2E
G26 FF 60303 040600  780 554 2188    -2063182    +77         655    +44    3  47   98  -10  300  -33  300  -33   2  0  0 L3P 1A
G28 FF 60303 040600  780 660  362     +793448    +79         657    -26    4 158   88   +3  249  +13  249   13   4  0  0 L3P 0D
G29 FF 60303 040600  780 287  855    +6095111    -30         421    -26   10  84  168  -11  395   -7  395   -7   9  0  0 L3P 21
G31 FF 60303 040600  780 677 3227    +2269217    +16         631    +13    4  29   87   -2  274  -14  274  -14   5  0  0 L3P 10
G32 FF 60303 040600  780 428 1362    +5995118    -11         530    -45    5  28  119  +17  331  +20  331   20   5  0  0 L3P 13
G03 FF 60303 042200  780 327 2819     -790093   -237         440    +32    9  75  149   +3  386  -16  386  -16   7  0  0 L3P 34
G04 FF 60303 042200  780 164 3133    -2484532    -47         336    +53   13 212  286 -107  481  -55  481  -55   9  0  0 L3P 6D
G16 FF 60303 042200  780 335 2166    +3976716    -28         565    +46    5  80  147  -29  385  -64  385  -64   4  0  0 L3P 57
G25 FF 60303 042200  780 154  476    -4827518    -79         373    -65   15  46  300 +120  425  +81  425   81  11  0  0 L3P 4F
G26 FF 60303 042200  780 631 2242    -2063114    +51         691    +18    5  47   91   -6  277  -13  277  -13   4  0  0 L3P 07
G28 FF 60303 042200  780 619  504     +793532    +99         641     -5    4 158   92   +4  251  -11  251  -11   3  0  0 L3P E7
G29 FF 60303 042200  780 302  773    +6095107     -4         420     -1   11  84  160   -4  381   +6  381    6  10  0  0 L3P C8
G31 FF 60303 042200  780 702 3427    +2269223     -5         633     -9    4  29   86   -1  270   +0  270    0   4  0  0 L3P A7
G32 FF 60303 042200  780 356 1405    +5995105    -24         485    -58    8  28  138  +25  366  +61  366   61   7  0  0 L3P 3B
G03 FF 60303 043800  780 313 2733     -790352   -241         438    +27   10  75  155   +9  396   -4  396   -4   9  0  0 L3P 1E
G04 FF 60303 043800  780 227 3139    -2484562    -64         403    +36   10 212  210  -58  414  -45  414  -45   9  0  0 L3P 53
G16 FF 60303 043800  780 409 2205    +3976685    -14         605    +60    6  80  124  -19  336  -56  336  -56   4  0  0 L3P 46
G26 FF 60303 043800  780 707 2321    -2063067    +53         706    +20    2  47   86   -4  263  -19  263  -19   2  0  0 L3P 0E
G28 FF 60303 043800  780 574  621     +793603    +75         612    -29    4 158   96   +5  261   +4  261    4   3  0  0 L3P D7
G29 FF 60303 043800  780 303  689    +6095110     -6         427     -2    8  84  160   +3  369  -11  369  -11   8  0  0 L3P F7
G31 FF 60303 043800  780 711   55    +2269223     -6         630     -9    5  29   85   +0  271   +6  271    6   4  0  0 L3P 91
G32 FF 60303 043800  780 285 1440    +5995086    -40         432    -74    7  28  169  +39  427  +94  427   94   7  0  0 L3P 4E
G03 FF 60303 045400  780 287 2651     -790616   -281         432    -13    9  75  168  +17  414  +24  414   24   7  0  0 L3P 2F
G04 FF 60303 045400  780 291 3134    -2484613    -75         448    +25    8 212  167  -35  379  -11  379  -11   6  0  0 L3P 53
G16 FF 60303 045400  780 482 2254    +3976668    -41         660    +33    4  80  109  -13  290  -28  290  -28   4  0  0 L3P 42
G26 FF 60303 045400  780 778 2467    -2063030    +32         711     -1    2  47   83   -2  251  -11  251  -11   1  0  0 L3P E3
G28 FF 60303 045400  780 525  721     +793683    +94         591    -11    4 158  102   +7  266  -11  266  -11   4  0  0 L3P 14
G29 FF 60303 045400  780 291  609    +6095104    -54         424    -50   13  84  165  +10  350  +27  350   27  12  0  0 L3P 2E
G31 FF 60303 045400  780 702  282    +2269220    +10         623     +6    4  29   86   +1  268   -9  268   -9   3  0  0 L3P C5
G32 FF 60303 045400  780 215 1469    +5995061    -60         375    -94    9  28  219  +69  519 +145  519  145   8  0  0 L3P 73
G03 FF 60303 051000  780 251 2577     -790911   -315         395    -46    7  75  189  +29  457  +47  457   47   7  0  0 L3P 4C
G04 FF 60303 051000  780 355 3118    -2484665    -90         492    +10    8 212  139  -23  347   -4  347   -4   8  0  0 L3P 24
G16 FF 60303 051000  780 556 2316    +3976626    -46         688    +28    4  80   98   -9  271  -21  271  -21   3  0  0 L3P 24
G26 FF 60303 051000  780 833 2847    -2063001    +40         709     +7    3  47   81   -1  246  -12  246  -12   4  0  0 L3P E9
G28 FF 60303 051000  780 475  807     +793755    +75         563    -30    7 158  110   +9  276  +11  276   11   7  0  0 L3P 0F
G29 FF 60303 051000  780 267  536    +6095068   -145         391   -142   16  84  179  +19  378 +126  378  126  14  0  0 L3P 9F
G31 FF 60303 051000  780 675  479    +2269212    -32         612    -35    6  29   87   +2  272  +10  272   10   6  0  0 L3P E6
G03 FF 60303 052600  780 208 2511     -791200   -316         364    -47   10  75  225  +48  487  +64  487   64   8  0  0 L3P 46
G04 FF 60303 052600  780 418 3085    -2484720    -74         532    +26    5 212  121  -15  318  -18  318  -18   4  0  0 L3P 41
G16 FF 60303 052600  780 628 2400    +3976578    -45         711    +29    2  80   91   -6  250  -27  250  -27   2  0  0 L3P 17
G26 FF 60303 052600  780 824 3515    -2062976    +13         703    -20    3  47   82   +1  236   +6  236    6   3  0  0 L3P D7
G27 FF 60303 052600  780 195 1796     +871775    +86         407    +43   11  48  243  -87  580 -188  580 -188   8  0  0 L3P 8E
G28 FF 60303 052600  780 422  884     +793825    +80         532    -24    5 158  120  +13  295  +16  295   16   4  0  0 L3P 1F
G29 FF 60303 052600  780 231  474    +6095033    -31         360    -28   19  84  205  +34  397  +18  397   18  18  0  0 L3P 4B
G31 FF 60303 052600  780 637  638    +2269195     -3         592     -6    4  29   90   +3  276   +2  276    2   3  0  0 L3P B5
G03 FF 60303 054200  780 162 2452     -791494   -308         327    -40   11  75  287  +84  537  +49  537   49   8  0  0 L3P 56
G04 FF 60303 054200  780 477 3031    -2484777    -60         572    +40    5 212  109  -10  293  -20  293  -20   4  0  0 L3P 39
G09 FF 60303 054200  780 137 3189     -374104    -56         330    +63   13  59  340 -147  508  -66  508  -66  10  0  0 L3P 62
G16 FF 60303 054200  780 696 2523    +3976524    -54         728    +19    4  80   86   -4  233  -29  233  -29   4  0  0 L3P 2A
G26 FF 60303 054200  780 766  207    -2062959    +10         688    -23    4  47   83   +2  237   +6  237    6   3  0  0 L3P D7
G27 FF 60303 054200  780 267 1784     +871867   +111         456    +68    9  48  180  -48  454  -90  454  -90  11  0  0 L3P 69
G28 FF 60303 054200  780 369  954     +793891   +103         497     -2    7 158  134  +17  315  -14  315  -14   6  0  0 L3P 34
G29 FF 60303 054200  780 187  423    +6094981    -86         311    -82   11  84  250  +62  431  +71  431   71  12  0  0 L3P 39
G31 FF 60303 054200  780 592  766    +2269182    -28         575    -32    5  29   94   +5  276  +13  276   13   4  0  0 L3P 04
G03 FF 60303 055800  780 113 2398     -791796   -309         282    -41   11  75  403 +171  605  +74  605   74   8  0  0 L3P 60
G04 FF 60303 055800  780 528 2949    -2484844    -88         601    +12    5 212  102   -6  279   +4  279    4   4  0  0 L3P 16
G09 FF 60303 055800  780 196 3169     -374147    -40         402    +79   19  59  241  -70  425  -87  425  -87  20  0  0 L3P 67
G16 FF 60303 055800  780 753 2726    +3976466    -63         741    +11    4  80   84   -2  220  -16  220  -16   3  0  0 L3P 13
G26 FF 60303 055800  780 700  337    -2062939    +33         676     +0    4  47   86   +4  237  -15  237  -15   2  0  0 L3P F2
G27 FF 60303 055800  780 343 1772     +871960    +93         508    +49    5  48  144  -30  387  -92  387  -92   6  0  0 L3P 4D
G28 FF 60303 055800  780 315 1017     +793954    +53         460    -51   12 158  154  +25  341  +38  341   38  12  0  0 L3P 4C
G29 FF 60303 055800  780 137  384    +6094957    -53         289    -50   27  84  336 +127  437  +30  437   30  26  0  0 L3P 6C
G31 FF 60303 055800  780 541  871    +2269159    -11         550    -15    5  29  100   +7  287   +0  287    0   5  0  0 L3P DB
G04 FF 60303 061400  780 565 2835    -2484922    -88         616    +12    3 213   97   -3  280   -2  280   -2   3  0  0 L3P 00
G09 FF 60303 061400  780 252 3136     -374224   -116         435     +3   10  60  190  -40  387  -15  387  -15   9  0  0 L3P 2E
G16 FF 60303 061400  780 785 3065    +3976404    -82         749     -9    2  81   83   +0  213   +9  213    9   2  0  0 L3P DA
G26 FF 60303 061400  780 634  421    -2062950     +2         638    -31    3  52   90   +5  247   +3  247    3   3  0  0 L3P A9
G27 FF 60303 061400  780 422 1757     +872063   +105         588    +61    4  97  121  -19  321  -43  321  -43   4  0  0 L3P 31
G28 FF 60303 061400  780 260 1075     +794008    +53         413    -52   12 159  183  +37  371  +33  371   33   8  0  0 L3P 35
G31 FF 60303 061400  780 488  959    +2269158    -33         546    -36    5  38  107   +9  283  +15  283   15   4  0  0 L3P 1C
G04 FF 60303 063000  780 581 2693    -2485018   -114         616    -14    4 213   95   +0  275  +18  275   18   4  0  0 L3P 27
G08 FF 60303 063000  780 161 1997    +1587496   +130         376   +111   10  41  291 -127  642 -289  642 -289   7  0  0 L3P B8
G09 FF 60303 063000  780 304 3090     -374291    -88         482    +32    6  60  160  -24  343  -24  343  -24   5  0  0 L3P 19
G16 FF 60303 063000  780 774 3454    +3976321    -95         736    -21    3  81   83   +1  205   +0  205    0   3  0  0 L3P D3
G18 FF 60303 063000  780 121  763    +5152286   +116         241    +18   19  98  378  -77  459  -46  459  -46  14  0  0 L3P 78
G26 FF 60303 063000  780 570  488    -2062942     -7         614    -40    2  52   96   +7  237  +13  237   13   2  0  0 L3P DB
G27 FF 60303 063000  780 502 1736     +872146    +94         629    +51    5  97  105  -13  293  -48  293  -48   4  0  0 L3P 36
G28 FF 60303 063000  780 205 1128     +794072   +112         376     +8   15 159  229  +61  402   -3  402   -3  11  0  0 L3P 1F
G31 FF 60303 063000  780 432 1034    +2269121    -58         506    -61    7  38  118  +13  294  +35  294   35   6  0  0 L3P 20
G04 FF 60303 064600  780 572 2545    -2485115   -110         615    -10    7 213   96   +2  284   +1  284    1   5  0  0 L3P F6
G08 FF 60303 064600  780 232 2007    +1587546    +63         408    +44    9  41  205  -63  489 -110  489 -110   8  0  0 L3P 62
G09 FF 60303 064600  780 349 3029     -374379    -94         509    +25    5  60  141  -15  323  -22  323  -22   5  0  0 L3P 27
G16 FF 60303 064600  780 730  116    +3976231   -108         717    -34    3  81   85   +2  203   -3  203   -3   3  0  0 L3P DC
G18 FF 60303 064600  780 142  696    +5152415    +78         277    -20   15  98  325  -38  407  -10  407  -10  13  0  0 L3P 4C
G26 FF 60303 064600  780 509  548    -2062937    +22         588    -11    8  52  104   +9  243  -10  243  -10   7  0  0 L3P 0E
G27 FF 60303 064600  780 583 1701     +872217    +70         658    +27    5  97   95   -9  262  -23  262  -23   3  0  0 L3P 12
G31 FF 60303 064600  780 376 1100    +2269086    -43         468    -46    6  38  132  +18  312  +25  312   25   6  0  0 L3P 22
G04 FF 60303 070200  780 540 2414    -2485226   -108         600     -8    4 213  100   +5  288   -2  288   -2   3  0  0 L3P F9
G08 FF 60303 070200  780 306 2021    +1587593    +55         437    +36    9  41  159  -37  402  -83  402  -83   7  0  0 L3P 3B
G09 FF 60303 070200  780 383 2952     -374467   -113         536     +6   10  60  130   -8  302   -8  302   -8   9  0  0 L3P F9
G16 FF 60303 070200  780 675  276    +3976134    -98         692    -24    4  81   88   +4  200   -2  200   -2   3  0  0 L3P DD
G18 FF 60303 070200  780 153  627    +5152506    +66         273    -32   16  98  301  -14  380  -15  380  -15  13  0  0 L3P 3D
G26 FF 60303 070200  780 449  604    -2062933     -4         560    -37    5  52  114  +12  242   +2  242    2   5  0  0 L3P C6
G27 FF 60303 070200  780 663 1635     +872272    +61         672    +18    3  97   88   -5  246  -23  246  -23   3  0  0 L3P 0D
G31 FF 60303 070200  780 318 1158    +2269046    -27         424    -31   11  38  153  +26  332   +2  332    2  10  0  0 L3P 07
G04 FF 60303 073000  780 448 2249    -2485431   -131         563    -31    6 213  115  +13  294   -2  294   -2   6  0  0 L3P 29
G07 FF 60303 073000  780 189 3086     +206193   +204         401   +109   10   4  249  -75  392 -120  392 -120   7  0  0 L3P 5C
G08 FF 60303 073000  780 441 2058    +1587713    +83         524    +64    4  41  116  -17  291  -64  291  -64   4  0  0 L3P 38
G09 FF 60303 073000  780 408 2788     -374650   -130         554    -11    7  60  124   +0  292  +15  292   15   6  0  0 L3P 0F
G16 FF 60303 073000  780 571  455    +3975963   -116         645    -42    7  81   96   +7  193   +3  193    3   6  0  0 L3P F7
G18 FF 60303 073000  780 149  507    +5152670    +50         273    -47   15  98  308  +23  344  +25  344   25  15  0  0 L3P 3A
G26 FF 60303 073000  780 351  698    -2062953    -28         485    -61    9  52  140  +20  256   +4  256    4   7  0  0 L3P F9
G27 FF 60303 073000  780 771 1294     +872362    +53         689     +9    3  97   83   -1  212  -17  212  -17   3  0  0 L3P F7
G31 FF 60303 073000  780 216 1244    +2268972    -36         345    -40   13  38  218  +58  389  +41  389   41  11  0  0 L3P 52
G04 FF 60303 074600  780 384 2184    -2485570   -134         530    -34    9 214  130  +19  310  +11  310   11   6  0  0 L3P 33
G07 FF 60303 074600  780 248 3102     +206321   +148         437    +53   11   4  193  -45  337  -81  337  -81  10  0  0 L3P 3B
G08 FF 60303 074600  780 521 2087    +1587788    +68         580    +49    5  41  103  -12  247  -38  247  -38   3  0  0 L3P 4F
G09 FF 60303 074600  780 400 2689     -374762   -108         556    +12    5  60  126   +4  290  -13  290  -13   4  0  0 L3P 21
G16 FF 60303 074600  780 513  533    +3975860    -96         612    -22    7  81  103   +9  193  -19  193  -19   7  0  0 L3P 27
G18 FF 60303 074600  780 133  443    +5152738    +14         247    -84   15  98  345  +55  341  +45  341   45  12  0  0 L3P 41
G26 FF 60303 074600  780 297  749    -2062947    -30         459    -63    6  52  162  +27  246  +32  246   32   5  0  0 L3P 2B
G27 FF 60303 074600  780 775  908     +872402    +40         688     -3    3  97   83   +1  200  -13  200  -13   3  0  0 L3P D5
G04 FF 60303 080200  780 318 2133    -2485711   -160         486    -60    7 215  153  +29  335  +34  335   34   6  0  0 L3P 45
G07 FF 60303 080200  780 309 3109     +206461   +112         485    +16    7  14  157  -30  278  -32  278  -32   6  0  0 L3P 2C
G08 FF 60303 080200  780 601 2125    +1587846    +46         624    +26    8  47   93   -8  214  -24  214  -24   5  0  0 L3P 13
G09 FF 60303 080200  780 377 2595     -374884   -134         546    -15    5  61  132   +9  283   -7  283   -7   3  0  0 L3P 17
G16 FF 60303 080200  780 457  603    +3975748   -126         571    -52    7  82  113  +11  191   +7  191    7   6  0  0 L3P 0C
G18 FF 60303 080200  780 106  385    +5152808    +62         224    -36   47  99  425 +119  331  -27  331  -27  36  0  0 L3P 61
G26 FF 60303 080200  780 245  800    -2062984    +31         395     -2    6  82  194  +39  274  -33  274  -33   6  0  0 L3P 18
G27 FF 60303 080200  780 727  647     +872428    +19         677    -24    3  98   85   +3  186  -15  186  -15   3  0  0 L3P 0D
G04 FF 60303 081800  780 252 2091    -2485859   -185         434    -85    8 215  189  +47  362  +65  362   65   6  0  0 L3P 72
G07 FF 60303 081800  780 372 3108     +206583   +147         515    +51    7  14  134  -20  245  -51  245  -51   7  0  0 L3P 29
G08 FF 60303 081800  780 681 2177    +1587896    +44         656    +25    2  47   87   -5  185  -25  185  -25   3  0  0 L3P 38
G09 FF 60303 081800  780 342 2511     -375018   -176         527    -57    5  61  143  +15  284  +31  284   31   3  0  0 L3P 27
G16 FF 60303 081800  780 402  668    +3975642   -128         535    -54    4  82  125  +14  183   +4  183    4   4  0  0 L3P 0E
G21 FF 60303 081800  780 186 1653    -1404640   +107         428    +95   11  94  254  -95  406 -243  406 -243  13  0  0 L3P 92
G26 FF 60303 081800  780 194  850    -2062985     +8         362    -25   22  82  240  +61  276   -6  276   -6  19  0  0 L3P 24
G27 FF 60303 081800  780 658  534     +872436     -9         643    -53    3  98   89   +5  178  +11  178   11   3  0  0 L3P EE
G02 FF 60303 083400  780 180 1708    +5106869    -12         439    +42   16  23  262 -101  401 -167  401 -167  16  0  0 L3P 82
G04 FF 60303 083400  780 188 2054    -2486003   -165         386    -65   11 215  249  +83  405  +71  405   71   9  0  0 L3P 67
G07 FF 60303 083400  780 436 3093     +206720   +132         560    +37    3  14  117  -14  209  -28  209  -28   2  0  0 L3P 25
G08 FF 60303 083400  780 761 2264    +1587921    +24         662     +5    3  47   83   -3  170  -19  170  -19   2  0  0 L3P 04
G09 FF 60303 083400  780 298 2437     -375166   -173         493    -54    7  61  162  +24  296  +28  296   28   6  0  0 L3P 4E
G16 FF 60303 083400  780 349  729    +3975529   -142         493    -68    5  82  141  +19  186  +32  186   32   5  0  0 L3P 49
G21 FF 60303 083400  780 257 1623    -1404568    +32         489    +20   12  94  187  -51  277  -85  277  -85  11  0  0 L3P 6D
G27 FF 60303 083400  780 585  489     +872443    -15         608    -59    2  98   95   +8  173  +14  173   14   3  0  0 L3P 01
G30 FF 60303 083400  780 135 3133    +4534797    -38         364     +6   19  13  345 -152  333  -43  333  -43  13  0  0 L3P 57
G02 FF 60303 085000  780 250 1685    +5106854    -18         477    +37   10  23  191  -54  277  -95  277  -95   9  0  0 L3P 62
G04 FF 60303 085000  780 125 2019    -2486150   -235         335   -135   10 215  366 +173  487 +190  487  190   9  0  0 L3P AD
G07 FF 60303 085000  780 498 3059     +206853   +147         602    +52    6  14  106  -10  186  -30  186  -30   5  0  0 L3P 2E
G08 FF 60303 085000  780 834 2493    +1587933     +5         655    -14    3  47   81   -1  156   +1  156    1   3  0  0 L3P D1
G09 FF 60303 085000  780 248 2373     -375322   -151         451    -32   10  61  191  +38  309   +7  309    7   7  0  0 L3P 14
G16 FF 60303 085000  780 297  788    +3975417   -104         452    -30    8  82  162  +26  190  -12  190  -12   7  0  0 L3P 3F
G21 FF 60303 085000  780 330 1588    -1404512    +81         534    +70   11  94  149  -31  203  -72  203  -72  11  0  0 L3P 3F
G27 FF 60303 085000  780 511  477     +872470    +11         594    -33    7  98  104  +11  150  -17  150  -17   5  0  0 L3P 0A
G30 FF 60303 085000  780 195 3133    +4534791    +16         401    +60   14  13  242  -75  285  -56  285  -56  13  0  0 L3P 56
G02 FF 60303 090600  780 324 1661    +5106856    +15         530    +69    7  23  151  -32  207  -57  207  -57   7  0  0 L3P 32
G07 FF 60303 090600  780 558 2999     +206977   +127         634    +32    6  14   98   -7  170  -13  170  -13   4  0  0 L3P 24
G08 FF 60303 090600  780 853 3388    +1587948    +11         652     -8    3  47   81   +0  143  -17  143  -17   2  0  0 L3P 0C
G09 FF 60303 090600  780 196 2318     -375466   -154         422    -35   10  61  239  +63  311   +1  311    1   9  0  0 L3P 0D
G16 FF 60303 090600  780 246  845    +3975310    -99         417    -26   21  82  193  +38  179  -16  179  -16  19  0  0 L3P 6B
G21 FF 60303 090600  780 404 1546    -1404462    +53         573    +41    7  94  125  -20  167  -31  167  -31   7  0  0 L3P 2B
G27 FF 60303 090600  780 440  482     +872459     -4         541    -47    3  98  116  +15  150  -14  150  -14   3  0  0 L3P FC
G30 FF 60303 090600  780 256 3124    +4534801     +2         453    +47   18  13  187  -43  237  -40  237  -40  18  0  0 L3P 3D
G02 FF 60303 092200  780 399 1633    +5106853     -3         580    +51    4  23  126  -21  172  -26  172  -26   5  0  0 L3P 18
G07 FF 60303 092200  780 609 2901     +207092   +120         657    +24    5  14   93   -4  160  -12  160  -12   4  0  0 L3P F5
G08 FF 60303 092200  780 790  183    +1587953     +1         638    -18    3  47   82   +2  136   -5  136   -5   2  0  0 L3P D1
G09 FF 60303 092200  780 143 2267     -375637   -184         366    -64    9  61  323 +118  338  +44  338   44   8  0  0 L3P 54
G14 FF 60303 092200  780 110 2881    -2803958    -33         300    +72   23  47  418 -189  357  -86  357  -86  20  0  0 L3P 80
G21 FF 60303 092200  780 477 1491    -1404406    +65         618    +54    6  94  109  -13  138  -35  138  -35   5  0  0 L3P 3C
G27 FF 60303 092200  780 371  497     +872457    -21         498    -64    4  98  134  +21  136   +0  136    0   3  0  0 L3P E7
G30 FF 60303 092200  780 316 3103    +4534805     -8         499    +36    8  13  154  -27  205  -28  205  -28   7  0  0 L3P 24
G02 FF 60303 093800  780 475 1595    +5106843    -18         623    +36    4  23  110  -14  152  -13  152  -13   3  0  0 L3P 24
G08 FF 60303 093800  780 719  304    +1587958     +6         624    -13    3  47   85   +4  127   -9  127   -9   2  0  0 L3P E1
G14 FF 60303 093800  780 161 2923    -2804000    -86         359    +19   16  47  289  -94  284  -26  284  -26  11  0  0 L3P 71
G21 FF 60303 093800  780 546 1413    -1404364    +41         649    +30    5  94   99   -8  126  -12  126  -12   4  0  0 L3P 0F
G27 FF 60303 093800  780 306  520     +872434    -21         433    -64    7  98  158  +31  138   +5  138    5   5  0  0 L3P E9
G30 FF 60303 093800  780 374 3067    +4534801    +21         538    +66    6  13  133  -18  182  -40  182  -40   4  0  0 L3P 2E
G02 FF 60303 095400  780 550 1541    +5106829    -15         661    +39    3  23   99   -9  139  -10  139  -10   2  0  0 L3P 0F
G07 FF 60303 095400  780 651 2574     +207291    +92         673     -3    4  14   89   +0  150   +3  150    3   3  0  0 L3P AF
G08 FF 60303 095400  780 649  377    +1587951     -9         599    -29    4  47   89   +5  123   -4  123   -4   3  0  0 L3P F0
G14 FF 60303 095400  780 215 2964    -2804048    -89         412    +15    9  47  220  -55  225  -22  225  -22   7  0  0 L3P 38
G21 FF 60303 095400  780 605 1301    -1404317    +38         685    +26    4  94   93   -5  108   -7  108   -7   4  0  0 L3P EC
G27 FF 60303 095400  780 244  549     +872403    -89         361   -133   12  98  195  +46  152  +71  152   71   9  0  0 L3P 3F
G30 FF 60303 095400  780 428 3012    +4534797    -15         576    +30    4  13  119  -12  164   -9  164   -9   3  0  0 L3P 13
G02 FF 60303 101000  780 619 1456    +5106807    -28         689    +26    4  24   92   -6  120  -13  120  -13   3  0  0 L3P FB
G07 FF 60303 101000  780 630 2398     +207373    +69         666    -26    5  15   91   +3  154  +12  154   12   3  0  0 L3P E2
G08 FF 60303 101000  780 582  436    +1587937    -27         571    -47    4  66   95   +7  115  -12  115  -12   3  0  0 L3P 02
G14 FF 60303 101000  780 271 3002    -2804125    -12         432    +92    8  48  177  -36  205  -67  205  -67   6  0  0 L3P 26
G17 FF 60303 101000  780 128 2454    -7213124    +89         356    +82   13   5  362 -155  305  -47  305  -47   8  0  0 L3P 45
G21 FF 60303 101000  780 644 1142    -1404299    +12         714     +1    3  17   90   -2   99   -7   99   -7   2  0  0 L3P A9
G27 FF 60303 101000  780 185  581     +872409    +16         325    -27   15 120  252  +76  139  -26  139  -26  14  0  0 L3P 42
G30 FF 60303 101000  780 473 2936    +4534784    -34         607    +11    5  14  110   -7  147   +4  147    4   4  0  0 L3P DF
G02 FF 60303 102600  780 676 1319    +5106774    -35         708    +20    4  24   88   -3  108  -13  108  -13   3  0  0 L3P 04
G07 FF 60303 102600  780 584 2260     +207449    +63         651    -32    3  15   95   +6  153   +6  153    6   2  0  0 L3P C2
G08 FF 60303 102600  780 517  490    +1587923    +17         538     -2    5  66  103   +9  113  -11  113  -11   4  0  0 L3P ED
G14 FF 60303 102600  780 330 3037    -2804172   -105         485     +0    8  48  148  -25  168  +15  168   15   7  0  0 L3P 23
G17 FF 60303 102600  780 183 2504    -7213067    +64         407    +57    9   5  257  -76  269  -55  269  -55   6  0  0 L3P 3F
G21 FF 60303 102600  780 655  951    -1404284     +9         717     -2    4  17   89   +0   90   -4   90   -4   3  0  0 L3P 8D
G27 FF 60303 102600  780 129  617     +872407    +52         282     +9   17 120  355 +146  134  -58  134  -58  14  0  0 L3P 49
G30 FF 60303 102600  780 505 2836    +4534760    -26         626    +18    4  14  105   -4  142  -12  142  -12   4  0  0 L3P 07
G02 FF 60303 104200  780 709 1110    +5106726    -51         713     +4    5  24   86   -1  103   -9  103   -9   3  0  0 L3P BA
G07 FF 60303 104200  780 524 2163     +207517    +51         626    -44    6  15  102   +9  153   +9  153    9   5  0  0 L3P CE
G08 FF 60303 104200  780 455  541    +1587915     -3         512    -22    5  66  113  +12  109   -8  109   -8   6  0  0 L3P E4
G14 FF 60303 104200  780 392 3069    -2804236    -59         521    +46    6  48  128  -18  152  -18  152  -18   5  0  0 L3P 3B
G17 FF 60303 104200  780 237 2557    -7213017    +15         450     +8    8   5  201  -44  225  -18  225  -18   6  0  0 L3P 03
G21 FF 60303 104200  780 635  774    -1404282     -3         708    -14    4  17   90   +3   84   -5   84   -5   3  0  0 L3P 9C
G22 FF 60303 104200  780 210 3020     -598348    +64         416     -3   19  35  225  -60  193   -4  193   -4  15  0  0 L3P 02
G30 FF 60303 104200  780 519 2718    +4534725    -37         634     +7    5  14  103   -1  140   -3  140   -3   5  0  0 L3P D2
G02 FF 60303 105800  780 705  871    +5106673    -74         712    -19    3  24   86   +1   94   +2   94    2   3  0  0 L3P A8
G07 FF 60303 105800  780 456 2095     +207564    +44         582    -51    2  15  113  +14  161  +11  161   11   1  0  0 L3P F6
G08 FF 60303 105800  780 396  592    +1587897    -22         476    -41    9  66  126  +16  108   +7  108    7   9  0  0 L3P 15
G14 FF 60303 105800  780 457 3096    -2804304    -72         554    +32    5  48  113  -13  143   -3  143   -3   4  0  0 L3P 03
G17 FF 60303 105800  780 290 2615    -7212985    +28         475    +21    9   5  167  -29  196  -30  196  -30   6  0  0 L3P 38
G21 FF 60303 105800  780 592  644    -1404289    -31         690    -43    5  17   94   +5   77   +2   77    2   3  0  0 L3P B1
G22 FF 60303 105800  780 267 3052     -598243    +94         457    +27   11  35  180  -38  163  -23  163  -23   9  0  0 L3P 3C
G30 FF 60303 105800  780 513 2595    +4534683    -49         635     -5    5  14  104   +2  137   -1  137   -1   4  0  0 L3P E4
G02 FF 60303 111400  780 668  687    +5106609    -83         700    -29    6  24   88   +3   87   +4   87    4   5  0  0 L3P BC
G07 FF 60303 111400  780 385 2045     +207621    +36         547    -59    2  15  130  +21  160  +15  160   15   3  0  0 L3P F4
G08 FF 60303 111400  780 340  642    +1587862    -23         421    -42    8  66  144  +21  118   -8  118   -8   6  0  0 L3P FA
G14 FF 60303 111400  780 525 3117    -2804372    -82         586    +22    5  48  102  -10  138   +5  138    5   5  0  0 L3P F5
G17 FF 60303 111400  780 342 2677    -7212954    +32         499    +25    6   5  144  -20  169  -21  169  -21   5  0  0 L3P 26
G21 FF 60303 111400  780 536  561    -1404313    -30         656    -41    4  17  100   +8   79   -8   79   -8   3  0  0 L3P BE
G22 FF 60303 111400  780 327 3080     -598150   +110         485    +43    8  35  150  -26  151  -19  151  -19   6  0  0 L3P 25
G30 FF 60303 111400  780 488 2479    +4534625    -65         619    -20    5  14  107   +6  143   +3  143    3   5  0  0 L3P E9
G02 FF 60303 113000  780 613  576    +5106529    -84         672    -29    3  24   92   +6   87   -4   87   -4   3  0  0 L3P BF
G03 FF 60303 113000  780 181 1359     -797152   -187         264    +82   13  85  259  -82  219  -81  219  -81  10  0  0 L3P 68
G07 FF 60303 113000  780 313 2006     +207657    +71         492    -24    6  15  155  +33  176  -19  176  -19   4  0  0 L3P 19
G08 FF 60303 113000  780 286  692    +1587868    +14         409     -5   10  66  168  +29  103  -24  103  -24   8  0  0 L3P 28
G14 FF 60303 113000  780 596 3127    -2804445    -70         614    +34    3  48   94   -7  135   -8  135   -8   3  0  0 L3P F0
G17 FF 60303 113000  780 393 2745    -7212921    +40         526    +34    5   5  128  -14  154  -21  154  -21   5  0  0 L3P 0E
G19 FF 60303 113000  780 136 2620    -4172745    -18         443    +35   13  98  342 -122  207  -20  207  -20  10  0  0 L3P 50
G21 FF 60303 113000  780 473  513    -1404341    -23         617    -35    5  17  110  +12   75   +1   75    1   4  0  0 L3P A5
G22 FF 60303 113000  780 390 3103     -598039   +113         532    +46    7  35  129  -18  134  -14  134  -14   7  0  0 L3P 23
G30 FF 60303 113000  780 447 2381    +4534559    -49         596     -5    6  14  115  +10  148  -10  148  -10   5  0  0 L3P 19
G02 FF 60303 114600  780 549  517    +5106440   -110         636    -56    5  24   99   +8   89  +15   89   15   4  0  0 L3P EC
G03 FF 60303 114600  780 239 1309     -797345   -148         329   +121   20  85  199  -47  176  -85  176  -85  16  0  0 L3P 8F
G07 FF 60303 114600  780 242 1973     +207706    +47         449    -49    7  15  196  +54  183  +16  183   16   5  0  0 L3P 25
G08 FF 60303 114600  780 234  742    +1587834    -80         356    -99   10  66  202  +43  117  +44  117   44  10  0  0 L3P 39
G14 FF 60303 114600  780 669 3118    -2804519    -86         640    +19    2  48   88   -5  131   +0  131    0   2  0  0 L3P DB
G17 FF 60303 114600  780 443 2817    -7212884    +25         556    +18    6   5  116  -11  139   -6  139   -6   5  0  0 L3P 08
G19 FF 60303 114600  780 185 2673    -4172763    -22         475    +31   15  98  254  -67  177  -22  177  -22  12  0  0 L3P 6D
G21 FF 60303 114600  780 409  489    -1404371    -25         576    -36    6  17  123  +16   73   +2   73    2   5  0  0 L3P C9
G22 FF 60303 114600  780 455 3118     -597931   +105         576    +38    6  35  113  -13  122   -4  122   -4   5  0  0 L3P 05
G30 FF 60303 114600  780 396 2300    +4534485    -92         564    -48    7  14  127  +15  156  +19  156   19   6  0  0 L3P 33
G02 FF 60303 120200  780 483  489    +5106352    -81         599    -26    6  25  108  +12   85  -16   85  -16   5  0  0 L3P 06
G03 FF 60303 120200  780 296 1252     -797553   -230         374    +38    9  86  164  -29  152   -9  152   -9   8  0  0 L3P 25
G08 FF 60303 120200  780 184  792    +1587810    -71         313    -91   10  70  254  +67  120  +53  120   53   8  0  0 L3P 19
G14 FF 60303 120200  780 742 3066    -2804601    -88         660    +17    3  49   84   -3  130   +8  130    8   2  0  0 L3P D2
G17 FF 60303 120200  780 493 2897    -7212850    +17         582    +10    3  42  107   -8  127   -5  127   -5   2  0  0 L3P F8
G19 FF 60303 120200  780 234 2728    -4172770     -6         520    +46    9 100  203  -42  139  -54  139  -54   7  0  0 L3P 2F
G21 FF 60303 120200  780 346  480    -1404411    -22         523    -33   12  18  142  +23   80  -16   80  -16  11  0  0 L3P F5
G22 FF 60303 120200  780 522 3123     -597830    +96         610    +29    5  36  102  -10  117   +2  117    2   5  0  0 L3P D1
G30 FF 60303 120200  780 339 2235    +4534394   -109         514    -64    5  15  145  +23  171  +31  171   31   3  0  0 L3P 20
G02 FF 60303 121800  780 417  480    +5106262    -98         561    -44    4  25  121  +16   80   +5   80    5   3  0  0 L3P BC
G03 FF 60303 121800  780 350 1185     -797782   -218         403    +50   12  86  141  -19  148  -29  148  -29  11  0  0 L3P 61
G07 FF 60303 121800  780 108 1914     +207770   +142         328    +47   21  17  420 +239  294  +24  294   24  12  0  0 L3P 51
G14 FF 60303 121800  780 809 2874    -2804685    -91         676    +14    2  49   82   -1  129   -3  129   -3   2  0  0 L3P FD
G17 FF 60303 121800  780 540 2985    -7212827    +23         599    +16    5  42  100   -6  120  -10  120  -10   3  0  0 L3P 09
G19 FF 60303 121800  780 284 2785    -4172798     -1         542    +51   10 100  170  -29  121  -40  121  -40   8  0  0 L3P 38
G21 FF 60303 121800  780 284  483    -1404444    -41         479    -52   12  18  169  +34   77   +0   77    0  11  0  0 L3P EC
G22 FF 60303 121800  780 591 3111     -597737    +90         639    +23    4  36   94   -7  115   +0  115    0   2  0  0 L3P C4
G30 FF 60303 121800  780 278 2181    +4534312    -86         474    -41    7  15  172  +36  179   +9  179    9   5  0  0 L3P 15
G02 FF 60303 123400  780 353  484    +5106160   -120         511    -65    8  25  140  +23   87  +17   87   17   7  0  0 L3P F5
G03 FF 60303 123400  780 397 1105     -798009   -245         434    +23    7  86  127  -12  138   -6  138   -6   7  0  0 L3P 19
G06 FF 60303 123400  780 129 2258    -4669191   +138         335    +16   10  76  359 -172  282  -50  282  -50   7  0  0 L3P 78
G14 FF 60303 123400  780 830 2297    -2804781   -116         680    -11    2  49   82   +0  129   +3  129    3   2  0  0 L3P E7
G17 FF 60303 123400  780 586 3084    -7212804    +27         615    +20    4  42   95   -5  115   -7  115   -7   4  0  0 L3P E7
G19 FF 60303 123400  780 335 2844    -4172805    -38         585    +14    9 100  146  -21   92   -6   92   -6   7  0  0 L3P 08
G21 FF 60303 123400  780 224  495    -1404475    -13         437    -25   17  18  211  +54   75  -38   75  -38  16  0  0 L3P 25
G22 FF 60303 123400  780 659 3069     -597635    +87         676    +20    4  36   89   -5  104   +2  104    2   3  0  0 L3P D7
G30 FF 60303 123400  780 218 2135    +4534223    -87         428    -42   11  15  216  +58  191   +7  191    7   9  0  0 L3P 10
G02 FF 60303 125000  780 290  498    +5106075    -86         479    -31    8  25  166  +33   77  -17   77  -17   6  0  0 L3P 13
G03 FF 60303 125000  780 433 1010     -798244   -231         456    +37    5  86  118   -7  127  -28  127  -28   5  0  0 L3P 22
G06 FF 60303 125000  780 192 2297    -4669011   +168         398    +46   13  76  246  -79  213  -33  213  -33  11  0  0 L3P 74
G14 FF 60303 125000  780 776 1916    -2804890   -117         672    -12    4  49   83   +2  128   -2  128   -2   3  0  0 L3P 00
G17 FF 60303 125000  780 630 3201    -7212780    +19         632    +13    3  42   91   -4  112   -6  112   -6   3  0  0 L3P C8
G19 FF 60303 125000  780 387 2907    -4172834    -28         606    +24    5 100  129  -15   88   -3   88   -3   5  0  0 L3P 0B
G21 FF 60303 125000  780 166  513    -1404489     +1         412    -10    8  18  279  +93   58  -18   58  -18   7  0  0 L3P F1
G22 FF 60303 125000  780 723 2967     -597552    +76         695     +9    2  36   85   -3  104   +4  104    4   2  0  0 L3P C2
G30 FF 60303 125000  780 158 2093    +4534132   -103         379    -59   10  15  293 +107  217  +31  217   31   9  0  0 L3P 4C
G02 FF 60303 130600  780 230  518    +5105982   -108         438    -54   16  25  205  +50   76  +17   76   17  15  0  0 L3P 20
G03 FF 60303 130600  780 454  904     -798497   -260         460     +9    6  86  114   -3  128   -3  128   -3   6  0  0 L3P E6
G06 FF 60303 130600  780 254 2343    -4668863   +165         429    +43   12  76  189  -45  196  -16  196  -16  11  0  0 L3P 84
G14 FF 60303 130600  780 700 1806    -2805010   -132         653    -27    2  49   86   +4  131   +7  131    7   2  0  0 L3P D7
G17 FF 60303 130600  780 669 3342    -7212763     +9         643     +3    4  42   88   -2  108   +2  108    2   4  0  0 L3P B6
G19 FF 60303 130600  780 440 2972    -4172850    -27         640    +25    5 100  116  -12   74   -3   74   -3   5  0  0 L3P F0
G21 FF 60303 130600  780 111  537    -1404572   -226         318   -237   15  18  409 +192  100 +171  100  171  12  0  0 L3P 71
G22 FF 60303 130600  780 770 2740     -597475    +68         708     +1    3  36   83   -1  101   +2  101    2   2  0  0 L3P A6
G30 FF 60303 130600  780 101 2053    +4534020    -70         310    -25   13  15  449 +240  297  +82  297   82  10  0  0 L3P 3F
G02 FF 60303 132200  780 173  544    +5105877    -65         386    -11   10  25  269  +85   84  -18   84  -18   9  0  0 L3P 21
G03 FF 60303 132200  780 456  792     -798754   -244         461    +24    9  86  113   +1  126  -29  126  -29   8  0  0 L3P 23
G06 FF 60303 132200  780 316 2395    -4668702   +190         474    +69    4  76  155  -28  175  -41  175  -41   3  0  0 L3P 58
G14 FF 60303 132200  780 619 1767    -2805140   -148         623    -43    2  49   92   +7  137  +14  137   14   2  0  0 L3P 12
G17 FF 60303 132200  780 700 3518    -7212755     -3         645    -10    4  42   86   -1  111  +12  111   12   3  0  0 L3P CC
G19 FF 60303 132200  780 494 3042    -4172874    -32         667    +20    6 100  106   -9   69   +2   69    2   5  0  0 L3P DF
G22 FF 60303 132200  780 775 2386     -597419    +63         700     -4    3  36   83   +1  110   +1  110    1   3  0  0 L3P A2
G02 FF 60303 133800  780 118  574    +5105765   -136         326    -81   14  25  386 +171  101  +21  101   21  14  0  0 L3P 43
G03 FF 60303 133800  780 440  687     -799026   -270         446     -2    7  86  116   +5  127  -14  127  -14   6  0  0 L3P 08
G06 FF 60303 133800  780 376 2455    -4668541   +146         518    +24    5  76  133  -19  157   +2  157    2   3  0  0 L3P 22
G14 FF 60303 133800  780 537 1751    -2805268   -150         595    -45    2  49  100  +11  135  +11  135   11   2  0  0 L3P 26
G17 FF 60303 133800  780 719  132    -7212754     -2         639     -9    2  42   85   -1  113   +3  113    3   2  0  0 L3P 9B
G19 FF 60303 133800  780 550 3120    -4172904    -33         687    +19    5 100   99   -7   67   -1   67   -1   5  0  0 L3P E2
G22 FF 60303 133800  780 732 2120     -597366    +36         689    -31    4  36   84   +3  112  +13  112   13   3  0  0 L3P E3
G03 FF 60303 135400  780 408  596     -799298   -321         432    -53    6  86  124  +10  123  +27  123   27   6  0  0 L3P 1D
G06 FF 60303 135400  780 435 2525    -4668391   +140         552    +18    4  76  117  -13  143   -1  143   -1   4  0  0 L3P 17
G11 FF 60303 135400  780 129 2425    +5147161   +201         330    +54   15 134  359 -153  225  -44  225  -44  11  0  0 L3P 74
G14 FF 60303 135400  780 457 1744    -2805410   -135         553    -31    5  49  113  +16  143   -7  143   -7   4  0  0 L3P 19
G17 FF 60303 135400  780 720  369    -7212749     -3         638     -9    6  42   85   +0  109   +2  109    2   4  0  0 L3P AC
G19 FF 60303 135400  780 607 3209    -4172937    -51         704     +1    4 100   93   -5   67   +8   67    8   4  0  0 L3P C3
G22 FF 60303 135400  780 665 1988     -597322    +35         667    -32    3  36   88   +5  119   +8  119    8   2  0  0 L3P E9
G03 FF 60303 141000  780 363  525     -799586   -323         425    -54    7  40  136  +17  126  +14  126   14   6  0  0 L3P 12
G06 FF 60303 141000  780 492 2605    -4668241   +149         585    +28    4  81  107   -9  131   -8  131   -8   3  0  0 L3P 13
G11 FF 60303 141000  780 184 2473    +5147355   +219         385    +71   12 135  255  -75  193  -44  193  -44   9  0  0 L3P 73
G14 FF 60303 141000  780 378 1741    -2805554   -149         507    -44    4  50  132  +24  139   -2  139   -2   3  0  0 L3P 18
G17 FF 60303 141000  780 702  591    -7212739     +1         638     -6    5  44   86   +2  110   -2  110   -2   4  0  0 L3P 9D
G19 FF 60303 141000  780 663 3320    -4172966    -28         726    +24    6 101   88   -4   63   -3   63   -3   5  0  0 L3P DB
G22 FF 60303 141000  780 591 1923     -597293    +37         636    -30    3  87   94   +8  127   +2  127    2   2  0  0 L3P D0
G03 FF 60303 142600  780 309  473     -799880   -312         389    -44    9  40  157  +27  131  +20  131   20   8  0  0 L3P 18
G06 FF 60303 142600  780 545 2701    -4668098   +140         611    +18    3  81   99   -7  123   -7  123   -7   3  0  0 L3P 03
G11 FF 60303 142600  780 239 2525    +5147535   +189         423    +41    7 135  200  -44  181   -7  181   -7   7  0  0 L3P 31
G12 FF 60303 142600  780 101 3218    +4611327   +164         287   +124   30  66  458 -265  144  -53  144  -53  20  0  0 L3P 81
G14 FF 60303 142600  780 301 1738    -2805714   -185         447    -80    5  50  160  +37  148  +23  148   23   4  0  0 L3P 36
G17 FF 60303 142600  780 667  774    -7212747    -13         624    -20    6  44   88   +3  108   +7  108    7   6  0  0 L3P DB
G19 FF 60303 142600  780 717 3473    -4173008    -48         734     +4    3 101   85   -3   67   +5   67    5   2  0  0 L3P C1
G22 FF 60303 142600  780 513 1887     -597270    +13         595    -54    3  87  103  +12  133  +10  133   10   2  0  0 L3P 03
G03 FF 60303 144200  780 250  437     -800161   -307         365    -38   15  40  190  +44  118   -8  118   -8  14  0  0 L3P 14
G06 FF 60303 144200  780 594 2815    -4667968   +128         624     +6    3  81   94   -5  121   +5  121    5   2  0  0 L3P E8
G11 FF 60303 144200  780 293 2582    +5147719   +193         465    +45    9 135  165  -29  168  -15  168  -15   7  0  0 L3P 72
G12 FF 60303 144200  780 159 3194    +4611432   +101         354    +61   10  66  295 -105  131  -15  131  -15   8  0  0 L3P 4E
G14 FF 60303 144200  780 228 1734    -2805858   -176         404    -72    8  50  207  +64  148  +27  148   27   7  0  0 L3P 4B
G17 FF 60303 144200  780 622  917    -7212765     -5         599    -12    4  44   91   +4  119   -9  119   -9   3  0  0 L3P D9
G19 FF 60303 144200  780 760  109    -4173049    -53         743     -1    4 101   83   -1   65   +5   65    5   3  0  0 L3P A0
G22 FF 60303 144200  780 436 1864     -597248    +20         552    -47    4  87  117  +17  136   +3  136    3   3  0  0 L3P F4
G03 FF 60303 145800  780 189  415     -800479   -338         305    -69    8  40  248  +80  136  +19  136   19   8  0  0 L3P 2E
G04 FF 60303 145800  780 171  830    -2488397    -89         287    +12   15 218  272  -41  157  +13  157   13  14  0  0 L3P 5A
G06 FF 60303 145800  780 636 2953    -4667844   +123         632     +1    4  81   90   -3  120   +1  120    1   3  0  0 L3P CF
G11 FF 60303 145800  780 346 2643    +5147899   +171         503    +24    6 135  142  -20  153   -7  153   -7   5  0  0 L3P 34
G12 FF 60303 145800  780 213 3158    +4611517    +51         401    +11    9  66  222  -54  128  +24  128   24   6  0  0 L3P 14
G14 FF 60303 145800  780 157 1728    -2806001   -154         360    -49   11  50  295 +127  150  +12  150   12  10  0  0 L3P 55
G17 FF 60303 145800  780 569 1028    -7212784    -28         574    -35    4  44   96   +6  121   +3  121    3   4  0  0 L3P E7
G19 FF 60303 145800  780 776  454    -4173104    -50         739     +3    4 101   83   +0   68   -6   68   -6   3  0  0 L3P BF
G20 FF 60303 145800  780 169 2139    -3948197    +37         442    +18   15   0  278 -108  141  +25  141   25  12  0  0 L3P 4E
G22 FF 60303 145800  780 359 1849     -597232     +7         503    -60    4  87  137  +26  142  +10  142   10   4  0  0 L3P 00
G06 FF 60303 151400  780 668 3121    -4667722   +126         637     +5    3  81   88   -2  118   -5  118   -5   2  0  0 L3P F1
G09 FF 60303 151400  780 219 1148     -378155    -76         357    +43   12  65  216  -45  138  -19  138  -19  12  0  0 L3P 56
G11 FF 60303 151400  780 399 2711    +5148065   +182         527    +34    4 135  126  -14  147  -12  147  -12   4  0  0 L3P 4C
G12 FF 60303 151400  780 263 3110    +4611600    +72         445    +32   14  66  182  -31  126   +6  126    6  11  0  0 L3P 01
G17 FF 60303 151400  780 511 1117    -7212804    -60         547    -67    5  44  104   +9  122  +32  122   32   6  0  0 L3P FE
G19 FF 60303 151400  780 754  792    -4173161    -73         731    -20    3 101   84   +2   72  +12   72   12   3  0  0 L3P CD
G20 FF 60303 151400  780 236 2166    -3948104   +110         516    +90    7   0  202  -56  114  -39  114  -39   6  0  0 L3P 22
G22 FF 60303 151400  780 285 1835     -597213    +22         458    -45   11  87  169  +41  142   -2  142   -2   8  0  0 L3P 0F
G04 FF 60303 153000  780 205  687    -2488545    -71         331    +29    7 218  229   -7  143  -23  143  -23   7  0  0 L3P 27
G06 FF 60303 153000  780 687 3316    -4667606   +119         636     -3    3  81   87   -1  118   -1  118   -1   3  0  0 L3P EF
G09 FF 60303 153000  780 264 1083     -378228    -43         398    +76    7  65  182  -28  129  -43  129  -43   6  0  0 L3P 3C
G11 FF 60303 153000  780 450 2784    +5148237   +164         558    +16    3 135  114  -11  135   -2  135   -2   3  0  0 L3P 1D
G12 FF 60303 153000  780 305 3048    +4611663   +124         470    +84    7  66  159  -18  129  -36  129  -36   5  0  0 L3P 4B
G17 FF 60303 153000  780 450 1190    -7212830    -18         515    -25    5  44  114  +13  129   +5  129    5   4  0  0 L3P EE
G19 FF 60303 153000  780 703 1015    -4173224    -68         719    -16    4 101   86   +3   75   +5   75    5   3  0  0 L3P C7
G20 FF 60303 153000  780 304 2198    -3948039    +66         563    +46    7   0  160  -34  111   -3  111   -3   6  0  0 L3P EC
G22 FF 60303 153000  780 212 1823     -597197     +9         409    -58    8  87  222  +72  145   +2  145    2   7  0  0 L3P E6
G06 FF 60303 154600  780 690 3525    -4667493   +115         632     -7    4  81   87   +0  118   +4  118    4   4  0  0 L3P E8
G09 FF 60303 154600  780 302 1010     -378310    -87         431    +33   11  65  160  -17  120   -6  120   -6  11  0  0 L3P FC
G11 FF 60303 154600  780 501 2866    +5148401   +149         579     +1    4 135  105   -8  130  +15  130   15   4  0  0 L3P 12
G12 FF 60303 154600  780 336 2973    +4611723    +79         492    +39    7  66  146  -10  135  -12  135  -12   6  0  0 L3P 39
G17 FF 60303 154600  780 387 1251    -7212852    -16         486    -23    6  44  129  +19  127  -12  127  -12   5  0  0 L3P 38
G19 FF 60303 154600  780 640 1155    -4173291    -69         702    -17    4 101   90   +5   78   +0   78    0   4  0  0 L3P CB
G20 FF 60303 154600  780 372 2237    -3947977    +39         606    +20    7   0  134  -22  104   +9  104    9   7  0  0 L3P F2
G22 FF 60303 154600  780 143 1809     -597183    +53         359    -14   14  87  323 +150  153   -3  153   -3  11  0  0 L3P 30
G04 FF 60303 160200  780 196  543    -2488739   -112         326    -12   11 219  239  +19  136   -7  136   -7  11  0  0 L3P 47
G06 FF 60303 160200  780 678  126    -4667385   +111         624    -11    4  85   87   +1  119  -10  119  -10   3  0  0 L3P 08
G09 FF 60303 160200  780 332  929     -378402   -147         450    -28    7  66  148  -10  119  +43  119   43   7  0  0 L3P 1D
G11 FF 60303 160200  780 550 2959    +5148560   +176         599    +28    3 136   99   -6  128  -13  128  -13   3  0  0 L3P 45
G12 FF 60303 160200  780 353 2888    +4611767    +68         492    +29    8  92  140   -4  143   -7  143   -7   7  0  0 L3P 0F
G17 FF 60303 160200  780 322 1303    -7212891    -50         439    -57    6  45  151  +28  131   +7  131    7   6  0  0 L3P F6
G19 FF 60303 160200  780 571 1249    -4173370    -88         679    -36    5 105   96   +8   79   +4   79    4   4  0  0 L3P F0
G20 FF 60303 160200  780 440 2285    -3947919    +52         645    +33    5  23  116  -15   99  +14   99   14   4  0  0 L3P 0C
G25 FF 60303 160200  780 132 3181    -4828129    +15         363    +30   15  81  350  -97  119   +2  119    2  12  0  0 L3P 16
G04 FF 60303 161800  780 175  478    -2488832   -112         330    -12   11 219  266  +39  122   -2  122   -2   9  0  0 L3P 2C
G05 FF 60303 161800  780 131 2257    +1555047    +48         335    +34    9  41  354 -166  200  +18  200   18   7  0  0 L3P 2D
G06 FF 60303 161800  780 653  304    -4667286   +107         606    -15    3  85   89   +2  120   -1  120   -1   3  0  0 L3P E1
G09 FF 60303 161800  780 349  842     -378502    -82         465    +37   10  66  141   -4  116  -20  116  -20   8  0  0 L3P 0F
G11 FF 60303 161800  780 597 3066    +5148717   +161         614    +13    3 136   94   -5  126   +0  126    0   2  0  0 L3P F7
G12 FF 60303 161800  780 356 2797    +4611810    +45         498     +7    8  92  139   +2  153  +11  153   11   8  0  0 L3P 08
G17 FF 60303 161800  780 257 1346    -7212938    -42         385    -49   10  45  185  +45  143  +19  143   19   9  0  0 L3P 4F
G19 FF 60303 161800  780 499 1318    -4173459   -113         640    -61    8 105  106  +12   86  +25   86   25   6  0  0 L3P 36
G20 FF 60303 161800  780 508 2343    -3947855    +44         690    +25    3  23  104  -10   90   +2   90    2   3  0  0 L3P D1
G25 FF 60303 161800  780 164 3124    -4828090    +29         416    +44    8  81  283  -48  102  -14  102  -14   8  0  0 L3P 32
G04 FF 60303 163400  780 144  421    -2488975   -169         282    -69   27 219  320  +77  146  +35  146   35  23  0  0 L3P 75
G05 FF 60303 163400  780 193 2294    +1555120    +98         394    +83   12  41  244  -78  187  -26  187  -26  10  0  0 L3P 67
G06 FF 60303 163400  780 619  453    -4667182   +119         593     -2    2  85   92   +3  121   -8  121   -8   2  0  0 L3P DE
G09 FF 60303 163400  780 353  752     -378613   -129         469     -9   12  66  140   +1  114   +3  114    3  10  0  0 L3P E6
G11 FF 60303 163400  780 640 3193    +5148871   +154         626     +6    3 136   90   -3  124   -3  124   -3   3  0  0 L3P EF
G12 FF 60303 163400  780 344 2706    +4611851    +11         503    -27    9  92  143   +7  151  +24  151   24   8  0  0 L3P 03
G17 FF 60303 163400  780 192 1383    -7212963     -1         353     -8    8  45  244  +81  137  -38  137  -38   6  0  0 L3P 22
G19 FF 60303 163400  780 427 1372    -4173544    -75         605    -23    4 105  119  +17   87  -11   87  -11   3  0  0 L3P 25
G20 FF 60303 163400  780 574 2416    -3947812    +58         714    +39    3  23   96   -7   90  -13   90  -13   2  0  0 L3P F5
G25 FF 60303 163400  780 187 3059    -4828088    +77         433    +92   15  81  250  -23  109  -57  109  -57  11  0  0 L3P 6F
G05 FF 60303 165000  780 256 2337    +1555191    +36         450    +22   12  41  187  -44  171  +21  171   21  11  0  0 L3P 2E
G06 FF 60303 165000  780 579  580    -4667079    +90         580    -32    4  85   95   +5  120  +18  120   18   4  0  0 L3P FE
G09 FF 60303 165000  780 342  665     -378741   -125         455     -6    8  66  143   +7  119   -6  119   -6   7  0  0 L3P EE
G11 FF 60303 165000  780 677 3350    +5149018   +157         631     +9    4 136   87   -2  124   +0  124    0   3  0  0 L3P DF
G12 FF 60303 165000  780 319 2621    +4611871     +7         485    -31    6  92  153  +14  165  +17  165   17   6  0  0 L3P 12
G19 FF 60303 165000  780 354 1416    -4173637   -105         562    -53    9 105  139  +25   91  +17   91   17   8  0  0 L3P 31
G20 FF 60303 165000  780 637 2513    -3947774    +28         734     +9    4  23   90   -5   81   -2   81   -2   3  0  0 L3P BA
G25 FF 60303 165000  780 199 2988    -4828085     -9         449     +5   10  81  236   -8  116   +5  116    5   8  0  0 L3P FC
G05 FF 60303 170600  780 318 2387    +1555240    +54         485    +40    7  41  154  -28  169   -8  169   -8   4  0  0 L3P 20
G06 FF 60303 170600  780 534  688    -4666991    +62         551    -59    5  85  101   +6  132  +34  132   34   4  0  0 L3P 10
G09 FF 60303 170600  780 318  587     -378869   -123         442     -4   12  66  153  +14  117  -22  117  -22  11  0  0 L3P 36
G11 FF 60303 170600  780 704 3544    +5149160   +141         631     -7    3 136   86   -1  128   +6  128    6   2  0  0 L3P E4
G12 FF 60303 170600  780 283 2544    +4611883    +31         460     -8    9  92  170  +22  173  -10  173  -10   7  0  0 L3P 16
G19 FF 60303 170600  780 282 1451    -4173725    -93         524    -41    6 105  170  +40   89   -5   89   -5   6  0  0 L3P 0B
G20 FF 60303 170600  780 695 2649    -3947738    +40         752    +21    3  23   86   -3   76  -11   76  -11   1  0  0 L3P F6
G25 FF 60303 170600  780 200 2915    -4828090     -2         459    +13   15  81  235   +6  120   -2  120   -2  12  0  0 L3P F2
G05 FF 60303 172200  780 379 2445    +1555297    +22         529     +7    5  41  132  -19  158  +18  158   18   5  0  0 L3P 23
G06 FF 60303 172200  780 487  783    -4666903    +95         522    -27    6  85  107   +8  137   +2  137    2   6  0  0 L3P F4
G09 FF 60303 172200  780 282  520     -379002   -153         424    -34   10  66  170  +23  111   +0  111    0   9  0  0 L3P DA
G11 FF 60303 172200  780 715  171    +5149307   +152         636     +4    6 136   85   +0  123   -4  123   -4   4  0  0 L3P D4
G12 FF 60303 172200  780 240 2476    +4611886     -2         426    -40    7  92  197  +36  185  +13  185   13   5  0  0 L3P 19
G19 FF 60303 172200  780 212 1479    -4173828   -104         471    -52   12 105  222  +71   97   +3   97    3  10  0  0 L3P 21
G20 FF 60303 172200  780 741 2851    -3947709    +21         762     +2    4  23   84   -2   70   +1   70    1   3  0  0 L3P 97
G25 FF 60303 172200  780 189 2842    -4828116    -19         447     -4   13  81  246  +19  138   +0  138    0  11  0  0 L3P 17
G05 FF 60303 173800  780 440 2511    +1555348    +52         565    +37    4  41  116  -13  151  -10  151  -10   4  0  0 L3P 17
G06 FF 60303 173800  780 438  867    -4666818    +84         490    -38    6  85  117  +11  144   +7  144    7   6  0  0 L3P 14
G09 FF 60303 173800  780 237  467     -379160   -115         380     +5    9  66  200  +40  123  -38  123  -38   9  0  0 L3P 17
G11 FF 60303 173800  780 707  404    +5149445   +145         632     -3    4 136   86   +1  125   -4  125   -4   3  0  0 L3P E0
G12 FF 60303 173800  780 193 2415    +4611885     +0         388    -39    8  92  242  +60  191   +1  191    1   6  0  0 L3P F4
G13 FF 60303 173800  780 144 1783    -6092697    -68         362    -30   19  18  324 -151  151  +61  151   61  15  0  0 L3P 67
G20 FF 60303 173800  780 765 3142    -3947689    +15         764     -4    4  23   83   +0   69   +4   69    4   3  0  0 L3P BF
G25 FF 60303 173800  780 169 2772    -4828152     -9         426     +6   16  81  274  +38  154   -9  154   -9  13  0  0 L3P 2E
G29 FF 60303 173800  780 182 3177    +6094895    +23         373    +27   19 106  258  -87  138  +25  138   25  15  0  0 L3P 80
G05 FF 60303 175400  780 499 2590    +1555395    +51         597    +37    6  41  106   -9  142  -10  142  -10   5  0  0 L3P 27
G06 FF 60303 175400  780 386  942    -4666739    +79         452    -42    3  85  129  +15  151   +2  151    2   3  0  0 L3P 00
G09 FF 60303 175400  780 185  426     -379323   -165         332    -45   17  66  252  +72  138  +15  138   15  15  0  0 L3P 46
G11 FF 60303 175400  780 680  608    +5149576   +135         622    -13    5 136   87   +2  127   +1  127    1   4  0  0 L3P EB
G12 FF 60303 175400  780 143 2361    +4611880     -4         346    -43    8  92  321 +110  202  +15  202   15   5  0  0 L3P 08
G13 FF 60303 175400  780 214 1769    -6092687    +32         409    +71   10  18  222  -73  152  -23  152  -23   8  0  0 L3P 46
G20 FF 60303 175400  780 758 3460    -3947673    +12         761     -8    3  23   83   +1   67   -1   67   -1   1  0  0 L3P BC
G25 FF 60303 175400  780 142 2705    -4828195    -44         397    -29   22  81  324  +70  169  +14  169   14  16  0  0 L3P 60
G29 FF 60303 175400  780 244 3160    +6094941    +16         422    +20   14 106  196  -48  136  +29  136   29  12  0  0 L3P 5D
G05 FF 60303 181000  780 554 2683    +1555429    +28         621    +13    4  42   98   -7  138   -3  138   -3   3  0  0 L3P EE
G06 FF 60303 181000  780 334 1011    -4666653   +106         418    -16    7  86  146  +21  157  -13  157  -13   7  0  0 L3P 3F
G09 FF 60303 181000  780 130  397     -379466   -231         301   -111   23  72  354 +152  133  +58  133   58  21  0  0 L3P 51
G11 FF 60303 181000  780 641  772    +5149696   +117         602    -31    4 137   90   +4  132  +12  132   12   3  0  0 L3P FB
G13 FF 60303 181000  780 287 1755    -6092673    +21         461    +60    5  22  169  -42  148  -10  148  -10   4  0  0 L3P 2C
G20 FF 60303 181000  780 725  108    -3947677     +0         743    -19    4  25   85   +2   69   +1   69    1   3  0  0 L3P 9B
G25 FF 60303 181000  780 108 2643    -4828235    -60         372    -45   25  83  420 +135  178  +18  178   18  17  0  0 L3P 69
G29 FF 60303 181000  780 304 3130    +6094977    +29         465    +33    6 110  160  -29  141  +10  141   10   5  0  0 L3P 20
G05 FF 60303 182600  780 606 2797    +1555457    +37         636    +22    2  42   93   -5  136   -6  136   -6   2  0  0 L3P F8
G06 FF 60303 182600  780 280 1073    -4666565    +47         389    -74    9  86  171  +31  154  +41  154   41   8  0  0 L3P 3E
G07 FF 60303 182600  780 114  722     +209823   +152         277    +56   14  72  400  -69  148  -16  148  -16  13  0  0 L3P 46
G11 FF 60303 182600  780 592  901    +5149815   +125         579    -22    2 137   94   +5  140   +4  140    4   2  0  0 L3P E8
G13 FF 60303 182600  780 363 1740    -6092651    +27         520    +65    5  22  137  -26  136  -15  136  -15   4  0  0 L3P 2C
G15 FF 60303 182600  780 131 2070    -1105264    +34         339    +73   16  93  356 -179  195  -17  195  -17  12  0  0 L3P 72
G20 FF 60303 182600  780 679  279    -3947675     +5         726    -14    3  25   87   +3   70   +1   70    1   2  0  0 L3P A3
G29 FF 60303 182600  780 360 3085    +6095015    +59         506    +63   10 110  138  -18  139  -16  139  -16   8  0  0 L3P 5E
G05 FF 60303 184200  780 650 2939    +1555491    +23         655     +8    4  42   89   -3  130   +2  130    2   3  0  0 L3P C4
G06 FF 60303 184200  780 225 1130    -4666495   +125         342     +3   11  86  210  +50  166  -37  166  -37   8  0  0 L3P 42
G07 FF 60303 184200  780 130  658     +209972   +123         334    +27   19  72  354  -32  114  -15  114  -15  18  0  0 L3P 3D
G11 FF 60303 184200  780 537 1004    +5149935   +117         557    -31    4 137  100   +8  141   +7  141    7   3  0  0 L3P 02
G13 FF 60303 184200  780 441 1722    -6092644    -11         564    +28    5  22  116  -17  134  +12  134   12   5  0  0 L3P 10
G15 FF 60303 184200  780 198 2085    -1105217     +3         424    +42   15  93  239  -81  169   +5  169    5  12  0  0 L3P 18
G20 FF 60303 184200  780 628  404    -3947675     -4         708    -23    3  25   91   +4   73   +8   73    8   2  0  0 L3P A2
G29 FF 60303 184200  780 409 3020    +6095052    +24         547    +27    4 110  123  -12  132   +4  132    4   3  0  0 L3P F2
G05 FF 60303 185800  780 685 3117    +1555516    +33         666    +19    3  42   87   -2  129   -8  129   -8   3  0  0 L3P 02
G07 FF 60303 185800  780 137  593     +210025    +66         296    -29   11  72  335   -7  154  +24  154   24  10  0  0 L3P 11
G11 FF 60303 185800  780 479 1088    +5150057   +101         538    -47    4 137  109  +11  137  +15  137   15   3  0  0 L3P 47
G13 FF 60303 185800  780 521 1694    -6092640     -1         605    +38    3  22  103  -12  131   -3  131   -3   2  0  0 L3P E1
G15 FF 60303 185800  780 267 2106    -1105206     +6         472    +44    6  93  180  -46  169   -7  169   -7   4  0  0 L3P 0C
G20 FF 60303 185800  780 575  503    -3947674    -21         690    -40    3  25   96   +6   73  +16   73   16   2  0  0 L3P DC
G29 FF 60303 185800  780 447 2936    +6095078     +6         575    +10    3 110  115   -7  126   +7  126    7   3  0  0 L3P FB
G30 FF 60303 185800  780 183  906    +4533134    -53         366     -9   12  65  255  -40  130  +27  130   27  10  0  0 L3P 1E
G05 FF 60303 191400  780 704 3331    +1555533    +25         669    +11    4  42   86   -1  127  -13  127  -13   3  0  0 L3P FF
G07 FF 60303 191400  780 135  529     +210127   +155         305    +60   17  72  340  +17  142  -72  142  -72  14  0  0 L3P 2D
G11 FF 60303 191400  780 418 1158    +5150169   +115         508    -32    5 137  121  +15  136   +2  136    2   5  0  0 L3P 0E
G13 FF 60303 191400  780 600 1649    -6092641     -7         641    +31    3  22   93   -8  122   -5  122   -5   3  0  0 L3P CA
G15 FF 60303 191400  780 338 2131    -1105200    +32         515    +71    7  93  145  -28  167  -23  167  -23   5  0  0 L3P 24
G20 FF 60303 191400  780 521  587    -3947685     -3         660    -22    5  25  102   +8   76   -8   76   -8   4  0  0 L3P C8
G29 FF 60303 191400  780 470 2833    +6095084     -1         585     +3    5 110  110   -3  133  +10  133   10   5  0  0 L3P E4
G30 FF 60303 191400  780 209  838    +4533115    -95         390    -51   13  65  226  -23  122  +60  122   60  12  0  0 L3P 27
G05 FF 60303 193000  780 704 3560    +1555539    +14         661     +0    4  42   86   +0  127   -6  127   -6   2  0  0 L3P CB
G07 FF 60303 193000  780 123  468     +210230   +161         317    +65   23  72  370  +47  122  -68  122  -68  21  0  0 L3P 31
G11 FF 60303 193000  780 356 1218    +5150266    +84         462    -64    7 137  139  +22  144  +19  144   19   6  0  0 L3P 39
G13 FF 60303 193000  780 676 1564    -6092651    -12         669    +26    4  22   88   -5  115   -7  115   -7   2  0  0 L3P F5
G15 FF 60303 193000  780 412 2163    -1105188     -7         564    +32    4  93  123  -19  159   +3  159    3   4  0  0 L3P EB
G18 FF 60303 193000  780 155 3097    +5156962   +101         360     +4   13 105  302 -117  134  +45  134   45  10  0  0 L3P 56
G20 FF 60303 193000  780 468  662    -3947707    -36         620    -55    4  25  111  +10   79   +3   79    3   3  0  0 L3P D1
G29 FF 60303 193000  780 474 2719    +6095077     -5         582     -1    2 110  110   +1  140   +4  140    4   2  0  0 L3P C4
G30 FF 60303 193000  780 225  766    +4533093     +6         410    +50   11  65  210  -11  111  -49  111  -49  13  0  0 L3P 12
G05 FF 60303 194600  780 687  172    +1555543     +9         650     -6    4  42   87   +2  126   -6  126   -6   3  0  0 L3P BF
G07 FF 60303 194600  780 103  411     +210311    +67         307    -29   23  72  440 +104  117   -5  117   -5  17  0  0 L3P 03
G11 FF 60303 194600  780 292 1269    +5150364    +78         419    -70    9 137  165  +34  146  +27  146   27   8  0  0 L3P 4E
G13 FF 60303 194600  780 739 1392    -6092668    -26         689    +13    2  22   84   -2  112   +0  112    0   1  0  0 L3P D9
G15 FF 60303 194600  780 486 2202    -1105178    -15         611    +24    5  93  108  -13  147   +7  147    7   5  0  0 L3P 00
G18 FF 60303 194600  780 216 3116    +5157086    +84         391    -14   10 105  220  -63  146  +47  146   47   8  0  0 L3P 4F
G20 FF 60303 194600  780 415  731    -3947717    +13         591     -6    6  25  122  +13   73  -31   73  -31   6  0  0 L3P E9
G29 FF 60303 194600  780 460 2607    +6095072     -4         579     -1    5 110  112   +5  143   -7  143   -7   3  0  0 L3P E7
G30 FF 60303 194600  780 231  692    +4533058    -41         417     +4   21  65  205   -1  106   -4  106   -4  19  0  0 L3P EC
G05 FF 60303 200200  780 656  351    +1555537     -1         634    -16    3  43   89   +3  127   +1  127    1   1  0  0 L3P A4
G11 FF 60303 200200  780 229 1314    +5150469    +78         384    -70   12 138  207  +56  148  +26  148   26  10  0  0 L3P 53
G13 FF 60303 200200  780 768 1079    -6092695    -30         700     +9    2  55   83   +0  107   -9  107   -9   2  0  0 L3P D8
G15 FF 60303 200200  780 561 2251    -1105187     -6         636    +32    4 100   98   -9  143   -4  143   -4   3  0  0 L3P D4
G18 FF 60303 200200  780 280 3128    +5157238   +163         450    +65   13 106  173  -38  130  -23  130  -23  12  0  0 L3P 5D
G20 FF 60303 200200  780 362  796    -3947742     +2         548    -17    4  59  136  +18   82   -5   82   -5   3  0  0 L3P D3
G29 FF 60303 200200  780 428 2505    +6095049    -28         558    -24    7 111  119   +9  151   +2  151    2   5  0  0 L3P F9
G30 FF 60303 200200  780 227  620    +4533005    +30         409    +74   12  66  208   +9  110  -77  110  -77  12  0  0 L3P 11
G05 FF 60303 201800  780 617  496    +1555540    +15         623     +0    5  43   92   +4  121  -17  121  -17   3  0  0 L3P D4
G13 FF 60303 201800  780 744  759    -6092742    -52         690    -13    3  55   84   +2  105   -3  105   -3   3  0  0 L3P D4
G15 FF 60303 201800  780 636 2318    -1105198    -24         662    +15    4 100   90   -6  140   +5  140    5   3  0  0 L3P D6
G18 FF 60303 201800  780 345 3130    +5157374   +132         491    +34    6 106  143  -25  125   +6  125    6   5  0  0 L3P 15
G20 FF 60303 201800  780 309  857    -3947749     +1         522    -18   10  59  157  +25   78  -13   78  -13   8  0  0 L3P 13
G23 FF 60303 201800  780 128 2799    -1227568    -20         344    +51   19 151  361 -135  196  -30  196  -30  14  0  0 L3P 80
G29 FF 60303 201800  780 384 2419    +6095017    -44         530    -40    5 111  130  +14  157  +18  157   18   3  0  0 L3P 2D
G30 FF 60303 201800  780 211  552    +4532953   -152         399   -107   16  66  223  +22  107  +87  107   87  15  0  0 L3P 5C
G05 FF 60303 203400  780 572  616    +1555525    -14         594    -28    4  43   96   +5  123   +3  123    3   3  0  0 L3P C2
G13 FF 60303 203400  780 686  586    -6092800    -69         670    -30    4  55   87   +4   99   -3   99   -3   4  0  0 L3P D4
G15 FF 60303 203400  780 709 2418    -1105210    -22         687    +16    3 100   86   -4  131   -6  131   -6   2  0  0 L3P DF
G18 FF 60303 203400  780 413 3121    +5157513   +134         536    +36    6 106  123  -17  122   +5  122    5   5  0  0 L3P 05
G20 FF 60303 203400  780 257  914    -3947762    +21         490     +2   12  59  185  +36   72  -49   72  -49  12  0  0 L3P 1B
G23 FF 60303 203400  780 177 2849    -1227605    -51         376    +21   10 151  265  -74  179   -4  179   -4   8  0  0 L3P 3F
G24 FF 60303 203400  780 180 1734    +4009409   +147         362    +70    9   1  261  -95  164  -19  164  -19   7  0  0 L3P 36
G29 FF 60303 203400  780 332 2347    +6094984    -50         500    -47   11 111  147  +22  164  +19  164   19   7  0  0 L3P 47
G30 FF 60303 203400  780 185  491    +4532895    +33         385    +77   17  66  252  +41  103  -97  103  -97  15  0  0 L3P 53
G05 FF 60303 205000  780 523  718    +1555518    +21         573     +7    4  43  102   +7  120  -33  120  -33   4  0  0 L3P DB
G13 FF 60303 205000  780 615  509    -6092881    -77         626    -38    4  55   92   +7  101   -7  101   -7   4  0  0 L3P DD
G15 FF 60303 205000  780 775 2600    -1105237    -28         697    +10    3 100   83   -2  128   -7  128   -7   2  0  0 L3P EC
G18 FF 60303 205000  780 480 3094    +5157641   +147         570    +49    6 106  109  -12  126   -5  126   -5   4  0  0 L3P 2D
G20 FF 60303 205000  780 205  969    -3947808    -22         426    -41    8  59  229  +57  100  +17  100   17   9  0  0 L3P 18
G23 FF 60303 205000  780 227 2899    -1227630    -47         419    +25   10 151  209  -46  155   -5  155   -5   9  0  0 L3P 37
G24 FF 60303 205000  780 248 1712    +4009530   +124         409    +47   10   1  193  -52  167   +0  167    0  11  0  0 L3P 04
G29 FF 60303 205000  780 275 2287    +6094938    -25         457    -21   10 111  174  +35  177   -4  177   -4   8  0  0 L3P 41
G30 FF 60303 205000  780 150  438    +4532831    -81         363    -37   20  66  308  +78  105  +17  105   17  19  0  0 L3P 2E
G05 FF 60303 210600  780 473  806    +1555502    -15         543    -30    6  43  110   +9  121   +1  121    1   6  0  0 L3P B6
G13 FF 60303 210600  780 542  479    -6092950    -47         594     -8    4  55  100   +9  105  -12  105  -12   3  0  0 L3P F6
G15 FF 60303 210600  780 818 3000    -1105269    -45         702     -7    3 100   82   +0  119   -2  119   -2   2  0  0 L3P C7
G18 FF 60303 210600  780 545 3043    +5157780   +128         616    +31    5 106   99   -8  117   +2  117    2   4  0  0 L3P FD
G23 FF 60303 210600  780 280 2949    -1227660    -57         459    +15   10 151  172  -31  138  +11  138   11   9  0  0 L3P 41
G24 FF 60303 210600  780 320 1688    +4009664   +132         468    +54    6   1  153  -32  154   -4  154   -4   5  0  0 L3P 04
G29 FF 60303 210600  780 216 2235    +6094891    -17         413    -14   11 111  218  +58  184  -19  184  -19   8  0  0 L3P 5D
G30 FF 60303 210600  780 108  394    +4532755    -77         330    -33   24  66  420 +169  105  -13  105  -13  23  0  0 L3P 46
G05 FF 60303 212200  780 421  885    +1555479    -13         506    -28    4  43  120  +13  126   -6  126   -6   5  0  0 L3P F1
G13 FF 60303 212200  780 470  473    -6093025    -94         556    -56    6  55  110  +13  104   +5  104    5   5  0  0 L3P DE
G15 FF 60303 212200  780 803 3526    -1105322    -55         687    -17    3 100   82   +1  121   -2  121   -2   2  0  0 L3P D3
G18 FF 60303 212200  780 602 2953    +5157903   +130         645    +32    3 106   93   -5  116   -5  116   -5   3  0  0 L3P FE
G23 FF 60303 212200  780 335 2998    -1227698    -34         489    +38    6 151  147  -22  136  -11  136  -11   6  0  0 L3P 51
G24 FF 60303 212200  780 393 1660    +4009789   +131         519    +54    4   1  128  -21  149   -9  149   -9   4  0  0 L3P 15
G29 FF 60303 212200  780 157 2189    +6094845    -68         371    -65   13 111  294 +106  180  +13  180   13  12  0  0 L3P 6D
G05 FF 60303 213800  780 368  955    +1555460     +3         472    -12    5  43  135  +17  131  -24  131  -24   4  0  0 L3P 00
G13 FF 60303 213800  780 400  481    -6093108   -103         510    -64    4  55  125  +19  104  +12  104   12   3  0  0 L3P FF
G15 FF 60303 213800  780 749  199    -1105374    -71         671    -32    5 100   84   +2  120   +9  120    9   3  0  0 L3P D4
G18 FF 60303 213800  780 644 2812    +5158013   +107         661    +10    3 106   90   -2  117   +1  117    1   3  0  0 L3P E1
G23 FF 60303 213800  780 392 3047    -1227730    -16         526    +55    6 151  128  -17  130  -16  130  -16   5  0  0 L3P 37
G24 FF 60303 213800  780 468 1623    +4009910   +119         566    +42    6   1  111  -14  142   -6  142   -6   5  0  0 L3P FE
G29 FF 60303 213800  780 101 2147    +6094772    -22         301    -19   12 111  450 +240  195  -33  195  -33  10  0  0 L3P 65
G05 FF 60303 215400  780 314 1019    +1555434    -19         432    -34   12  43  155  +25  143   +8  143    8  11  0  0 L3P 0F
G10 FF 60303 215400  780 116 2969     +667851    +99         320    +84   16  32  397 -174  168  -46  168  -46  12  0  0 L3P 78
G13 FF 60303 215400  780 333  499    -6093186    -79         468    -40    9  55  147  +26   96   -5   96   -5   9  0  0 L3P 07
G15 FF 60303 215400  780 685  339    -1105436    -67         647    -29    2 100   87   +4  119   +5  119    5   2  0  0 L3P E3
G18 FF 60303 215400  780 660 2624    +5158108    +97         662     -1    3 106   89   +0  124   +4  124    4   2  0  0 L3P D3
G23 FF 60303 215400  780 452 3095    -1227762    -31         563    +41    6 151  114  -13  125   -7  125   -7   4  0  0 L3P 11
G24 FF 60303 215400  780 542 1568    +4010018   +127         600    +50    3   1  100   -9  141  -18  141  -18   3  0  0 L3P F8
G05 FF 60303 221000  780 259 1078    +1555404    -45         387    -60   12  44  184  +37  155  +24  155   24  10  0  0 L3P 40
G10 FF 60303 221000  780 169 3008     +667898    +95         352    +80   14  35  277  -88  159  -50  159  -50  10  0  0 L3P 58
G13 FF 60303 221000  780 269  523    -6093304   -161         389   -123   18  56  178  +39  128  +69  128   69  17  0  0 L3P 75
G15 FF 60303 221000  780 620  433    -1105504    -51         612    -12    3 181   91   +6  123  -16  123  -16   2  0  0 L3P E1
G18 FF 60303 221000  780 644 2433    +5158194    +89         656     -9    3 107   90   +2  131   +6  131    6   2  0  0 L3P D8
G23 FF 60303 221000  780 515 3144    -1227801    -50         589    +21    4 152  103  -10  119   +6  119    6   4  0  0 L3P F5
G24 FF 60303 221000  780 611 1482    +4010130    +98         636    +21    2   3   92   -6  130   -2  130   -2   2  0  0 L3P A7
G05 FF 60303 222600  780 204 1131    +1555375    +22         344     +7   18  44  230  +61  179  -21  179  -21  13  0  0 L3P 2E
G10 FF 60303 222600  780 224 3044     +667976    +55         416    +40   18  35  211  -52  125   +1  125    1  16  0  0 L3P FD
G13 FF 60303 222600  780 208  553    -6093382    -99         348    -60   10  56  226  +63  129  +18  129   18  10  0  0 L3P 41
G15 FF 60303 222600  780 556  507    -1105572    -79         581    -41    5 181   98   +8  121   +8  121    8   4  0  0 L3P E4
G18 FF 60303 222600  780 600 2282    +5158278    +71         646    -27    3 107   93   +5  134  +10  134   10   2  0  0 L3P 04
G23 FF 60303 222600  780 581 3193    -1227840    -48         619    +23    2 152   95   -7  117   +6  117    6   2  0  0 L3P F1
G24 FF 60303 222600  780 668 1343    +4010225   +103         657    +26    4   3   88   -3  125  -16  125  -16   3  0  0 L3P FD
G10 FF 60303 224200  780 283 3076     +668018    +69         444    +54   11  35  171  -34  131  -22  131  -22   9  0  0 L3P 23
G13 FF 60303 224200  780 150  587    -6093468    -60         299    -22   13  56  308 +114  153   +7  153    7  10  0  0 L3P 25
G15 FF 60303 224200  780 494  573    -1105635    -68         555    -29    5 181  106  +10  114   -4  114   -4   4  0  0 L3P 05
G18 FF 60303 224200  780 540 2178    +5158347    +75         620    -23    5 107  100   +9  139   +0  139    0   4  0  0 L3P F3
G23 FF 60303 224200  780 651 3245    -1227882    -48         645    +24    3 152   89   -5  118   +5  118    5   2  0  0 L3P F3
G24 FF 60303 224200  780 700 1133    +4010305    +83         663     +6    3   3   86   -1  123   -6  123   -6   2  0  0 L3P A0
G32 FF 60303 224200  780 115 2568    +5997207    +49         353    +15   11  55  398 -171  195  +20  195   20   8  0  0 L3P 59
G10 FF 60303 225800  780 344 3105     +668078    +72         489    +57    8  35  143  -24  123  -11  123  -11   9  0  0 L3P 1F
G15 FF 60303 225800  780 435  633    -1105715    -64         513    -25    4 181  117  +13  124   -1  124   -1   3  0  0 L3P F4
G18 FF 60303 225800  780 471 2107    +5158400    +41         580    -57    4 107  110  +13  150  +26  150   26   3  0  0 L3P 1C
G23 FF 60303 225800  780 722 3307    -1227931    -48         665    +23    2 152   85   -4  124   +2  124    2   2  0  0 L3P E2
G24 FF 60303 225800  780 695  896    +4010376    +64         660    -14    4   3   86   +1  120   +3  120    3   3  0  0 L3P AD
G32 FF 60303 225800  780 165 2619    +5997275    +60         387    +26   12  55  282  -85  190   -4  190   -4   9  0  0 L3P 40
G10 FF 60303 231400  780 409 3127     +668147    +59         544    +44    4  35  124  -17  120   +9  120    9   4  0  0 L3P E5
G15 FF 60303 231400  780 377  690    -1105784    -80         480    -41    5 181  132  +17  136  +31  136   31   4  0  0 L3P 1A
G18 FF 60303 231400  780 399 2057    +5158455    +57         541    -41    6 107  126  +20  163  +21  163   21   6  0  0 L3P 31
G23 FF 60303 231400  780 796 3405    -1227982    -69         683     +3    3 152   82   -2  126  +15  126   15   2  0  0 L3P 04
G24 FF 60303 231400  780 655  714    +4010435    +51         645    -26    5   3   89   +4  124   +9  124    9   5  0  0 L3P B2
G32 FF 60303 231400  780 215 2672    +5997354    +88         434    +54   10  55  220  -50  168  -28  168  -28   9  0  0 L3P 5A
G10 FF 60303 233000  780 476 3141     +668211    +49         594    +35    5  35  110  -13  122  +17  122   17   4  0  0 L3P F9
G15 FF 60303 233000  780 321  745    -1105865    -54         436    -15    8 181  151  +24  173  +12  173   12   8  0  0 L3P 17
G18 FF 60303 233000  780 326 2019    +5158488    +47         480    -51    9 107  149  +30  205  +39  205   39   6  0  0 L3P 40
G23 FF 60303 233000  780 865  192    -1228045    -66         688     +6    2 152   81   +0  136   +9  136    9   2  0  0 L3P CD
G24 FF 60303 233000  780 596  605    +4010478    +46         614    -32    6   3   94   +6  137   +9  137    9   4  0  0 L3P BD
G32 FF 60303 233000  780 265 2727    +5997421   +105         469    +71    6  55  181  -33  161  -30  161  -30   5  0  0 L3P 42
G10 FF 60303 234600  780 547 3144     +668257    +52         626    +37    5  35   99   -9  135   +7  135    7   5  0  0 L3P E0
G12 FF 60303 234600  780 221 1264    +4612759    +75         396    +37   19  11  214  -51  260  -37  260  -37  17  0  0 L3P 58
G15 FF 60303 234600  780 267  798    -1105943    -32         396     +7    8 181  179  +34  208   -5  208   -5   7  0  0 L3P 17
G18 FF 60303 234600  780 255 1988    +5158544    +53         442    -45   11 107  187  +49  236  +41  236   41   9  0  0 L3P 5F
G23 FF 60303 234600  780 836 1268    -1228123    -77         679     -5    2 152   81   +1  153  +13  153   13   1  0  0 L3P FB
G24 FF 60303 234600  780 528  546    +4010529    +55         590    -23    4   3  101  +10  145  +11  145   11   3  0  0 L3P E0
G32 FF 60303 234600  780 315 2785    +5997486    +50         501    +16    9  55  154  -23  167  +23  167   23   7  0  0 L3P 3A
